mc σc log_fpbh
20.65071705986028 0.7845175971366313 -2.7387913042893803
17.293468700843363 0.8565921171035228 -2.6669038587606093
19.924099455270465 0.7848304107121268 -2.7198959873606197
13.585968150049192 0.749883383220945 -2.626550042155218
16.499842181421315 0.6393730221507746 -2.6067059327089126
19.15352172379534 0.7172473659105326 -2.661456973572018
20.435408886816454 0.570248876112284 -2.8016147122142296
20.642348429943414 0.6428369137654368 -2.868475762389553
14.904381164617304 0.8826722481504363 -2.784248884998675
18.281988701812338 0.7981469178261963 -2.6770365910608005
20.908737353909725 0.7263176025985965 -2.7433446802765458
16.10885948133155 0.6609641642535988 -2.7925349638640045
18.257057587370326 0.8376620601515681 -2.838507247159916
20.02923355809697 0.5760955034892233 -2.7108377276236997
18.956706377607567 0.842685250770144 -2.750075861293224
20.75559900382298 0.767262050935995 -2.82532592124785
19.059544767185642 0.7712607307998153 -2.8674760890429765
16.648883478528102 0.6251217784649542 -2.6231419718582156
19.295530915041788 0.6083709341978725 -2.8482467112820116
19.33866809516495 0.5904839651291344 -2.6765635255223765
15.354638309503171 0.717763367978064 -2.5990335340181856
16.46606874739137 0.8485679766615561 -2.662634074076993
14.08732162975113 0.9097909784858894 -2.7137396990346057
15.96845932766517 0.7565867710923814 -2.822275238691729
16.45405875815726 0.6159289974913877 -2.74397959536255
18.64003688799289 0.7506472951665595 -2.8668274914131
17.70469095872248 0.8585466047833276 -2.7195099642927008
18.25867157263859 0.7160533177198475 -2.6461821720494147
17.735533624216508 0.8659855709476635 -2.7992111958996153
15.521052861878832 0.6965957813407186 -2.7752549174658765
18.428831198326662 0.7329919789167103 -2.6582515245539122
14.348954207359931 0.7312364725324086 -2.6269298491591395
14.18545840967687 0.8796935420476868 -2.7308683540954224
15.14728585897999 0.8169082999014671 -2.6276941393088173
15.459806373812363 0.8697561148128831 -2.782817715979349
19.63649619486832 0.7225209940129443 -2.864169071760278
21.219987474968853 0.6879123040123787 -2.7687012112736458
16.676228121408656 0.6107467463372424 -2.6574007772438275
14.036984595258543 0.767959773816109 -2.704264660502953
16.90703404438152 0.849801093443485 -2.813112933151406
16.25851148145492 0.8962416036746085 -2.731349218059841
17.333307336445706 0.7180969259456109 -2.847234252954207
18.840686669620574 0.5715219653798069 -2.719794796523302
18.13059393187814 0.8305534363510025 -2.8189521234643706
20.909707521782302 0.6261316871766835 -2.824738638123705
16.250688340050672 0.6782523673732148 -2.6153129192295053
14.591758691072885 0.7227195753133158 -2.6285537313307112
14.644261295923062 0.7819105647777166 -2.620095667797484
17.24679261296496 0.6562924727746745 -2.6270237213817875
19.148534426640524 0.7054648545687268 -2.8624314813285263
18.23207128469588 0.7448069578701583 -2.6633753155395206
15.151439722179541 0.8617068828199157 -2.768643532282688
17.48356588039465 0.5959805390932512 -2.7556061040798934
18.7115742142936 0.8024047985148424 -2.7190916048032356
16.563090786795655 0.8468558976268918 -2.803679357916729
15.286200929149285 0.6744418570720444 -2.6396034111517475
15.863041121638682 0.8360075378565441 -2.7965769120962882
20.97023796131984 0.6572757515672454 -2.751202059374145
19.488063866973526 0.7602195682121331 -2.842505969017737
15.623229535186224 0.7190262110411213 -2.7832243304218904
14.00402355586229 0.7842820557292153 -2.6469746305603516
16.477193242038027 0.7847278384977197 -2.6408404425242473
14.811693420588911 0.8172292603863787 -2.763473803469146
15.433521658157291 0.6606222026157709 -2.698924737218512
20.283516755274494 0.6066171628095698 -2.7248795299746886
19.10422700007731 0.7064573080484859 -2.6774842190078347
19.107722576563447 0.7849903618287235 -2.831970728129501
20.993666117615923 0.7025182996544592 -2.7840823889943094
18.87854521705289 0.8213707025247796 -2.773691276584333
16.101398303644373 0.7302749129447492 -2.807041724346676
20.695418451734437 0.607743696918316 -2.7956432089611054
17.27061867999782 0.7614829452470551 -2.837528733431059
16.620123196215495 0.8363812404984742 -2.6804163722288945
14.51994110616758 0.7285571162239819 -2.6934587121927196
19.71722300129587 0.7609350004501364 -2.739363541387352
15.241310795330739 0.768395813549803 -2.775282381717574
15.041847128000512 0.8692076844423496 -2.682818608712798
17.560845410943536 0.7034155145872704 -2.839840038526579
15.89603680218925 0.671935619907115 -2.7591855173350632
18.891679198177588 0.8146279466110291 -2.7761551596208003
16.020263310913244 0.8657553362547338 -2.6982077281016226
16.2396948157714 0.8318333219615898 -2.7977381581900724
16.132760460988877 0.6582215942915683 -2.7592220394814966
19.631086885609847 0.6942940433921421 -2.696906540408537
17.988595747753777 0.8177295020658919 -2.8142838645121553
18.64351068648656 0.6181230784217239 -2.667786732410443
15.661876313716869 0.6753149391679233 -2.6329606658977456
16.906754660473332 0.7432013836050169 -2.63746282676335
18.28281936349495 0.7865428726551458 -2.831798126853818
17.039305774841722 0.8456222746788864 -2.7088108249251444
16.974049044112213 0.8143671723918585 -2.813985457465904
19.426240235838236 0.7330551609506408 -2.845461795222441
16.957318189281516 0.646623843484157 -2.791757022423202
19.130045144070394 0.7749862244268437 -2.725535610684149
14.5634686097689 0.8039316938864395 -2.640685413220954
18.002607518403387 0.8370552917723852 -2.7816878788174524
16.23213808682698 0.6445331871837031 -2.7436957599635736
18.64958368472339 0.6716497385132637 -2.847324357954801
15.88208411685816 0.8475107536330684 -2.7787495609936492
14.877186996953165 0.8718975059272934 -2.7017581584034494
19.317795395934326 0.5971972783965157 -2.800790134417009
17.35457181914733 0.6576929499370344 -2.636807542795499
15.451536318913634 0.692182574757737 -2.7419245032041175
16.238458912004923 0.8372899795203708 -2.6783625012825425
19.790340203791857 0.671486714486076 -2.700825338458645
18.77626557494348 0.783468762064878 -2.718815315476738
18.76554487274911 0.6919382790186325 -2.669657531136545
14.606780747982297 0.7884350221291113 -2.735756611765053
19.44540298198306 0.5964356774397216 -2.797536200315557
14.765698444879582 0.8157504651433655 -2.646712983975764
18.13448954904569 0.7754612110066642 -2.687439040690023
15.065150524596346 0.7492298761310853 -2.626883053945503
14.857269033592802 0.7796821115758656 -2.633162951617498
15.580986331134898 0.8330071737603489 -2.775962915328825
18.661269286616694 0.6138500930070484 -2.8117864617123165
17.752655528713504 0.6277111743359806 -2.8019781785852906
20.394698334330606 0.6334968711278369 -2.821870607666602
18.37461881076935 0.7958360403044158 -2.714168762139116
16.022295132716284 0.7220184519711906 -2.6244749970871357
16.779391846926906 0.8108867613263279 -2.6726444702200602
18.02592564112352 0.693957463037447 -2.8412605991343853
20.891749061164496 0.6680843963247834 -2.7801288764927463
18.985235402058528 0.6949332305533953 -2.849357865268992
17.114839465036614 0.8554357073312537 -2.757962347901529
15.426219877328316 0.8697040511551359 -2.706369905493395
18.387303785433872 0.7749534740463816 -2.6973815611268437
17.269846430176095 0.7449819830763316 -2.831014636344503
17.992392997424844 0.7569347127777366 -2.837772365023834
14.238644179801422 0.8242001474930777 -2.6979633039599666
17.775922561533704 0.6588306651794725 -2.8244501062382006
16.919532862896116 0.6266005369688596 -2.655862247837914
20.301571911830266 0.6902149679462306 -2.7343589002315234
19.088920593343005 0.6725491783520826 -2.846027784255933
19.18990875418804 0.6973292994362617 -2.6872547579647845
20.637766862091187 0.706013103130086 -2.7980495260498137
19.079961438283796 0.5856193046862791 -2.729964164312193
19.43587433492313 0.7788629595582338 -2.764143475235046
17.053285866129333 0.7804411124834916 -2.82069705890408
18.07730096132428 0.7211398922926223 -2.66119314390753
14.822377641270764 0.7528066603433554 -2.73311101987036
15.51889873557484 0.8681441984167463 -2.7331220792173836
18.270187959906817 0.7350707018112922 -2.6725659492169873
18.84052327502146 0.792840290922248 -2.8069367730669903
18.045433255678372 0.8160475584108042 -2.727204077456018
19.63330341193678 0.5905154998912084 -2.754453109329207
16.41021361770843 0.6295236740492282 -2.6887777537306055
18.631125547905473 0.7959204157496095 -2.808281677117577
16.87307133971753 0.6293084798245249 -2.7558002757146
15.198930461618172 0.6884777448357585 -2.6883766508096474
18.503646692930445 0.7489900248362776 -2.6884287313080977
16.075058053312333 0.8560097565601139 -2.706080494930624
19.788703337893715 0.7461401224037942 -2.817528470371782
18.634185038429194 0.6171838281709295 -2.8090374704097028
19.866053491515498 0.7550494011733566 -2.773268495570691
19.576943920491566 0.6414153691486111 -2.8324366993546315
20.628863120403423 0.6384311817246152 -2.800446119392097
15.523471137431036 0.7540698484035842 -2.773421895117292
16.870413360911655 0.8300490794148759 -2.7911719150381034
17.85549613525294 0.8301004727328379 -2.7690925779758575
16.856358800808827 0.6178812436835693 -2.6897912739822667
18.483255844193394 0.5897822826584938 -2.745266219957668
14.386344423269895 0.8170302574174785 -2.6968016962333934
18.326169113655908 0.8145075115646466 -2.752392847670815
19.4017695496423 0.7751248189484026 -2.7676971997309163
16.855851810635 0.785778367014663 -2.663986353768615
20.18640969615645 0.7063662455662765 -2.823424118690891
19.817355552065035 0.708969982576264 -2.7236383599327816
14.826290815375346 0.7962261927016474 -2.648568311106703
20.348174479299864 0.7182041835889704 -2.7986389123547672
15.036636020699952 0.8041904613334003 -2.650506120507502
15.961531733021024 0.6932594817269617 -2.6325161011747817
15.234169761497645 0.7032538071447587 -2.6467500999219453
18.466587609556065 0.7973044647960347 -2.804302124924018
20.556245325081818 0.66787384938607 -2.756753558800911
20.156380488859995 0.6220921157209945 -2.7359405765946017
14.56211355976718 0.7925384037393097 -2.7161758127364717
17.6184959264761 0.654410950523454 -2.648247130310413
16.6155481486091 0.7164670887508603 -2.634890336837212
20.551350352779167 0.6592707242320719 -2.755378818528693
20.527108279468408 0.6370432958670788 -2.7994070006756706
18.568122938387738 0.7999112200900848 -2.7441162196733386
19.70661673251166 0.64670412569688 -2.7053323349808767
17.643164729600755 0.6085674089239298 -2.757046366142048
18.037311344164916 0.7870379679764472 -2.7021084467923355
15.575463524986379 0.7814356360428116 -2.7751360271595003
19.319484123945557 0.7722144957709668 -2.757452781127584
15.30671028475634 0.7360519266949067 -2.7510439432500604
17.978594676838703 0.7570421241319644 -2.8294699511781265
16.15654644558407 0.7868573789423384 -2.7936104002271653
17.362766287739866 0.7295092707271638 -2.651825525365536
16.38225915434104 0.819355327626968 -2.679240983210636
20.299500819545344 0.6271819471130431 -2.8009380565128144
17.86945514365793 0.6308064053626365 -2.661313744536356
15.352318228982467 0.8546515781356401 -2.725329092568547
14.616137591385595 0.7886710654390126 -2.716276136852332
18.377821571481768 0.7547462685201778 -2.6924543463356176
20.470245216127882 0.6852915137727354 -2.761851149940844
19.73437375515307 0.6418210529399021 -2.709071052444427
15.217359058128496 0.8490936938019641 -2.6976612302370127
16.33897226057171 0.8463872884670107 -2.7122323250707923
16.647417388242115 0.6912694423082216 -2.795707332077958
16.075794305264047 0.7520654908126883 -2.6389157366360743
16.03786715337774 0.7825836284131268 -2.789205409263818
15.992769068658877 0.8541187717698581 -2.7222264943150796
20.073677542418316 0.7095933915818907 -2.8189534624216304
15.555435247693785 0.7694877097987876 -2.6410032950368993
15.28003075462667 0.7036641915942249 -2.7181176958845237
19.244514757649853 0.7342409532203559 -2.7153301925223543
19.56420435080101 0.5970548488071113 -2.759877713699075
17.93191934124193 0.6300145560969695 -2.664066104011597
15.062042256420611 0.7304612011091687 -2.64527859783479
16.70444146891232 0.6314859582894201 -2.7330970969576054
19.532871869062085 0.7424620341074653 -2.7383566380208118
14.920497915186292 0.8396258222024321 -2.6954007043957073
15.571304470627048 0.7804735228666034 -2.7707357026807884
14.574391208034362 0.8140905918629603 -2.6979690130153084
17.1181155906268 0.635240704546791 -2.6585961461427234
16.3341194717693 0.7651906787286474 -2.648416016884236
19.85902759494342 0.6934335530211516 -2.8286582190154617
18.633216452856267 0.6937633176893943 -2.6766028692945767
19.09369418837422 0.6688153535650035 -2.834294830510239
17.92425594113262 0.6412216753806963 -2.8054817976027673
14.56012629310951 0.793516325412055 -2.6985770024108993
20.407711607265128 0.6963629824107042 -2.777145945121772
17.045524184695978 0.6248919511785475 -2.744119102512431
19.85768112530858 0.7368825488485203 -2.7634725810728114
18.653399699769885 0.6345650779360229 -2.6777084256106827
17.638676506537088 0.606640025523669 -2.737594853196485
15.428904900450979 0.8295838327422816 -2.6793198519487422
19.33813249350504 0.6149473495701158 -2.8009655282952695
15.957397838323288 0.8316614499360042 -2.763979858018414
19.26604587996266 0.7708125217858302 -2.7704099902565282
15.781897921486756 0.7426517272182976 -2.6378985248431492
19.970377170041395 0.6753428481708882 -2.7267975293796463
15.455404277166487 0.7295867403580027 -2.7504769166114125
18.939308335852786 0.7441333273280019 -2.82569946774659
16.43414887130498 0.843451523776361 -2.7523376249846145
18.8074243474761 0.7888910135018463 -2.7777070745701558
15.081145330062528 0.7858596058339469 -2.7427565951917487
18.009266760454416 0.7262033791203961 -2.6705706369819353
15.449281411283577 0.7854802741529059 -2.6507617925750413
18.229253812297806 0.6160668269932938 -2.7856467234073907
16.791783177393697 0.8234716907471846 -2.781023677727697
16.373153909565946 0.6456731034273295 -2.6696438121905
15.691829751786788 0.7690745666481553 -2.772036827820819
17.344996731644457 0.8084945061440542 -2.7943206850735853
20.42557464112113 0.6430554553853015 -2.771298344880375
18.545963623664463 0.6736391179116269 -2.829791711842138
14.839865581720222 0.822770533883549 -2.7096402234906636
18.948111169869506 0.7427813354321753 -2.713558702559202
20.005193184487055 0.7100644119668292 -2.7507625877437536
14.90707759852704 0.7637058593215057 -2.6545032873028926
16.112820574550977 0.6527306574379768 -2.6842547143869533
18.505100920856833 0.7413950398156502 -2.8270417177277354
17.66958988892682 0.8076018263422635 -2.7909377053107454
20.39791308953503 0.6560318514411898 -2.7633761790752702
18.705436584975615 0.6010843167413819 -2.7654058929846714
18.74504047695475 0.7084072895727326 -2.832762559946829
19.575093976837692 0.6348411245025054 -2.813857790138385
15.729990018865712 0.6725505944760681 -2.67624735748442
18.02234797988767 0.651219448361109 -2.810712968341079
16.71639129853496 0.8028868789803448 -2.7907305909990665
17.54677838377117 0.6670097043210296 -2.8074135595235594
14.66311364216311 0.783644613887007 -2.691598844498519
14.723905441672857 0.763972266026854 -2.673697920191537
16.677350796494224 0.838164974786089 -2.746288239568844
19.947027910457166 0.7097589338456759 -2.8113313060470397
20.30916810853018 0.6858853105598612 -2.7660300656703294
19.61175362077583 0.7027628231539049 -2.825206319917886
15.108651198229586 0.7144658826657376 -2.6847210112278344
17.054109182273066 0.7365688490345738 -2.811477316821958
15.308101037957577 0.8340199923277237 -2.6956891224360153
16.07400050027153 0.6569773045792859 -2.678823252063551
17.660895614597692 0.7485332992514392 -2.6738592468156566
16.492336858748814 0.7784053780972532 -2.7939358449323235
17.351193227271118 0.7090951523006851 -2.652802570386769
15.319726544534664 0.747801396601898 -2.6457950660637106
18.463197760790376 0.5996885301502934 -2.7458806865472365
20.101947182377806 0.6410994970177737 -2.802617691609292
17.25155613738154 0.7685106656757749 -2.809824447754286
16.121085172775793 0.8263039490460508 -2.7630754143395366
19.312149274281147 0.6941670897455811 -2.706105823777625
14.803939610734606 0.8043447300548935 -2.708784571637171
15.481800233590896 0.8324246181218506 -2.694592626176304
16.661941607967968 0.8367396946283068 -2.741393535213003
17.264014041219184 0.6676117996320006 -2.797699837089571
16.456064134217925 0.7783784602454675 -2.792467240945853
16.644853992712367 0.6378102820715937 -2.6787609244310993
15.115517158795534 0.8239518618350836 -2.7239809238778703
18.002446221044778 0.6051437078470507 -2.7423495640848308
17.619486480095855 0.6593477152410049 -2.6564866580291
15.97621023654569 0.6733830049021776 -2.65782863189479
16.281426076689467 0.821228417985277 -2.6928013601349186
15.625880478778747 0.8391105763004962 -2.7244387936773107
17.33230921529009 0.8237950888588558 -2.7437223074129813
18.96343181396213 0.6001407399843367 -2.7351094434205674
19.93237435057766 0.6315191013581143 -2.736935813148201
18.742024958815396 0.6220497807533318 -2.79748766606846
19.153087945537443 0.6754256445339372 -2.8285133113899996
15.344316068630752 0.7272420899232572 -2.6491073724557994
19.35232796966745 0.7479819325047613 -2.747961072649322
16.997080317196122 0.6252798227656164 -2.6954761073027154
18.12834448373761 0.8016859506736318 -2.7486083964096437
16.428727234873968 0.7830848936689553 -2.6661087567482054
18.828165791199808 0.6047989017853079 -2.716603009637272
17.856203551023235 0.6125330075219453 -2.693669604167985
15.572327261039984 0.756273581093102 -2.647094215795306
16.2586392919523 0.7977626336705295 -2.780291041081594
15.400138819910916 0.8132815327002408 -2.7446279616210028
16.492880917328627 0.6415755013951027 -2.710075093831521
19.66458864015506 0.6638016774142931 -2.8210143770713234
16.5720156834929 0.6448927065457151 -2.671461289935655
19.06405734277187 0.7518605678093766 -2.7334569310071983
18.427850830627904 0.6079825827226365 -2.703659206750931
17.038832519672212 0.7639403338513245 -2.6684297038702813
17.28728124802284 0.8051070431874826 -2.707638642313368
17.60593355442849 0.751066432992023 -2.8160062259473544
19.540728715447443 0.6180385617214852 -2.727070860409289
17.212944148119558 0.6664662675810938 -2.792980334093728
20.305610006798286 0.6767747833892537 -2.781011446106559
15.28742403926077 0.7093709578358173 -2.7009209815612074
14.845454186658564 0.7848476744514046 -2.708159564469888
17.450959864870974 0.6151267175937832 -2.726715471250108
19.230484735555876 0.7339363459213653 -2.815798163485042
15.5354986486693 0.8079089417470462 -2.673476823270339
14.861804104887163 0.7740173042232575 -2.670752130931784
16.513617266536478 0.8179017560792288 -2.6987668589410942
17.141796292348776 0.7130191432658243 -2.8077062230350114
18.352372045936875 0.6184835961859012 -2.7821282524356556
20.015165259060282 0.6949494846736018 -2.7522882931853125
17.454643741941574 0.7482275551261697 -2.6716633941385077
14.804976634016159 0.7746536429489247 -2.6892968895692304
15.109019165632393 0.8023822648456115 -2.6741393615752886
19.339022100030242 0.6877979512252347 -2.825204706895652
18.086557730103898 0.7661392118421297 -2.810957016109991
17.232148855078787 0.6224422903875318 -2.730752777152553
17.119681437145353 0.6735516307030377 -2.7924929521829887
19.81210806846645 0.6813709676808698 -2.8162362470925353
19.947571794075934 0.6326238321464442 -2.79229678380681
14.871558750416446 0.7587120632901846 -2.6921168381795337
15.304175125052554 0.8250626450576926 -2.720471684353228
16.226632232747633 0.6653384891024146 -2.7349894733375377
18.89938678263082 0.7166290238928956 -2.702799463632771
16.81700981087129 0.815213349993892 -2.7740944253902584
16.172772633742532 0.7731154945020599 -2.780827001708647
19.505725579143018 0.634538815208199 -2.805593803186846
18.51650482117388 0.770525082910595 -2.7269311749517016
19.765146665413738 0.665495535245205 -2.726083813130972
16.70537398637492 0.7919852265480574 -2.787817133679421
19.768311253489124 0.663886404972249 -2.72612248339299
15.670190295098411 0.8316383797746743 -2.713350195483625
19.174522723727232 0.6276994487425464 -2.707096767470876
19.24371664244397 0.6977627710422573 -2.824182820477188
19.419093081618428 0.7479397343933586 -2.7800539504442963
15.107149687551802 0.802498825144902 -2.677581326654043
16.364554258132156 0.6702688333107663 -2.7513316167797752
15.549419654755564 0.7027120594930212 -2.7207631471212865
14.858469577091414 0.7790262088421052 -2.6973773059129766
19.777607486275294 0.685564098493025 -2.815005252509641
16.39091749423529 0.7864125170868507 -2.67122811456212
15.481859510309318 0.8040822727903034 -2.674129773821549
15.254078037353608 0.8036599747206311 -2.6757831297567476
14.903406144658655 0.7607266976444996 -2.6949726939112923
17.761212277252454 0.7657633220530038 -2.8090701130377775
16.410567717074038 0.7785090300140743 -2.785351730823825
15.117758185049993 0.7807961798005555 -2.72784977565698
18.201284072170502 0.7529477767148695 -2.8147684980678154
18.663625386234337 0.649243955175007 -2.813172290483573
16.459039868261634 0.8106813308428066 -2.771851070640973
19.0084427315051 0.6803184835971808 -2.6958077008547834
18.00551757101414 0.6846808801920389 -2.817869504162141
18.03263304262847 0.753513844929184 -2.6934938969921136
17.074430985688387 0.753678560856518 -2.8043801914257456
14.925637559376353 0.791387679578679 -2.7060070058278116
19.26672442229567 0.714639721568567 -2.719631045788194
18.78047201045686 0.7498769100860968 -2.721541468174424
19.944898669417856 0.7019593709427111 -2.757335569293348
19.529512999469922 0.6488149826327392 -2.7158058146001833
15.420163472716144 0.7013319929563414 -2.686413149729507
16.31538746836624 0.8164362770729006 -2.6972394749105506
15.180182903894181 0.8088369252834416 -2.7229172711558274
16.200676817309507 0.6578921773013545 -2.684737657613753
17.44556716071453 0.6207474780558622 -2.7390343584612142
17.898406619070343 0.7833315782263002 -2.797283750860015
17.547208897886325 0.7078552707919448 -2.8134007251746245
18.052699196351796 0.798669580788556 -2.753256581755906
20.15747829912813 0.6554812699482069 -2.7610821971026134
18.76161048466366 0.642360809965668 -2.6892253063485017
16.26518927861536 0.8114586483087408 -2.6910009311827423
17.612824370428356 0.8047971352886656 -2.7755839941186844
15.735342197304785 0.6901934938401039 -2.7198708480084637
18.841852287868495 0.610891145010251 -2.7719820504636052
15.35414746587348 0.7714991408971045 -2.741636130583325
17.58160889655405 0.7459821310492946 -2.676641275091349
16.66574395470429 0.8206596488178561 -2.715898617999008
16.742940113517037 0.6444348591769282 -2.674523880645525
16.221225759452835 0.6636778378190485 -2.6698324348728795
17.579718647876213 0.616027697799531 -2.7085032995353453
16.35391247911466 0.6791540020451565 -2.6525163946309442
17.701645874974638 0.7943611506399461 -2.787592317233613
16.461719679708366 0.8254197445836796 -2.750293503452582
14.928076640455291 0.7877210236151443 -2.693372352393187
15.287905169708438 0.7149798251120201 -2.681588728488534
18.298571354004906 0.6297023200538031 -2.685054233653766
16.339887269663684 0.7392956543648297 -2.6514035120182635
18.432100783488096 0.6662824023057515 -2.67811657932298
14.933194349890773 0.7800322219994675 -2.6859758187439238
19.2509346059177 0.7204180716164168 -2.725008311446476
16.14499306560443 0.6926227460974945 -2.7548371203372257
15.737873924875824 0.8174335476573454 -2.7431227878238733
15.407425173822633 0.7783009470310016 -2.7432723806779595
15.880482174506106 0.6978071502263518 -2.6538307530963636
15.27856690653662 0.7459000056549695 -2.7271406677972045
18.808424942958947 0.7706013837835579 -2.760787651760417
20.143993092435313 0.6627246781628305 -2.786742393535019
18.05526583316294 0.747039649734211 -2.8141448436533425
19.35493813468563 0.623154056009603 -2.7896527710298527
17.881859090227735 0.7580693708263316 -2.8096934871900503
18.463522563262956 0.749861844205687 -2.7096422210064297
15.906109810671843 0.6750469250284876 -2.679114927990172
17.790013765312047 0.7809711499688308 -2.709437829539697
15.130262140710828 0.7928314339377055 -2.7203307083776425
18.52096692723856 0.7512693715228196 -2.809882050547798
18.95336132693195 0.6116414741451625 -2.722687943818932
16.844538209763833 0.7499003026271016 -2.6631735640787912
15.785783667653618 0.7564176213140584 -2.76111417736142
18.36943902880654 0.6095848485024729 -2.753085390310715
19.18386905468084 0.7043970682562629 -2.8194726343648018
18.007185252252178 0.7619184305645358 -2.701791916502552
15.41498920971194 0.7136558810983128 -2.710381284786535
16.58559202452686 0.8197145821004473 -2.7561425843357483
15.415913023026336 0.8000097235229457 -2.6778542062221717
17.389014877009664 0.6235577647829176 -2.735722985604613
15.270442664399082 0.7798074703438347 -2.7323475997490796
17.964258453280706 0.7732682736575502 -2.80001027757146
15.300967802966765 0.783341448710409 -2.733791699817342
15.654583705449772 0.7801166011753424 -2.7539434479207627
17.121351273950147 0.8026111268035125 -2.709815051245238
16.25606296956052 0.7162672484241526 -2.7723793146752866
17.330255274774572 0.6353686549382233 -2.758195416343509
19.173890832870732 0.7036226102930608 -2.81886540341856
16.206512574260465 0.7727700632499935 -2.776120679832335
17.967107835497607 0.797364094303678 -2.756980442605643
19.759017083956763 0.6769596621797348 -2.8090613559585673
18.842987316594154 0.627751862738704 -2.7933107287361185
18.00979668714556 0.7877727290408952 -2.7845612830914637
17.26529600713669 0.8136174840724729 -2.7459326046710437
16.992768743244774 0.6334776936832175 -2.72557898485392
16.034560798535715 0.6741080044509378 -2.7191035157245156
19.211850840950667 0.6175121388427786 -2.7259013925193787
18.683243378889415 0.6890342793185367 -2.690060887524656
15.759401477594164 0.7616250053711554 -2.7587880910087144
18.49558335063753 0.6627288988481936 -2.813564329476812
17.46028608160337 0.8068967381832669 -2.73614118172683
17.534596281627355 0.6215246726661546 -2.739075338272248
19.091759773702297 0.6100531060360975 -2.7395403233707123
15.247168107776545 0.7381399248049448 -2.6662169476751068
19.311736450925775 0.737091206835077 -2.7962951791790287
19.418874482800618 0.7379128219635651 -2.7837663078990316
15.707566187025384 0.7281548131710173 -2.7468146793320103
19.971333597388558 0.6425686641588557 -2.7822690537259964
19.469989491986176 0.6728969310537863 -2.8145189964716737
15.659196962945435 0.7484085424156802 -2.65512790893149
20.050059730784223 0.6515236975624009 -2.7686256351314658
16.907144229205336 0.7905942303536945 -2.7833968946444414
18.47402912500798 0.6742371502520014 -2.6824857592103553
15.460205231047926 0.7893431920083146 -2.673749900718276
20.04036549467417 0.6784163431260253 -2.769353977982705
16.969753540072297 0.6559810565465113 -2.763817222375892
18.700932439406564 0.7707472533643056 -2.7669493810095935
15.769513495554897 0.7885623097343002 -2.672535930113313
15.134646806576372 0.7770204329294671 -2.677100287746559
18.906403497337312 0.7566395389790928 -2.789325676289494
17.712364005228633 0.7908953656137575 -2.7826635706058536
16.961623110058554 0.637786111935716 -2.687470259608799
16.656376009706573 0.7918492988904042 -2.778088913568628
15.37075657403096 0.7584760606704283 -2.6630243462918273
17.121743327196256 0.629852866194096 -2.7152801214252866
15.588514925197762 0.7354433801063148 -2.7399401741993445
15.282318013304717 0.742962837489492 -2.717560307015871
18.897500133617413 0.6279698448169315 -2.7062531514276733
17.50346307257327 0.6299360114355218 -2.7541653100332724
19.06135164904461 0.6282456069819696 -2.7118753952343475
19.558263179300063 0.6756824764518574 -2.725740617048512
16.114897437324995 0.7654201834358259 -2.7709350878934487
16.37957631117297 0.6937783804742252 -2.6528601343911604
17.519097774067863 0.7912947832411428 -2.783270143628612
16.009756778155246 0.8131251417694358 -2.746591127220224
19.848933701318366 0.697887798944762 -2.7614279399892796
16.51216716053873 0.650298924301883 -2.70715726675153
19.063743614390752 0.7083809533844978 -2.714013077085453
18.157022141011133 0.762659541105448 -2.801373532772523
16.13645202602676 0.698092600897238 -2.7527785926575663
16.062360890676352 0.7640976185617515 -2.6623232116976894
15.22339146627594 0.7978734247148439 -2.6942235001658865
19.181093047343108 0.6239163225144073 -2.783597688336247
17.721962697854934 0.6838913435825349 -2.8059834833987924
15.88938918456907 0.7309197607107588 -2.6538074077905343
19.450110283389296 0.7311809788779734 -2.782454687045921
17.375593321878604 0.6246253492807434 -2.718342613419091
18.793637526595525 0.6528539459394278 -2.694389703874528
15.457333117483014 0.8098444993316466 -2.705407094665977
19.241950862674244 0.685728572491866 -2.8149108502604774
15.36449872385569 0.7472675247564732 -2.6651626427308788
17.11165246946234 0.7441689207477801 -2.6699948357239625
18.396317894466122 0.7229759905739228 -2.815192763316751
19.119951751868562 0.7204325524515619 -2.725620180042962
18.621249017369095 0.6887994277684013 -2.817183243942496
16.863761083869775 0.6756818336267595 -2.658056337775279
15.78276139426574 0.8131271023143505 -2.7321862043441216
16.450683306365057 0.6909486335449676 -2.6551128841958667
19.41831667247493 0.7088455914299946 -2.7357550350179487
18.49459710834066 0.6182011929568318 -2.7668754381705725
17.73091922958425 0.6600984216857285 -2.6695182337008525
18.72686046091672 0.677506298268709 -2.6931417880404798
17.073421791588352 0.7328881919119367 -2.797832641422989
19.001073836373315 0.749994134529124 -2.785778591689855
18.391926082277855 0.6609269482591638 -2.807242836343241
19.048407306342064 0.724877006818375 -2.807665161465831
19.57188870796434 0.6503397044380985 -2.799426540269417
17.274946218364647 0.6772774643817522 -2.7896975187469524
16.342501868755654 0.7154312376161239 -2.653610677563064
15.633784219017993 0.7191351788307752 -2.6622955779881106
17.23401844802052 0.7199342400591378 -2.6645476781851043
18.349604012250786 0.6990639911445246 -2.815786292769289
18.601528584287607 0.6441009057760423 -2.799519628587845
19.784874320684697 0.6982091563790274 -2.7886986585397127
18.35965103433767 0.6883101774058603 -2.683838128734635
18.016007699997296 0.615286755122421 -2.730982567143655
18.929168317954165 0.6157620545504616 -2.7290748225480916
19.432395821963496 0.6759189816964962 -2.72277408931929
17.395357802263526 0.6778267254648149 -2.793296952348367
19.899261134041595 0.6483610310051189 -2.7753530676398785
16.70705789472391 0.6593959493173641 -2.746942526541336
16.96085098219156 0.6569856286888537 -2.759490228330238
18.236978859460528 0.7480505111641698 -2.8053361008681614
16.068187338605902 0.791214149641996 -2.7587833017603662
15.199642267120572 0.757121143831611 -2.7048976447514175
16.80296121790855 0.7059456535145303 -2.784950032845696
19.420057180854172 0.6891887981255309 -2.7267322892826353
17.180742630727167 0.6390811210442383 -2.683761311992324
17.11308556341323 0.6690040043661616 -2.6621320682733787
15.29667167444563 0.7718731511970884 -2.676541275308861
15.54272559860136 0.7203660312640279 -2.6680708496299603
19.081952915349603 0.7098997596749829 -2.7192239713265183
17.832547472640066 0.6289504601115721 -2.6910202518206616
19.152774775217903 0.6723644332854078 -2.81183894394891
18.21505692031332 0.6171307247073604 -2.7128367217291958
19.778051514637966 0.6432316051899631 -2.752146128365914
16.507731823499075 0.7108081952717743 -2.655156402854715
17.501526766819588 0.7945272297656153 -2.7712995303057415
16.28651105911874 0.7546026467020418 -2.6636111491069583
19.418898566830624 0.683384531564213 -2.80850453352851
16.305645180893638 0.6703076565745177 -2.7284750657866974
18.430477944391697 0.672240621371103 -2.8102866416128567
17.05398799562078 0.7973278696901978 -2.770896383034107
16.879971739121295 0.7077844145031102 -2.7873349420542732
19.474737320326994 0.7144068930617603 -2.7951036589365463
19.088022383312477 0.6249201615578122 -2.7232190721274376
16.784807686377498 0.7040592455540442 -2.782694694459512
17.4287717207541 0.8010695172333807 -2.745983792704184
18.252123799443762 0.6937520806581298 -2.8128416994463707
15.61461279683984 0.7041124106687945 -2.6887596312488986
18.847432598169625 0.7308356527900718 -2.805317340565825
17.011899065271535 0.7094026766378962 -2.791411357104366
16.08112713216851 0.7400306593891798 -2.7632190821397624
15.489047751487602 0.7152420822635169 -2.6874840521522114
15.855031338701924 0.761398580058984 -2.6651847847233148
15.462959031720724 0.7594998172085027 -2.669351174105437
15.347986713844168 0.7306299164344765 -2.6919203068895206
17.57300017643778 0.6670088669142173 -2.790873248781823
18.95822169538762 0.7400349167299524 -2.7951554575261532
15.4316201219236 0.7445267889877002 -2.669350059764362
16.807640088599804 0.810030978398342 -2.7321532142979432
16.04960967611687 0.7301870226955172 -2.758852013855681
18.990246405873535 0.6537526416352586 -2.704934627352767
18.239035816124137 0.7767696007199635 -2.7468369741220284
19.72343420358865 0.6992316139447581 -2.763322076122156
16.974747211268223 0.7582891399745789 -2.789778911627371
15.493127932687381 0.7634167608122224 -2.732262919580114
16.470616120430154 0.707193750636951 -2.7699437450152544
16.154682150778818 0.673465064691492 -2.711412589322495
17.598326160891766 0.6858583947925784 -2.7995185757058474
16.741245163199302 0.7846433090143482 -2.691161749192254
17.27576853167261 0.7269336136921931 -2.670005870988554
16.86873366337246 0.6697550715418078 -2.6639336053966627
15.55785938814884 0.8023561089630435 -2.7059055220027988
16.595456275284725 0.7981564313501209 -2.7631114523856173
15.813733420344308 0.7933235495950343 -2.743318362157262
18.481807074675622 0.6147705278384289 -2.735467456370136
18.001425355146047 0.6232278644012338 -2.754115436337419
17.19182946827604 0.7485428973024316 -2.795281982386076
19.607827970155313 0.6798529907132188 -2.799866701751962
17.878178515648475 0.6233845974412803 -2.70484738870433
18.307080493775032 0.7263569362156368 -2.8097172814365394
17.43302060268513 0.7082309101896805 -2.80069224536033
19.47111109639416 0.6400635202137587 -2.7874647753624533
15.283062097862052 0.7793145354901972 -2.69342634283665
15.679100753992067 0.7018790767961914 -2.6941515642960434
15.354985535479631 0.7345951614851517 -2.688095958665409
16.22691706087314 0.7360471895298076 -2.7672277517195694
17.441991196076668 0.6284642615423276 -2.727870472583713
18.198697409649526 0.7044109335599017 -2.6861625964596394
16.207596582973842 0.709695623554522 -2.7570039441484977
15.30817791189703 0.7808346730504733 -2.693602954066367
15.296218454088153 0.7528432364155547 -2.6836827080754304
19.182016951170866 0.6772373382932514 -2.715099561761681
16.476057789717817 0.6723146567786062 -2.7419941616676704
17.92733964998149 0.7860776981286616 -2.756271016737578
15.817407715813461 0.8037816139879407 -2.731040716709958
19.589582714893954 0.7005227649062765 -2.75200457832348
19.191003741269192 0.6733351964114608 -2.807838090714027
17.868633026587716 0.7872311746128922 -2.751421310464315
15.549547840871984 0.7993630942209389 -2.70682554050051
19.391308202877376 0.7240868380190048 -2.77644853246922
16.37236489064383 0.6699853923978634 -2.728418728606684
16.99924177554682 0.6538021552488766 -2.67509047512136
19.124057083393367 0.71704140670201 -2.7310995178204234
15.7302820535603 0.7881893899994227 -2.7389910415103635
15.90044530627519 0.7523731500046729 -2.752899734315662
15.622203171152972 0.7413974824080377 -2.666963671589282
15.310069017987022 0.7592493242750292 -2.685858716550012
15.4261839550624 0.7312863606101947 -2.6842650978194045
17.338222985838236 0.7632362911489945 -2.7908389952887855
18.97938461933995 0.6342094480952548 -2.7156636581001283
15.463663566890833 0.7682657069480242 -2.6782960683431574
19.782362732490128 0.660783382999738 -2.7578313674437682
18.72130712558206 0.7391660885321432 -2.7977745698373298
17.416976896100415 0.7622656001734485 -2.6941013442002397
18.830746755504208 0.617808648145713 -2.7461255588150366
16.170651548287708 0.744873309082432 -2.763938222694226
16.542642008322495 0.7152382437163368 -2.77329403365066
18.05477402413528 0.7188474455132272 -2.8077861234088917
19.086299811329575 0.6428181685206795 -2.7155743061814643
18.9588569471086 0.7128638656344913 -2.720610219216644
18.346215347826792 0.7505554648153938 -2.7961108900911844
19.033675548698987 0.6663202204218971 -2.709396178082476
17.687323306163012 0.7028167658901003 -2.8027360665867302
19.2909502054124 0.6408222909569368 -2.7883738208294204
17.567662130244415 0.6827132556856766 -2.6696053196220655
18.1148302422532 0.6583135953398325 -2.79514946286331
16.92044971874568 0.7793376264939033 -2.777014959068346
17.558078334920168 0.7806613907039154 -2.778469973347036
15.4667854866134 0.7631566440207571 -2.7231390272979867
18.210723352575464 0.6908793891918767 -2.685092658233891
18.945323766670604 0.7460937053181811 -2.7681245187163457
16.824720278342916 0.7629678559843202 -2.6805689061617795
16.087778762039378 0.7458597353308022 -2.6643763222015107
16.661757599488006 0.7246071042028738 -2.779307788632516
16.44852818707035 0.805723769618138 -2.741984473514095
15.893734241687977 0.6927825601907917 -2.683897343056657
15.872520878377378 0.8031143551959368 -2.7099669992847777
17.002468700060458 0.7983745205318512 -2.7226144870379505
17.98507004423263 0.6266543930049322 -2.754891934138779
15.60622574535012 0.7851060590866841 -2.7289059476581667
19.020832454325088 0.7196854017376481 -2.72953228359329
15.32525458935597 0.7579961524315095 -2.694449179167607
19.774233220809254 0.6599366242624107 -2.774065612213052
19.474993777940227 0.6569031810911251 -2.7328016044434613
16.93104837503269 0.648449126705016 -2.732989546132968
19.29621049434345 0.7102832743226283 -2.7408193427915015
16.21233880599408 0.6837027765587906 -2.7304814475525023
17.733912480181274 0.6373516384344452 -2.689549989469535
15.8334064561523 0.6975893368053262 -2.705470041752858
19.564007525915606 0.6549247343415037 -2.788648236259302
15.916851119258904 0.6904129706185087 -2.69524080425991
16.491578209910436 0.7782049251786606 -2.6857926726324983
16.743225563039267 0.7521103203308472 -2.7811379461760852
19.4702792520328 0.6804891001745104 -2.7979333728192586
18.598891773226807 0.759180135830896 -2.7583511073474654
19.578687084353422 0.6536408048888297 -2.7864050688444384
15.379340216289455 0.7494683178333954 -2.7015347030271224
17.055435876094705 0.6904870134841593 -2.7814991614426807
16.254283418483936 0.709679108913323 -2.7553599518705045
18.80132762644879 0.69631080917171 -2.707583020066692
18.438328493808807 0.6448621331846627 -2.7892764390460814
17.636038583556648 0.6275801645073664 -2.728990895265583
16.073200724350432 0.7434391231913515 -2.665227457723242
15.958808777127594 0.7743794182817892 -2.749992520013821
17.76717323817538 0.6724939715095171 -2.674975045505915
15.667875137176583 0.7756518064961113 -2.681956524489708
19.536473810068323 0.6739194111986962 -2.793992231504653
19.675145385491618 0.6795351959396828 -2.7562682301654853
16.62711423398175 0.7877702703967364 -2.698428489681416
17.460648451233258 0.7852272506467284 -2.7701229085981973
17.928662118567885 0.7027963406533536 -2.6816825979740075
17.147601900709788 0.7945368215777779 -2.726517982473305
18.86920886150103 0.6533138455130485 -2.7975302387378393
17.942272567834607 0.6564092166865252 -2.681570132121137
15.404541971927017 0.7661500813630362 -2.70760707958145
18.219852456652397 0.733692154880669 -2.7044106556580383
16.56002141387229 0.6738496810806823 -2.671654774516774
17.757690390433346 0.7416695607299201 -2.798470223107792
18.08993254559259 0.6372446128418341 -2.694381661782634
18.67775998018415 0.6254656938071185 -2.720236143538857
15.641997159005559 0.7513645717449078 -2.6733979238536922
19.329625186615154 0.6389411237146224 -2.735730744680791
19.45031691299298 0.6358775065037432 -2.763516640435564
19.42653890337938 0.6389455241100146 -2.7747026798597285
16.95523356342786 0.6554403479902438 -2.7452024012342573
19.21020926277678 0.627738356759565 -2.74892010254739
18.669197726020414 0.7098013750442992 -2.806358915678177
16.40811347151439 0.7889770800350023 -2.7567806997173356
15.944438899400135 0.6928513092407508 -2.707221745326769
18.594512690181517 0.680423461217156 -2.6973572565582393
16.23687548702106 0.7739287093859568 -2.681852447787654
17.085202347998354 0.7720902137217079 -2.696518442304197
15.637870780922912 0.716280991098785 -2.6946615875388518
19.549593079638612 0.677533415216031 -2.7449634858529164
16.32769674847271 0.7262720914501675 -2.66343063677205
18.39884748983296 0.6965318633569055 -2.6947052338521997
15.770762885678815 0.7952018259822095 -2.7109530453207866
17.764393382399657 0.7388482955900236 -2.6930444671081104
15.807347367426082 0.783938245680915 -2.7353668266859272
15.477587102797116 0.7604872478254546 -2.6855795145894708
17.4356085973403 0.6987900431630909 -2.67119643109102
17.078585363756805 0.6944984425052535 -2.782068860514232
18.521331718624168 0.7592968057469484 -2.7643529490726113
16.394384146397634 0.6699545036328579 -2.687114491285121
18.644037306331356 0.73831257300679 -2.7290453628303712
15.470674374879033 0.7745623264874726 -2.707433500765946
19.64492043310085 0.6863941342059975 -2.767637835611704
18.266320698887945 0.7228124504064346 -2.8038545728770687
15.75197883856809 0.7093528919570729 -2.6850876220985813
17.42013088359441 0.692157591901259 -2.7909580140590116
15.55547921626105 0.7812754361752714 -2.7135685049135936
15.724861122714277 0.7349204891778822 -2.6720052230266296
16.01990197214134 0.7560406593371515 -2.6722977920148905
15.976684599843903 0.7183400145432673 -2.7395184684219043
16.110312239274933 0.8003748710472355 -2.7234215979902316
15.900936973328244 0.7903999321350492 -2.698135271345571
15.527197483024025 0.777271765824317 -2.6975410729682068
16.168017868248647 0.7552450693444959 -2.758322857057089
17.12799643950236 0.7938550964479968 -2.7327532778666757
17.949199770230962 0.7743032861119367 -2.7400682314023532
17.58552610752482 0.7317633745629205 -2.7967860596406173
15.662364519131199 0.7254457743210144 -2.6799153737516175
15.933645873403066 0.793711157269221 -2.7051122371830028
19.564834422024866 0.6734741726710978 -2.7858302776734414
18.341624889438407 0.6222805823338392 -2.7368832047489513
18.076296102910685 0.6288418174170729 -2.7087324198793494
18.162895579712796 0.7020127159730873 -2.8042640855280263
19.60038961440977 0.6844217961859225 -2.7785341331693303
15.495296720965559 0.7696455525916559 -2.696606862350257
17.476346560789587 0.7866838405382061 -2.737090163267643
17.272571699674888 0.7018237124002787 -2.788784993342039
19.23515250910454 0.7058166993230022 -2.7401411886759277
17.883923975245978 0.6312147678697276 -2.750341372231225
17.209881690888654 0.7915011612356626 -2.7521756051467987
19.346228169104904 0.6358713623879179 -2.759464786030996
17.029824057403367 0.7628850433891238 -2.690237456869907
17.981080575386734 0.6285776979011107 -2.711140742402714
17.541117976883285 0.7412643216078345 -2.689854311489815
19.002838206770235 0.6287318621428328 -2.7622272585072247
15.790365378151327 0.7813346525581212 -2.730656801318738
18.270041963865204 0.6966235289619533 -2.69255058879366
18.71885496184243 0.7146301831994338 -2.8014410956404054
16.23038876282053 0.7190167522358741 -2.6654907060975637
18.041639180077993 0.7534516466391588 -2.716545123542922
18.136970315488696 0.6992801397721926 -2.8030985589637933
16.127905846825474 0.7963419769637529 -2.7304382896116213
17.865510314316438 0.6285926222317667 -2.7388935096408797
16.45711352149211 0.6737147676478551 -2.6814536038444885
15.59506232080953 0.7475620302481681 -2.7182195657351382
17.262755908374302 0.7500438634829688 -2.7871203377006477
17.027392321579356 0.6700626904761164 -2.7625249017528497
16.736356404451637 0.6966862138152283 -2.7674016325181796
19.241839383877476 0.6961184465723192 -2.7950851505767655
15.851328789272532 0.7039163485118337 -2.6910591085659257
18.005432386314943 0.670483844250957 -2.683575326123254
19.616380121066157 0.6674086235096438 -2.7713365168002575
16.04671372377239 0.723684980833861 -2.7438919191133984
16.24259449798451 0.7286968278096875 -2.6669813029023217
16.49190461017644 0.7045377875152251 -2.6655947145363124
15.636183504215367 0.7560791413224867 -2.6825561823003365
15.931364964249301 0.7927374430589335 -2.7199999876901515
18.53826040987916 0.7188098986282871 -2.800802076322846
19.020713652431706 0.6754354044642261 -2.716926140072953
19.10616116318895 0.7195860504685017 -2.746800917935512
19.26585757895314 0.6365991222592964 -2.765676153438366
16.13829683755621 0.7442882309932322 -2.7540397512235697
19.462873467757376 0.6687842866304793 -2.7428029359339066
19.171820733972453 0.6335852484466612 -2.743686229264281
19.393211570822405 0.6596752863260501 -2.786575855068956
17.24756785626579 0.7528749985336769 -2.6902001631140293
17.1255837222933 0.6856843297144404 -2.669406318963473
18.24385420548547 0.625108363380795 -2.741535330172491
15.786638751707926 0.7120934736472323 -2.70566482275344
19.37194949421646 0.698789244304897 -2.7506516412655233
16.4782838185357 0.747667431360684 -2.674109492549091
19.46086318034147 0.6749208348993693 -2.744941451591826
19.543748839643968 0.6865943184885296 -2.768911679382147
17.076024669993707 0.7591054916071425 -2.7796416112897866
15.622528006069489 0.7501391111027733 -2.6849551337511666
19.461330512929457 0.6549242308243645 -2.777147045673867
18.851451533220462 0.7079925119871888 -2.7988556960890967
18.638265453942374 0.6462612461180753 -2.707387861540219
18.372406645431425 0.7362859800819594 -2.793605476633835
15.833419570547816 0.7539292529043415 -2.67825309937409
18.54718719069315 0.7343360687537558 -2.7259530521144733
15.584034067694239 0.7684621202727597 -2.7052766074267662
19.460569462337922 0.6501020580145416 -2.7694049580056497
19.20109165396676 0.6349842922499283 -2.755013678538238
18.449081210113864 0.7557427645224651 -2.757910262259535
19.00374594906959 0.6644115155744169 -2.7950871986012786
18.993210057520443 0.6694946645419273 -2.796784767246223
18.10331440317902 0.641450359253085 -2.7707434389097663
15.700752820096852 0.7656448364647592 -2.689108830433274
18.668383545885053 0.7029160581014612 -2.801119076335495
16.204229692245264 0.7266784260104481 -2.7515273189353575
16.620038961093 0.7616009144708141 -2.6847281784575827
19.477931369939387 0.6869863322396733 -2.7578364589574815
16.090357103852693 0.7697487362073694 -2.746538291290088
17.898576277902098 0.7682284969386088 -2.7337883262221454
19.297186736751595 0.6561983183397534 -2.735514196480775
18.702398702824418 0.7001281368696862 -2.7121519461394774
16.353924512207783 0.6847828848146429 -2.6791424622394695
18.110408007788536 0.627731815738072 -2.73755380752372
18.510312854776814 0.7521192405655436 -2.758848667511072
16.118446474843942 0.7464199449702547 -2.6743221317682107
16.602880450064227 0.7291131550935953 -2.6706219614312645
17.566457769459877 0.665674356863857 -2.777090015537876
18.82964309994548 0.726607944214947 -2.737674360831771
16.36846605089281 0.6753696126902016 -2.7071376018856954
16.805073781664927 0.7880134270033096 -2.750934137861197
18.012160604157508 0.6667550388296893 -2.6868912109507503
18.82364480188973 0.6337491152263676 -2.7277391175773644
15.895304630572111 0.7282809352189529 -2.6759305046441737
18.14026186742946 0.7645389084967507 -2.7593037772477733
19.2045141887252 0.6442687608233356 -2.737716599283461
18.72412357336143 0.6957498405097661 -2.8002865766087544
19.448033093624293 0.6629728266870049 -2.7488182802535963
19.49672212172986 0.6835540389242376 -2.7661627878082697
17.6628113921685 0.7573322975753058 -2.7828701407297647
16.636566841170755 0.7895532107820812 -2.7168621762556056
16.190250902970263 0.7628333114081741 -2.7513130575640385
18.566869660421837 0.7176743083698858 -2.7162870372469268
16.92874315233719 0.715806895575304 -2.6714556706043626
16.531301029932024 0.6761252617763855 -2.7320518315236857
18.471514593874247 0.7313860295006923 -2.72217508100302
18.448311927009172 0.7360965446769736 -2.7255137251618926
19.362757311703604 0.6968645666788094 -2.7580183004024654
16.95705204443507 0.7888367832741656 -2.743955141060365
17.789347475381735 0.7735878075911728 -2.7544551662440675
15.7460624656916 0.724705509633875 -2.691268427159952
18.230784344144293 0.7477498715807213 -2.7837791287490083
17.907879723674778 0.740837242268376 -2.7059433129986497
17.322498561975358 0.7307626471234466 -2.6834859610637385
17.81492305264156 0.6627551726284936 -2.6851320916771777
19.361652077100167 0.6488036077444678 -2.7530708335879845
16.573555464357497 0.6873003217491416 -2.67378532569722
17.435100674392952 0.77416014515674 -2.722102699719678
18.092317118466767 0.6718645556487887 -2.6892562285250925
15.711792575400894 0.7300640041098345 -2.6940246523903157
16.881879053711074 0.7593072751318686 -2.690239711956614
16.904651006471752 0.7786017022842938 -2.7608127107511375
16.102527441601403 0.6926841524662143 -2.700561791673045
19.210760745778515 0.6466559425701981 -2.7738271165979196
18.097414499410036 0.700982762113819 -2.692916221103533
16.762362366855164 0.7576583895576452 -2.6869959448843233
16.233852042975702 0.7170575631217333 -2.7464211774353595
16.74284596290144 0.6852614657162329 -2.672989685174474
19.328973222752364 0.6633244990176208 -2.7409041314882137
17.91687611431017 0.6913303608169762 -2.6861805937389294
17.60013660151776 0.6420915947985951 -2.7475917032801407
17.75079601697979 0.6640957293166228 -2.77916076630539
17.406702692223575 0.7401567228945731 -2.6909384473438958
17.61562634902757 0.7464554622434262 -2.78627028996578
16.6096647257273 0.6943501891271459 -2.754080454901705
16.187659589098715 0.7616751456266936 -2.684414857439168
15.867615626162156 0.7792272898838898 -2.714024365956262
17.19553607256765 0.6927947972420879 -2.6737853678451144
18.164337838669322 0.7571993234214439 -2.739676274984527
18.107764309547342 0.7552171957896393 -2.7317736883017973
18.60200185440089 0.6694594511662079 -2.7051653439333903
18.04116248154031 0.6392443708967533 -2.76043171893041
16.56867681086218 0.7639604172622565 -2.7613938888890113
17.885258410475927 0.7643826413733598 -2.7333429272392658
17.337125412930746 0.7010228636177043 -2.784054393242217
17.441088487641558 0.7577424317129866 -2.7051920008352024
17.420299271447167 0.6423410373167054 -2.7320074974159416
16.846652055028365 0.7696671803602352 -2.7645551668774635
16.886945721396575 0.6878004696141023 -2.7625674437404673
17.480656487596907 0.7755451667763564 -2.759340008299505
18.673251271367135 0.6651626439809835 -2.7917461799376824
18.7223468077165 0.6689931378031101 -2.7932456854375376
16.821445291386844 0.7591323988713563 -2.7690073505476747
17.071794869591685 0.7839196606779063 -2.7478294927536915
19.049244237411553 0.7117883952651999 -2.745290383801739
17.66802000025811 0.7292593581611516 -2.7904894325309018
18.376391421615434 0.7237592216210503 -2.7933698829711906
15.921617787852767 0.7292266832012215 -2.6803777543093448
16.35126932273984 0.72433756866188 -2.7535355122993552
16.31606088737933 0.685394138954522 -2.718261024951752
15.710321246245924 0.7459357285460231 -2.695256304436657
16.211687551311314 0.7765791841398044 -2.6990484999724567
17.84364047815497 0.6445276794508248 -2.698727074899335
19.278800011608542 0.647764115622281 -2.756183730761461
16.41500613399181 0.7839515142130457 -2.7399913707433963
16.07921772722181 0.7832133962933253 -2.7200053595660667
19.192097630890295 0.6434300570584056 -2.7533280019014095
17.43935568261937 0.6729080055760681 -2.679939780067789
19.168507183348776 0.7035710610075877 -2.7493467490322248
16.276359399553122 0.7014849164138596 -2.7359237373254395
16.464996068211633 0.7372649893615121 -2.6760048932058647
16.170947829516685 0.7182077273284533 -2.6750950089131944
17.376339042366638 0.6700866603603701 -2.6803729711146325
15.853744799405229 0.7737000242696815 -2.7110534962047463
16.917044567901563 0.7630635072578323 -2.696721276451912
18.558057112239602 0.6655512309020376 -2.7053620259486073
18.266841204559945 0.6441131242566145 -2.7056571750133322
18.800851164857534 0.6405010938884232 -2.769774152223716
17.31835177967013 0.7712079507915366 -2.717503108332351
17.503257150286075 0.6440476531994679 -2.702875669706258
18.08708873489381 0.6748344594095957 -2.789959180856464
16.869240900672644 0.6953273370801839 -2.6729576534537345
15.927860901808904 0.7368183154101999 -2.729534991119551
19.27198755990014 0.6989686279292964 -2.7680691370313295
18.097081076376703 0.7604530330122842 -2.753920395215752
16.30759920203125 0.7053608146155289 -2.6758124721870873
17.526271973434625 0.6757034649577628 -2.6810696504593894
16.396972282398185 0.7592494547894612 -2.686848412125051
18.2581304948896 0.6661903353096287 -2.7878246162800773
18.977337053639456 0.6374799964463016 -2.7521554622213995
18.924126572617126 0.7205584101157159 -2.777270860319929
17.2593270292329 0.6496687322369066 -2.7007477423088075
19.37514106958063 0.6654661583794685 -2.7559412627690936
17.644322117388743 0.76929355100697 -2.7623120419927085
17.734934309419444 0.7356035036608031 -2.7879651543623716
18.97765259212307 0.6377685100560291 -2.7532744381569243
15.759982950649578 0.7561060483009873 -2.71239873641748
16.773779171583634 0.7046840848834725 -2.6729056202529033
16.024237908898904 0.7048582902652017 -2.695718153182286
16.93674386333739 0.6578930553588437 -2.701432078193612
19.214228197510714 0.652803081460756 -2.743716802648305
19.0439074902194 0.688026341541024 -2.7896105706434273
18.736573341455355 0.7288475853963173 -2.7440517152672887
18.918524478365125 0.6752730972486053 -2.791173923324712
19.187060822201982 0.6549864294131574 -2.775053299665534
17.24404338830761 0.6502338424030908 -2.7012172735210536
17.072379449057458 0.7432020866647024 -2.6877419008226697
16.934377020693375 0.7723384980260418 -2.760528358906305
18.40924229848771 0.6457867848066543 -2.77332678057451
18.399141071532338 0.6319721624630914 -2.7434997931109617
16.199193291866933 0.693494354576313 -2.6936700325606817
17.080893785712203 0.7437067962296879 -2.776501028621085
16.60105579523527 0.7134521796451412 -2.673369118945036
18.89262795131928 0.7247056170439684 -2.7578434916855032
16.89135420365654 0.6595655091500802 -2.720521902774289
17.597774713288388 0.7387928576958389 -2.6986209784156667
17.130572123960363 0.6862000816121078 -2.7691729699918772
18.9926227847401 0.7104108455305039 -2.7438084401356626
17.899681105115683 0.646982264852833 -2.699578984639027
18.81607213121604 0.6501609351491889 -2.778426558754891
16.093208424652367 0.7681187425205072 -2.6954326871504515
16.62077294962623 0.7835971091013421 -2.738807024389636
18.602039214792185 0.6635830796135724 -2.708790832659804
16.095685253626456 0.700960650173174 -2.6947895172486342
18.031166701415415 0.7200170547695904 -2.7018405420289158
18.33581989043096 0.7245061817997472 -2.7162734485791353
18.767310655871334 0.6542880295842143 -2.7175235726548066
18.012128948535945 0.6870199898212644 -2.691214053568106
18.48683828677465 0.6463958161265105 -2.7118108148860856
17.480457660563786 0.745620864224227 -2.781403540536175
18.42839522842165 0.6553513968517278 -2.7816123249381173
15.976912374106336 0.7717258477274799 -2.7038437785582277
18.746922781919835 0.6915512935249161 -2.717754069979743
17.409696839500732 0.6629008545219232 -2.6859192733924013
19.296866428893605 0.6868233598493558 -2.7727005284344908
18.09930437309074 0.7004519240837622 -2.6966639534590295
17.856500917298423 0.7070933490512172 -2.7915642533212095
18.915146070946783 0.7166228523421846 -2.778586134859972
15.897222884818166 0.7437995409723617 -2.7246951755616275
18.550837158826305 0.7404917918334046 -2.755318567942293
16.887830681463093 0.7822048197396212 -2.7298201389508017
16.05429538600775 0.710426944346615 -2.6879218271238647
17.234412891931868 0.7470145368578118 -2.695048545540921
17.053250739603648 0.7802950911903626 -2.7435180919986397
18.555491794502323 0.7245189838370455 -2.7285958295370536
17.95747154970128 0.7099681072023266 -2.6960351971933436
19.19513061262737 0.6980177586240565 -2.7561539111674076
15.801690005092357 0.7537308775468254 -2.7080855154951786
16.94155788229523 0.7331514275949136 -2.6823356199483843
15.954599794419433 0.7628820943861714 -2.7250854874491877
16.337939774853943 0.6860053175380036 -2.701681527745731
18.661371563434606 0.7148322492972584 -2.727141220253579
16.09649895729838 0.7116902636097538 -2.685261881539965
16.420417572691743 0.7817917741052633 -2.727637609809155
17.801512100767056 0.7051475431225258 -2.6906963237448194
17.71342815240987 0.7326105726805828 -2.786005022627661
18.739207886994073 0.7277948152685292 -2.772301078473512
17.411204829342974 0.6972259252161755 -2.6811122951395454
15.913186764740963 0.7659822667717885 -2.709633299728126
17.86984643435734 0.6569057795273546 -2.694502139830548
19.10436516514075 0.6885841008174696 -2.7828890528178727
18.158259044063477 0.6348073805313555 -2.730921860859222
18.964546542849902 0.64616260816383 -2.7372362467135813
19.141605815027965 0.6750630750879858 -2.7811329029313745
17.543706853506194 0.6534007765503153 -2.695463677649058
18.667576642634135 0.7288532261413293 -2.77430694676178
17.78369770114623 0.7106298805151892 -2.789013037571469
16.895637205401968 0.7281365871953273 -2.7705502585109993
19.198658448446928 0.6798037926612925 -2.7775928687192883
17.440543138542846 0.6615985140408948 -2.7595314593961464
17.311300744337256 0.6516978870970352 -2.7030735481509467
16.324323617652134 0.7313328937140959 -2.7476457198264135
18.05205444934483 0.7336934679324982 -2.7848399076156554
16.285632348184965 0.7709511804243249 -2.737051424660137
16.38495978263815 0.7073377829536193 -2.6790728034121045
16.626595959655155 0.772594659006286 -2.707857597049543
17.736167183462218 0.6401649059253125 -2.7269266056841293
19.225265844478884 0.6681597049732072 -2.7715214073799794
18.05537725974041 0.7340820669284442 -2.7842863377955305
18.931775290242037 0.6681477646296209 -2.7263952261744
18.709037638348512 0.6410012589240016 -2.731784828509162
16.432792855135403 0.6996420185778128 -2.680807766765789
16.303098262267543 0.7631155580806863 -2.695670353154214
16.58902726190528 0.7071498335386124 -2.6770851691756423
18.43407561763067 0.6362941461109013 -2.746582236747768
16.550605000154537 0.6945911161297984 -2.680513067077429
16.78026810823868 0.6813200853150403 -2.68310939237923
17.63331494670203 0.6651616959409064 -2.6894491254317665
16.387777484440477 0.7538692053574165 -2.689315128104692
17.68474946739699 0.6714950637686772 -2.774993708755569
16.264098586947732 0.7705829559791662 -2.704860969688105
18.781666941812645 0.7171044332632531 -2.778654521407492
16.10129973766393 0.7573123242495126 -2.694009683594074
17.36495396644601 0.7572868906601932 -2.769815152448395
18.84526092656357 0.6476761233570287 -2.768068759373194
16.957002981463226 0.7343757785935616 -2.770771721371138
18.501097077753357 0.6620683193829148 -2.782322535810285
16.368468669781542 0.7720918077737385 -2.7374812626574165
17.557038551724254 0.714590420346189 -2.6894641835139526
17.119213691397864 0.7597136424124283 -2.705612020359532
16.347924179809567 0.7457014969959003 -2.7481946869131537
17.318702351073263 0.6920898357345854 -2.6814441289803232
17.04028754331808 0.7210212710372664 -2.6820068333235065
18.9337259332863 0.6473986842891871 -2.7636577742605173
16.804913921021146 0.7414858242634226 -2.686838706110098
17.777782925425154 0.7393215188607035 -2.781029663662016
18.74893309155628 0.67347658067178 -2.7860989095892643
16.390665555432413 0.7705619675180545 -2.7383471202940255
18.34485000601343 0.6401590450721647 -2.7545469015452375
16.92131781732165 0.7523542100999905 -2.7651532197399726
16.247899943813827 0.7736153025573635 -2.7219504505059184
16.66505078381755 0.6750961843680989 -2.7214272542318234
18.025655411518954 0.6649982848589054 -2.696921025090764
17.587191454637313 0.765336147039045 -2.754876221685568
18.017859621586414 0.6430957799882567 -2.752353790357513
18.43326154443151 0.7040399778880211 -2.713634633015433
16.3395574068115 0.6949912712755586 -2.721192163020794
16.976524568532056 0.7019873502926909 -2.678882342411981
16.115105825319624 0.7076409233707358 -2.70452765666998
18.728305359326555 0.6876289678363255 -2.7882700221570094
15.932584033128265 0.7420152343515234 -2.715333220489505
18.704505380145303 0.6612921654037895 -2.780494720001159
18.57093223858823 0.6606875153523576 -2.780382423175328
18.261439825541707 0.6571007866660187 -2.705437007811312
18.334548337876395 0.6523024643171504 -2.709998092990391
19.035969940030157 0.7042872274435972 -2.7589168255580256
18.830498957220698 0.6591750389175374 -2.7256277007294822
16.391820663828817 0.7541604327823417 -2.691707410501124
16.578098887324856 0.7733652590888604 -2.7403120765440008
16.64773818102777 0.7087799793269085 -2.7541973646426188
19.124334582262705 0.6562385807878484 -2.7579700063963735
18.24621012904878 0.6517730401803541 -2.708352607815187
18.0202832486262 0.7374379350570318 -2.7188507472898986
18.784753261043964 0.6744226964815122 -2.7850099272049627
18.0061662245025 0.7451889172329896 -2.726771299845101
17.499500791924035 0.6567490477840185 -2.752302051831773
18.57436546536759 0.6673951619352889 -2.713079575019759
17.28977916368173 0.7150479003542205 -2.6853967394245744
16.98127758357224 0.7188294357029704 -2.6818442550664234
18.561543704802066 0.6559737239454078 -2.77604169894746
18.203426885902132 0.6960341249577405 -2.703064864120335
18.660172779509793 0.7223182510902724 -2.775231645535598
16.006304230344977 0.7490364105251202 -2.722434767774499
18.460908358038758 0.7374428089310867 -2.759963881045735
17.007169369484775 0.6834822973778749 -2.7560963966371403
18.9991823604917 0.6498978643812406 -2.754533742666953
18.813615757782706 0.699257935613146 -2.731780679427317
17.424852513074676 0.7641833934493109 -2.7584965590353665
17.363635630283678 0.6642019136641862 -2.6916151226361693
16.0067290848624 0.7403523015792434 -2.6946586282816782
19.162086535310145 0.6664886938961271 -2.764985778094235
17.83633795802595 0.6416290948848152 -2.7245272133004805
17.082777073757043 0.7329162260704146 -2.7718652885971706
17.367507193498845 0.7302816564392671 -2.6934261814027307
16.88681331807043 0.774902192873653 -2.7376960624945386
18.494572434127562 0.7008862000248317 -2.788442844259818
17.37760021653882 0.7690249077930448 -2.743725418558086
16.376639164313502 0.6980486081285417 -2.6888716301445528
18.827309285483373 0.6894005379797649 -2.7846114880364237
16.94072554741141 0.7667792875633028 -2.7126993150341354
16.782927670667114 0.7191461388446035 -2.7619008537693723
18.11515201021625 0.7254154985408287 -2.7144271239626345
17.0544681441824 0.7724638664213339 -2.728832885365277
17.07350837736415 0.6676077797621003 -2.7420465746819236
17.962704175920777 0.7104617288239985 -2.7870458439883565
17.238923587990378 0.6750533062538692 -2.6861464011162592
18.617408209583367 0.6448474218295006 -2.7607532047383687
18.286133299858854 0.6471007673205373 -2.7149694625402603
19.159084481977803 0.6827715380266871 -2.7580682104852485
17.778652005939186 0.7465827947395762 -2.7190531078835876
17.285972946865748 0.7669297101194807 -2.753314717147812
17.20939862014749 0.6822618990273543 -2.762937480063008
17.812234734562423 0.7579409584383258 -2.74219330637622
17.90935744369547 0.6581903101919482 -2.7670745992882866
19.119251826061042 0.6629156199248001 -2.7631544602815845
18.41219683325699 0.6860864041335333 -2.7092420920662295
17.24176946472631 0.7701645262139655 -2.7363514657184433
16.133210913632823 0.7593686749698966 -2.703144872613617
16.317475303927296 0.769855674242761 -2.715162019231199
16.176243612634416 0.7472851111386875 -2.7336523052819404
17.323785430382458 0.701930743529817 -2.684661313977881
16.085349005502387 0.7596453419523477 -2.7179935483517412
17.461277352450935 0.6492230620225135 -2.722826064586286
16.090538189724263 0.7379600600852195 -2.6924815420225583
17.135249551810602 0.7471720599834679 -2.7680824396530723
17.14564302749444 0.7023456341654597 -2.6825946780681775
16.239332859941136 0.7270926994321335 -2.7348322282402893
16.51160378136491 0.6927529117072905 -2.730615621289025
17.913574780277052 0.645401816657959 -2.7142971506018716
18.541627285017867 0.701230246391165 -2.7862686960998
16.831490088593505 0.7040774588114964 -2.7580601110938616
17.268043998597534 0.6607565691312585 -2.6983053146081555
18.082121095438353 0.687240133675091 -2.7852121759545794
18.046825160063158 0.7218320549528427 -2.7840681348858975
18.619051021503097 0.7265120970740326 -2.7529087014519193
16.470933054814786 0.710751766386342 -2.6827837277164077
16.643559109436865 0.6974306723728616 -2.683144912984887
16.073538674660696 0.7337715666303727 -2.722144135358757
16.113666938614916 0.7264069573301041 -2.722771698538768
16.96154958584986 0.6651380854142712 -2.721990354649975
18.380911671729805 0.7370295781382462 -2.7624753365301755
16.268249919973414 0.7493987681347045 -2.7375978457979118
17.222990318475322 0.6990449533375136 -2.683670101726064
16.063774615165528 0.7560330293679743 -2.7113017184967383
16.76519810782188 0.7433874393846188 -2.759538963807754
18.342589333264456 0.6404605877852251 -2.7388313824798782
17.962696070883673 0.6447231254166371 -2.7462663690339157
17.876156589644573 0.7495389094463523 -2.7305099407122424
16.448210780632248 0.7028384369013767 -2.6861827848720328
19.043731499810903 0.6910502893662127 -2.7694950266778386
16.176668962493487 0.7242635341126779 -2.6900760259889274
17.878111532796893 0.6528002555782302 -2.7051841632201428
16.98603299751742 0.7419635241489181 -2.765715202081272
16.47702407398655 0.7414760477916811 -2.6888059745529524
16.973823370425976 0.7135647836614216 -2.683082233076716
17.02116769144135 0.6636805966850691 -2.723629312539122
17.119749218379184 0.7309970561205377 -2.690683355930108
17.432056597502513 0.7081859289217836 -2.7775135761741403
18.235078811140397 0.7022172858559448 -2.7867425543296593
17.987656641797475 0.6803143403828151 -2.781076537681237
17.11604051439497 0.6718077125199231 -2.7471656583327566
17.44948158190666 0.6820880952032459 -2.769471129382225
17.25890844007317 0.7398474569017107 -2.7712724443494077
17.08926468951104 0.7083335037810417 -2.68378397230276
17.81610145420637 0.7411444918008014 -2.7740135499882275
16.56419044089172 0.740438076376665 -2.68928524746429
17.42226230826654 0.6590936265001966 -2.7462370206543936
17.57306290481049 0.6898867508791582 -2.7758178615151943
16.260251933432997 0.7275042388863365 -2.6885916413201913
17.98581725644673 0.6942381894215043 -2.784056963281845
17.2329424954287 0.6597576841427221 -2.733695254145029
17.168593416673936 0.7682758985843955 -2.739364199251633
16.32908259717205 0.7656471571783257 -2.7151341936185505
17.136317786514418 0.6598661177111029 -2.716940986572205
16.17359002232253 0.7449471597094774 -2.729085909962188
18.74765733513904 0.6474176189532598 -2.7442667721459957
18.5924313511634 0.6990297589772854 -2.723856596740724
16.8908813436832 0.7314907713630339 -2.7632235124328264
16.51306568544541 0.7162176221879412 -2.7450401185641744
17.17880921838519 0.763414548430881 -2.75250977652061
19.068177476377407 0.6693287305108868 -2.761545660448931
17.24300992490784 0.70547560172316 -2.6861026365814116
16.488523365208167 0.6911952724349001 -2.7197196530358423
17.714851290026196 0.7094946745525628 -2.696516236401738
16.694143133449714 0.753391724751185 -2.7515949172743506
18.048817283805235 0.7411546183777755 -2.7319846813990734
17.735511889658923 0.671423279933582 -2.6949450045819026
17.518490406366865 0.6809256985264748 -2.6899023000692557
16.440845505053638 0.6967639336289408 -2.722929309714698
17.751248783801977 0.7077676520467109 -2.7814688240513687
18.04714008889257 0.7387850417027242 -2.7287966949804785
17.238726009889344 0.6582617959757225 -2.725388865684856
18.01850187177292 0.6717599127108446 -2.700522258519227
17.85155027789154 0.6470095753496898 -2.718467564875353
18.81651831985858 0.6999047629032686 -2.7400379373327537
17.012688515601766 0.678108737486367 -2.745675404062346
17.12188708452129 0.6735546954886438 -2.7468969746484166
16.34289555779203 0.7117404880150602 -2.729266424317051
17.10002918285276 0.6763456564536973 -2.7485301827733783
18.8311130619617 0.6685778113804431 -2.731891855273077
16.429475321109702 0.7076682369472082 -2.6889189149472728
19.04565335733149 0.6741227707376583 -2.753363329010191
18.64697797152286 0.6975889201143294 -2.781066010904409
17.689155386238205 0.6976110841379407 -2.7788334716179763
16.866394009972552 0.7049771462689911 -2.684007149981615
17.578211594343387 0.7533207576964865 -2.725289498147183
18.30029676932581 0.6999932581999563 -2.7126733494963373
16.53378250801557 0.7110034155279009 -2.742164688965027
17.04785910027543 0.7291760432160437 -2.7663533789989634
17.504868335592064 0.6557262535653248 -2.740846201310249
16.94032258307977 0.6692313543488533 -2.720462820838039
16.27495218303948 0.7069048486370266 -2.708245776030568
17.234806015494037 0.7455885893225834 -2.765619379152101
17.532237851874243 0.6515752552316548 -2.722251263082523
18.342420323317228 0.7022377867182259 -2.783382081878341
17.706042150746217 0.7459132087741646 -2.72197761713241
19.011013141880078 0.6674979946372576 -2.7578891485623203
17.810657455962154 0.6690461675241209 -2.69819249472103
17.19531877368123 0.6710908437889548 -2.694566976622624
17.706476034706597 0.6634964227515796 -2.760621251219203
16.279256549387405 0.7348028995265429 -2.732479750099928
16.828648590902453 0.7104690021584401 -2.756103223963401
18.97418418537995 0.6842730719226799 -2.7481332391579016
18.305047130642116 0.7215754128277742 -2.7268029921531447
18.750514902453887 0.6874141315100804 -2.7305786464831763
18.299220999739283 0.699299945223955 -2.7834493702962675
17.136465991292155 0.7373038916789701 -2.7662792850267595
18.477345883537122 0.6821332986129361 -2.7162187502421684
17.694367285297226 0.7008646734339423 -2.778451175482621
17.14968309265308 0.7630572693977853 -2.7464610043733497
18.83563268056935 0.697742634812919 -2.743608482867963
16.86027659881451 0.705820045612427 -2.7553650379072927
17.696437504916638 0.6594173262155396 -2.703092920187518
18.24077249700567 0.7363380483493366 -2.761183785089731
17.609046284137136 0.7068959513153686 -2.7774673012281292
18.653864630604367 0.653770105570466 -2.732399910147101
17.989236793851575 0.7220226372066096 -2.713378019059704
17.7199343332311 0.7071517081164094 -2.697991910195551
18.112678566670795 0.6513085230571659 -2.755587917792572
17.11244062496067 0.7507281827525611 -2.759433828893964
18.253057782416676 0.6730009637327408 -2.7087085462633747
17.270614589664156 0.683648121126936 -2.760252750791428
17.58293069479138 0.7394660709874287 -2.7120900079894055
17.465583120506636 0.7313589053453631 -2.7026582778160995
16.36407417386588 0.707886779510009 -2.6961018826081062
17.127102979616524 0.7247642234141813 -2.6921633331359445
16.347160978489807 0.7239447866584849 -2.6919868495920394
16.808249746802325 0.6821443030338382 -2.7321511764779016
18.673213746195387 0.6793723119579431 -2.7261401096998163
17.005083267941437 0.6807789581583631 -2.6920482323773633
17.96543669139501 0.6472792149949684 -2.738289710505087
16.972849965046162 0.7089358231179479 -2.760001451838649
16.69940517744224 0.7594927554778352 -2.711283133632276
16.963548873933828 0.6712188905583344 -2.72465378413876
17.909774475991885 0.7150973466087704 -2.7073318465803142
16.608776225520998 0.7105438900044154 -2.743469284036375
17.665525913744617 0.750415129623009 -2.7587715550186074
18.090437700848774 0.7377673952837548 -2.7644893137798916
18.4503490718818 0.7255638774954852 -2.747629229585186
16.550895392777 0.7076681771607456 -2.6892643913149903
18.93030444113442 0.6837907215125332 -2.7476906773300858
16.550672857761388 0.7347035228196946 -2.6921336877418955
16.92609482249933 0.6913141716331104 -2.68854134294598
16.55403211657645 0.7326387875297243 -2.6914362398055216
16.57198260247187 0.7156062910156301 -2.688305159773587
16.3574110198951 0.7047641504634061 -2.7101147155072702
18.01913060395153 0.653644477508375 -2.754897171607754
18.66910110720412 0.6877044940080843 -2.728709430015796
18.673191299660225 0.7135437591710092 -2.756385051522205
16.516578083438887 0.7553342876441418 -2.707374682109359
17.611846438561308 0.6939445448063579 -2.773676924301128
16.36722229614974 0.7141755010358521 -2.7265787087962354
18.473618333957614 0.6521048663996413 -2.7573119998160385
17.041652206799416 0.6927084266568443 -2.754930904667285
16.442013709691473 0.739863619024837 -2.696011460280146
17.024461668264763 0.6879097118620191 -2.7506766009596864
16.859495698244856 0.7596619784735011 -2.716258660142899
17.362502378443768 0.7189340046818833 -2.7711536195587128
16.254866112747735 0.741870106098635 -2.7238907504661527
17.723500165892546 0.694930880497562 -2.775679707193796
16.89067184685422 0.6963786699494046 -2.749431492857331
17.787877099309917 0.6761249804404926 -2.6988284577965436
16.624668321396157 0.7493616141637965 -2.743797430504544
16.523440604368822 0.6997476566538335 -2.725935861173662
18.52450621582698 0.7138745849337641 -2.738452207787142
18.16268472374079 0.7248052740637467 -2.7730426486142044
17.394471360444214 0.7286755670491231 -2.769986449754383
17.590267359188694 0.6949678798683382 -2.6946578431285064
17.199246749861203 0.6698840782803238 -2.739888340910423
18.08390560246345 0.7388614622665761 -2.744012176014656
17.248296519229363 0.7038531844224734 -2.765987658568035
18.11843186956238 0.6895075682894913 -2.707363887419688
18.17737142236055 0.6488905896986844 -2.72884066856651
18.752639017295884 0.672919444297407 -2.770249564124633
17.33720059482088 0.696547933948805 -2.6910908968267027
17.623309159378678 0.6967213947018641 -2.695815755897816
16.263338223992093 0.7292164842533994 -2.702492464972453
18.421862966204543 0.6992983587829864 -2.7225470824892035
16.97948272517127 0.7165735369890706 -2.6902606424951534
16.74630193946779 0.7474779783795967 -2.703106707106879
17.26473678918584 0.7410571489741958 -2.707297491531123
16.793676368934406 0.7191372381500525 -2.7524621543562566
17.000974656095742 0.7489420924153602 -2.7537204775363344
17.690263174936295 0.6899925184591974 -2.6972413436649187
18.87784375131751 0.6830309622757664 -2.7501450232251137
18.514348934830615 0.7106010624261544 -2.7710697805445044
17.07320125585909 0.6693557971841482 -2.722065130709561
17.512687095007134 0.6581498344064817 -2.7143616161291613
16.537540861017035 0.7073078581615704 -2.694017051857176
18.094393576269848 0.7343752722619833 -2.7373380251266544
17.696857580639605 0.6864984455754367 -2.7708159523984723
17.442817531269853 0.7427521012795711 -2.762850768540446
16.669860701261527 0.7183195634271664 -2.690995303193075
17.46995103561308 0.7538831735804776 -2.736711630135762
16.562812830749486 0.6955229481161052 -2.704739884621823
18.82051925238482 0.67376257918155 -2.7431806658781674
16.459403511668825 0.7113185481456846 -2.6970408520466935
16.74998990807707 0.7105005296056761 -2.6904139802855855
18.484021985300966 0.71723631300096 -2.745062640879871
17.707108757182255 0.6607743774124673 -2.750005120170872
17.253444617494686 0.6876293626855351 -2.757569005418616
18.651895438866603 0.6566774938358662 -2.748502276806756
18.525183281719148 0.7129942123703604 -2.7660181798775287
16.33693003434277 0.7430949954210612 -2.722859604641421
16.752221273631257 0.7052129144017145 -2.691045638068114
16.531987832830644 0.7025291545733975 -2.724910267098873
16.30663268097149 0.7238508263981428 -2.7053849613390764
18.713892969523734 0.6602877761078366 -2.7536685308345312
18.01338299022766 0.7244200479250709 -2.7217376278637655
17.43357089583419 0.7346434580226935 -2.7086029156852724
16.307113573081338 0.7220840330063536 -2.711620005365335
16.345590891558693 0.7242696977661047 -2.7016684182612547
18.488794136931674 0.7174042133526066 -2.748582848922714
18.761703480057292 0.698121930864009 -2.7572999091020183
17.57947334984369 0.7504381247002926 -2.7465113911713335
18.80034913676434 0.6906714421194929 -2.7613923943498895
18.788488900128513 0.6801023635179327 -2.7429059991955267
18.52947874023406 0.6970986589867277 -2.730141009683492
18.47421212355284 0.681524733983909 -2.722581383075445
16.416624313842295 0.7138928296445839 -2.721318887188695
17.49135899663586 0.680282352820942 -2.697134070828926
18.080836581080398 0.6601773125250638 -2.715524564925108
17.75831218126562 0.7277988941834742 -2.7150049718817395
18.185329510814146 0.707861539390213 -2.7191201100921933
17.919809200362153 0.7250932433607855 -2.7707162532953458
17.408914507014195 0.7468407244497521 -2.721975960384332
18.43709066169547 0.6553662492612692 -2.7349248775304016
18.005276713238423 0.6628076366177057 -2.7590112002713694
16.78525047958499 0.6847887014190474 -2.7116955897689046
17.692616753492665 0.7094387716108298 -2.7035509110873956
16.675271950348638 0.7542132858512182 -2.7310206687154777
18.640872810322687 0.6760942548224068 -2.7328671392368413
17.506787002480387 0.6825896102688529 -2.7613854692859356
17.084938408877388 0.7516056671535737 -2.7474347596263575
17.453374439990682 0.7075790722423748 -2.768392171945903
18.1939137045291 0.6734588700636689 -2.7697547730324787
16.363236990376485 0.7243410340030477 -2.705717331973707
17.88296385352416 0.7290598126337103 -2.767784017483973
18.67463050594516 0.7020916451672814 -2.7571246309084225
17.283657526659603 0.6938269542342197 -2.6939664871554827
16.914792467489406 0.7391275825028685 -2.75180977427987
17.664570992202748 0.6635189283400831 -2.7488316772888846
18.312770350488268 0.702762958555158 -2.7231715155145833
18.324319042431856 0.6554056096163884 -2.7305000646647644
18.325669479251992 0.6618691238231178 -2.7229408907262753
17.647395665345925 0.6674394383688242 -2.753082869132971
18.266240647469974 0.6930146667780804 -2.7753108403866453
18.224110729472642 0.7189135044891306 -2.730801323230331
17.91595575053816 0.7386784684075537 -2.7534313881612995
17.236985793293762 0.6837255370220852 -2.751477791106727
17.78563643520279 0.7268455715879123 -2.716760419686164
17.76663805747598 0.7436946131053174 -2.743391633750859
17.135277004259095 0.7097873539012336 -2.6939306233639115
16.782290695779707 0.7014879884822272 -2.740307395307507
17.628892268490755 0.6649613768721948 -2.7485563251557457
16.5134677550666 0.7362238879040193 -2.733762232041327
17.883317119949055 0.6756271419413523 -2.705649954376479
16.855052519383058 0.748893052046304 -2.7435716796043472
16.405881563927657 0.7280736461128661 -2.7039595472187354
16.428174224348055 0.7353299044656261 -2.7269503024422335
18.70357448291369 0.6965185919730312 -2.750716099413715
16.772139429912627 0.7331900142727226 -2.6992049182835522
18.125529735107808 0.6656771478780806 -2.762476442235141
17.242388333604303 0.7141768576266664 -2.6965114098944163
17.734856571074594 0.6968456041621083 -2.7021076629143
17.08891162248329 0.7471487774167146 -2.7144787816034577
16.498401093881725 0.746195820202964 -2.725963595640096
18.364755167709962 0.65962001565165 -2.7278863671842952
16.65673285110753 0.7460742092970634 -2.709051201098927
16.57721752813142 0.7330013872625017 -2.737494760125858
16.647043535569473 0.7050278309020169 -2.732460853836443
17.05761437708996 0.6753741801228176 -2.7095719092037367
18.381699978224148 0.7124425559282194 -2.735991823887909
17.103580485973602 0.7367401527332815 -2.7563422812273775
16.56294605993152 0.7010586760363585 -2.7116514114264714
17.289861261957906 0.7018395480476908 -2.76178064715008
17.643667854240462 0.7446228302933863 -2.7503868364217117
16.51919020128957 0.7476218990980406 -2.721800102476613
18.625973785231345 0.7006849224216095 -2.746928230671122
17.89480830567709 0.6563332762221756 -2.723145038818621
17.479458485479448 0.6619996847598456 -2.729610479937441
18.470411930386973 0.7084113568594319 -2.765580012297856
18.63671376585204 0.6967837385619391 -2.763907585265743
17.59545139392636 0.7339094023562989 -2.763400621014882
18.099064622781373 0.6766623690681128 -2.7686708443147543
17.468957031612064 0.7470841136922901 -2.74916770846918
16.678368715042616 0.7328854223854353 -2.7006276933826445
17.187107824961352 0.6750113253021566 -2.736685668098589
16.94296007117422 0.6958489349282376 -2.7439912408049865
18.45027827729622 0.6742023411157858 -2.7673328689940755
16.526754414130195 0.7322001508706726 -2.731881272573276
17.634076304645326 0.7435314200164673 -2.75006667645358
16.408607838117984 0.7282149097511116 -2.7155879216349854
17.620443815970066 0.7306188433027151 -2.716126712053917
17.34716856490399 0.6998781781578143 -2.761698647063868
17.917180242515318 0.6763771899808833 -2.7082431686932242
18.29839776116381 0.6932484745818772 -2.772322411878533
17.44308491667409 0.742934471786334 -2.723872037493911
17.059648848898856 0.6847150656612303 -2.700670112536777
16.456256139271158 0.7375027731790608 -2.715691198925639
18.181437114411064 0.7221816386457109 -2.737216920605288
17.59290762753851 0.7366836882581993 -2.7590015151200067
17.525604058214768 0.6660212553277584 -2.740594570003566
17.7683868744547 0.6964961216236542 -2.7695949936908297
17.461923076229304 0.7033090683816702 -2.6996381410681396
17.758804101121157 0.7372016939133039 -2.755775303078325
17.803911999471524 0.7055235242378173 -2.770744934491436
17.22809105395228 0.6820882091673083 -2.745978283016054
18.205946192833167 0.7093566545746187 -2.76987045441454
16.49956984882028 0.7301865158385105 -2.706293766366965
16.999693304613004 0.6922787484656943 -2.742532849555245
18.025394218448504 0.6586864575254986 -2.746299022621219
18.40269202728902 0.6940444387460444 -2.7279550508520414
18.092397932858972 0.6909137908583661 -2.7137445100372406
16.4801492130555 0.7319202607584704 -2.7091907614302677
17.352583948112322 0.7315087484082274 -2.710016940456806
18.464095987221867 0.6626538155566752 -2.7520664008457203
18.430378784385752 0.6940012571056626 -2.7300140311534626
17.134642291006642 0.676911951348648 -2.7089276966631703
16.895582541071555 0.7474998764976035 -2.7387667152640818
18.561918671286353 0.6931094992800335 -2.7391416254728695
17.261507733958943 0.7266619497079094 -2.7593263318242442
17.49858192440206 0.7448268233090717 -2.7352306190019173
16.675081599064555 0.7096607726384637 -2.7003142540363507
17.12522148394566 0.7484512267818272 -2.7414145689022114
17.017471383612545 0.6799833026977081 -2.7130362531777474
16.725087724428604 0.7354106517914472 -2.7393313376855346
16.82022531030711 0.6952895461620657 -2.730939590059044
18.226023229615357 0.6603099842636595 -2.7296936002337593
17.584647468282576 0.7379333999788813 -2.7259683246931043
17.0756189981905 0.7492089838216894 -2.7282115610307276
18.328556451352455 0.6598517738940405 -2.7371496311586467
17.1541431474136 0.7470501635003831 -2.7242979610142855
18.029716481022668 0.6923708766669073 -2.7130742975331126
17.890657432706362 0.7314979359557914 -2.734560664465505
17.233858350186047 0.7111230778413502 -2.7582692627191383
18.64312423685616 0.6843898354335943 -2.748589707101292
17.50107843611427 0.6650654316822485 -2.722609739949754
18.258485499345227 0.6765019686778169 -2.7652412178474552
17.395129566024604 0.7436653008117942 -2.7469360025897003
16.94487516691828 0.7281630228763609 -2.703106535823532
16.5879621060669 0.7155726746725429 -2.725693025232901
17.840515596148663 0.6693654745147587 -2.754224768664267
17.239694039588258 0.7035790585756022 -2.6988263567987483
16.832733826487736 0.7409554250960836 -2.7390914267402158
18.125164660288217 0.664650650251028 -2.7232255589384673
17.967968669768172 0.6625712372987907 -2.747391969226051
17.236999241949178 0.7115560424976799 -2.7576710700248537
17.310633335751643 0.7146202571085303 -2.7598254390246355
17.95860021971095 0.7282159509267732 -2.736192872675103
18.39440664599093 0.6627697007789782 -2.74416738637546
16.59699094983398 0.7140765572979384 -2.723951110127631
16.704429585516735 0.7140940963509985 -2.7018345582483105
17.40926714369607 0.6943998220710298 -2.7581982023434266
16.623862033591728 0.73930090972153 -2.725051407793976
16.745602175947667 0.7203472989038752 -2.7386101580746
18.38753374283681 0.6665186785669633 -2.754310479075672
17.699867676357023 0.6988691614473164 -2.7063027713421546
17.533400009917997 0.7216176000879861 -2.7625956875271545
17.401568144345 0.6692295333669459 -2.7190550077275693
17.1559167920511 0.7252678038726289 -2.7544524653133173
18.55882789093866 0.683693991225465 -2.7409591398525794
17.394951194566595 0.6752734680914952 -2.7419652225697964
17.9877054113606 0.7000596122567968 -2.7155878736769203
17.646612641271872 0.7359628742643326 -2.7517992197807346
17.877519219801588 0.7320176338934876 -2.746303809229791
17.595276153560157 0.6695260366452687 -2.7432048985900153
16.88743524929335 0.7043643220301706 -2.739462720388836
16.704851962110766 0.7323047955891859 -2.7090863350013494
17.46977409278245 0.7391144668301262 -2.7487006345662923
18.431801114249993 0.6825978836290151 -2.7324327574610185
18.467222676448444 0.6932908346677107 -2.7384512454955843
16.915215558913665 0.7287056427495174 -2.705822714487919
17.864246044889974 0.7300849449758811 -2.7362446434635572
18.152342237801474 0.6613766175785589 -2.7357697633521614
17.526530020848735 0.6753869064351478 -2.7089797065559815
18.39456886894989 0.7068665012189151 -2.751451504910226
16.81488347552036 0.7320512489646859 -2.739002782209872
17.09265364224084 0.7220948552848419 -2.751540046684428
16.87475192641521 0.7213356844775344 -2.7430766433019715
18.52525720186916 0.6928587318951027 -2.7544573495166444
18.333600221005533 0.7077192390673086 -2.7582699736781127
16.677934610277994 0.7368069601838516 -2.726189804003983
16.7387885979076 0.727565205295322 -2.735491494576186
18.17077015104135 0.7192283729028323 -2.7486615938584533
16.839786694934368 0.7178639969120109 -2.702761095125089
18.49787023937852 0.6753464965913423 -2.7410415296085326
17.46094567457125 0.6880346056390707 -2.7544540729949105
17.689063619716663 0.6671232966842688 -2.7190953713167083
18.522079772928613 0.6879980296206822 -2.7443369227713754
18.312655231331526 0.6989586976875076 -2.732202218328281
17.257851357773454 0.6886966867388157 -2.7033877753274025
17.73910937721469 0.6780322203046482 -2.75570339194939
16.94715808238346 0.7239759581493863 -2.705302592937243
17.42876150476808 0.6879662830541415 -2.704440450052325
18.08357355515112 0.6754008679618593 -2.7590244291674235
17.120098487903753 0.719266292493851 -2.7510697353331626
18.47653065802701 0.6948234228372226 -2.7527114448502923
17.27131077395486 0.7272415453978605 -2.711428703968224
18.517287141613764 0.6812171409475419 -2.7486132293813235
16.869964849355195 0.7342136972562712 -2.7377620963349325
17.219778424449277 0.7130338299850336 -2.753713375476797
18.436468155732992 0.6729379802858333 -2.742368746322568
18.435045990012764 0.6728558544992218 -2.749277963413956
18.41500894176044 0.6968958457866404 -2.756924517607271
17.01597799268834 0.7154322744178269 -2.746354773875667
16.82492078090354 0.7174405244491416 -2.737105586370456
17.894985576277236 0.6705595521933226 -2.7192489382498177
18.22068750251325 0.7109177556480853 -2.7563149135641036
17.59698150484301 0.7132745636798534 -2.7612036378222804
17.848290026350725 0.7276368581341925 -2.737100018611652
18.095784338299143 0.6732759064838922 -2.755901754132105
18.437414006338592 0.6788885072509024 -2.7542347277866703
16.824148304925437 0.7021127661484993 -2.726684712053543
18.06676100204372 0.7183604146026271 -2.7545723402995437
18.175329788190655 0.6759994688351884 -2.7247712607353343
16.929707144554662 0.6981555199125443 -2.707196043883834
18.372560003391 0.7003813227539923 -2.743419172058175
18.32824597133308 0.7040578850156003 -2.7436854355593967
16.776643650782024 0.7262428308700429 -2.7108086734465218
17.787569124134986 0.6784724468649262 -2.7135908510088083
16.97531607155718 0.7264733472962697 -2.709439342551655
17.240332326810925 0.6823809434739514 -2.711882603191139
17.222545752921384 0.6905431102040454 -2.743134985130624
18.011592204081996 0.6973040016253523 -2.763758358563001
17.18431510113724 0.6814575971459149 -2.7254169413719067
17.686414356713165 0.7012201494580071 -2.7112247126411857
16.947424814052702 0.7036234609052051 -2.73598682198096
18.198665648008912 0.7053673453564927 -2.7350890653482836
17.839105814036344 0.7257519007692538 -2.7371180281350425
16.743070033224676 0.7115617254986386 -2.719188729327098
17.338992164563415 0.7375890682402536 -2.736859079863226
18.1493817042945 0.672039027060535 -2.750725732372021
17.07356481414152 0.690726895766924 -2.7113061234556253
18.18018066137905 0.7112435397743803 -2.7492357195546955
17.122953816435796 0.703795299159544 -2.744789985181857
17.032804563161683 0.7355436145120307 -2.721365914100117
17.385886145915094 0.6984094861911314 -2.752596711307526
17.837878539144462 0.7141395749006013 -2.723382886781776
17.197902447558377 0.6912198606941885 -2.7400296180775583
17.14891409942289 0.6955841975468273 -2.740647475662926
16.77696370994144 0.7260439277818117 -2.72001303569673
18.01116134855524 0.7145981792599657 -2.7348389141744596
16.822604515398947 0.7090307464977322 -2.7249903169382126
17.065524198029898 0.7263051823126114 -2.713352139940085
17.672349932604902 0.7101487931333303 -2.7159889068074454
17.953685162290814 0.7140066983795009 -2.756075596956366
17.104840369312754 0.7151820163300835 -2.709134077091411
17.80356533437058 0.7042204624401762 -2.7592794443292847
16.96224468565335 0.7143909307782459 -2.7100131036733637
18.176618365777934 0.7000364839806502 -2.7565394895808844
17.63219480102663 0.6756705655458235 -2.7198483319480506
18.21215870288979 0.6758853304378274 -2.74868990978863
16.82637338394212 0.7167702184555598 -2.716031728053055
16.948746524723525 0.7315465815123144 -2.7272871262924334
18.24217639364758 0.6752688460725956 -2.7408411780000126
17.510458686262943 0.7310879558901124 -2.7366437881442027
17.268504006073698 0.6828215268717354 -2.7233072949109074
17.41093366669302 0.6902615029807526 -2.7464123889901906
16.913690907547704 0.7264966938021731 -2.718218267967541
17.02457748960169 0.728483246987491 -2.718437284980644
18.197640248320127 0.7038770528057138 -2.7494917848718465
17.83598172624121 0.7218321094542012 -2.740022311736169
17.261181793724376 0.7332973502584341 -2.732593351706469
18.208439975933672 0.6922355142630816 -2.755468979750603
17.43415918322367 0.7221596057038946 -2.7501791221946563
17.768037704209767 0.6727297913428174 -2.737031678748341
17.1928730042452 0.6888074391653434 -2.7304291876956683
17.716064066945442 0.673886193804896 -2.726092001599068
17.464148031781278 0.7302084686895673 -2.737783994562329
17.808722865244906 0.7047290644987261 -2.720897827592607
17.372829590200624 0.6935192388919086 -2.7455989700023244
17.965507930234345 0.7139427725572407 -2.738081262388881
17.413165243401764 0.7022816180652126 -2.7499668594966584
17.622197189986963 0.6985581933355993 -2.7149153889787137
18.074851535942727 0.6901777500388094 -2.7548488835050646
16.99963049606864 0.7036020158056351 -2.7284853495650228
17.93271085367909 0.7095256328951306 -2.731370261017177
16.94803960156179 0.7236611392152342 -2.724390033867895
17.579317467664943 0.7124016120382174 -2.7529081327174723
17.3178004289177 0.7246421921075857 -2.7218326941560314
17.701878038592245 0.7164945030927995 -2.7514586592076657
16.97858097312816 0.7045595988306163 -2.7239469369836313
18.088501955900433 0.7021129917313862 -2.7513457481374015
17.092498671695807 0.72409144228293 -2.7203591794319952
18.101135694142677 0.7032416469552434 -2.7480978311829594
18.02859929950091 0.7004776725858888 -2.753611975459718
17.553681727779747 0.6879939582533564 -2.745751059270326
17.14683966205989 0.6940275290519228 -2.7261332928982145
17.421217018001975 0.7226424413270163 -2.744638615112582
18.0901745909726 0.6870563531982601 -2.7323538854951064
18.017792026754087 0.6772288725034437 -2.7383703564249355
17.892609771372513 0.7047856378375652 -2.7279408214973833
17.987510051075603 0.6772916322528223 -2.7395571206905993
17.646290991728875 0.6783690813418164 -2.7335692337800115
16.984757218137403 0.7132845758055316 -2.7213593842514303
17.99263852474933 0.6844913097843809 -2.749187072189195
17.589701728997618 0.7166367201946037 -2.7482861062669
17.087883351188438 0.7057814954650703 -2.732505905078669
17.57550627488112 0.7208372335627881 -2.7429736057286394
17.698629989814197 0.7068134697647843 -2.7227588902982616
17.334462622955492 0.6928862512513861 -2.7169405151540693
17.729813521893075 0.6811835104288108 -2.740906243731401
17.164421183493392 0.7228847108760895 -2.728930387362527
17.72178792168755 0.7172067100829015 -2.7397434633373945
17.723188745878566 0.7158534304767014 -2.744454150106164
17.088729895281094 0.7174733638913977 -2.7238628232511735
17.12394256067304 0.7106075672381822 -2.73317119083738
17.235191112553046 0.7001342780531495 -2.7176203161752914
17.987057922647686 0.6823432419082288 -2.738448425760378
17.913391457070986 0.681037336945802 -2.738274646279144
18.012995348316107 0.6986034465953144 -2.745324503767139
17.911287092834968 0.7017098501992801 -2.732495361136017
17.122385947020387 0.7086024232341136 -2.729448806656689
17.468868924171048 0.6961589866633277 -2.7417647099936673
17.39701928079834 0.7009290294484739 -2.741318494757845
17.37387728460604 0.7141586401397332 -2.740757688470954
17.22188927079275 0.7119626921399533 -2.735248271772523
17.323767661324332 0.6943711759978699 -2.7302146858463807
17.64856070533213 0.7021519187140224 -2.723959884421312
17.927387817179103 0.6968993743171342 -2.7350284307566
17.871101176487365 0.7047068048770662 -2.740710144446291
17.352083145968564 0.7071160649318642 -2.7387815545601493
17.485757723911103 0.7137855702929292 -2.739774937914156
17.45204565905809 0.7133350284821826 -2.7272268571825684
17.840345682242415 0.702671950408817 -2.7361636731331
17.680924151806153 0.6944668324127379 -2.7268281472008695
17.38440063221404 0.7114919347561688 -2.727911400685553
17.713474089321544 0.6960217002737552 -2.741224512522183
17.488710837663728 0.7072120087683244 -2.7369626181933873
17.535712380749793 0.7030492405311709 -2.728626188451761
17.45115102244207 0.7060157335045437 -2.7311871371483587
17.56430936553404 0.6982086651761178 -2.7334545512922688
