α Mf log_fpbh
1.4756256579222793 20.59655197771107 -2.835302364953484
1.3802983763467829 15.253024854883478 -2.8517818879626384
1.0573312065960239 13.715617947302952 -3.0090363184257325
1.4279682934196385 16.431453057232048 -2.7879536256683215
1.393423844536187 16.83173714984212 -2.8672213559299227
0.848876383536933 6.41930486381532 -2.593782184125958
0.7965728614765397 6.043030188749594 -2.8993644647243846
0.7284139287227369 6.779224949304991 -2.7587599787953376
1.04607213443954 12.585877181007033 -2.9873246281491475
0.695668741667935 6.238072540842173 -2.938588908625639
0.8013516000226645 9.007437550792586 -2.833224193307798
1.1762978894623923 13.602580274289323 -2.674771281212898
0.7861660926639173 8.591049845250911 -2.8368470538862853
1.3832033486304014 17.08273432138801 -2.8143855251997185
0.8457234583469988 6.057568561481233 -2.6278674779849527
0.6852387338732886 4.448942812299029 -2.888903098204919
0.8636170830999865 7.605190678881605 -2.932264549341858
1.108116108637454 15.171969821807034 -2.9096306700482892
1.2685188607326063 17.015081368082978 -2.827658283500443
1.0686043473201148 13.358778331774413 -2.9646438722997437
1.2984042499239477 15.900253538473693 -2.737349942330427
1.2776830029935302 16.85223183253155 -2.8177692379972696
0.8253493129137889 5.688116688208442 -2.680471357714894
0.8857058959859512 8.659281970265276 -2.6603106172294635
1.296917738040229 14.25069087594637 -2.7967093320779974
0.7762479381215419 5.272618905867248 -2.601512066084029
1.0136583047278853 13.432775640364197 -2.9205317031727684
1.0240525742782123 10.831990947041332 -2.9415129971585414
1.1810590715100968 12.892709387089422 -2.8831835786752382
1.1917369496022199 14.580828049069623 -2.9271572559250667
1.1809447135500928 14.814866551039875 -2.9301218842750107
1.2962263823309992 14.847479481394 -2.845543345761268
0.6481394760593109 3.953398410951977 -2.6298961783033628
1.1376668932241203 11.653661542427239 -2.665184541681516
1.2972688247509467 16.414849832429393 -2.870713950012858
1.2968419289377557 14.81664804154959 -2.8398997112669893
1.1746813444229809 13.80312247420381 -2.9215245964472913
0.8926407895953333 6.848020368199687 -2.7163866671252963
0.7325324155299022 7.156050647816154 -2.8589912979563956
0.7809699969629676 5.033503730788883 -2.682909961115397
1.251703878498435 14.217047035915131 -2.7056981379263414
1.173501273255027 14.885959612345513 -2.752168926473745
0.8980297469925244 10.470901014600434 -2.7762094553902132
1.1453525681124088 15.154881840762911 -2.906035476929504
1.125881111745799 14.09616566597513 -2.742411377799015
1.2176890038774042 14.433209396637018 -2.7131001266342682
0.9543174955277768 12.253601942243375 -2.9006329950899783
0.8203247277664854 7.047292967174942 -2.9250086596455733
1.061367351994748 12.448531419820034 -2.950429236928246
1.3201021162320692 16.177424562171336 -2.790055617070225
1.1520512134635652 14.805434726796902 -2.9168275199560023
1.297634189035248 14.803983745253324 -2.753925542658913
1.0609042459970963 11.484268708141595 -2.92361779593954
1.110570928438622 14.177929158949427 -2.9267840234306948
0.7749990432518193 7.872104243443078 -2.9291640064613693
1.046686649236138 11.647577603108985 -2.938889872718585
0.8064535233762339 6.095477841455942 -2.846926232108589
0.9816078666789207 11.6626504812279 -2.745182112218819
0.9636044226704137 8.737253077475586 -2.8515508157517098
0.7997262131749718 8.605609832969968 -2.9141776468053453
1.1025168677648942 12.471370073729332 -2.6904902521921756
0.7184586166456307 4.925226787808399 -2.8640270395415444
1.2879744999623561 15.256874139173549 -2.8380882744457767
1.2557020282610618 13.902438234565347 -2.735314097827618
1.0620010624390495 12.309767826717236 -2.7069184016366292
1.144424820380355 14.60909726741854 -2.9113363221845283
1.0948908655117613 13.66265586037254 -2.930601954354491
0.7093150334654725 5.632856760729922 -2.9156107228427417
0.91618776450111 11.13446199189063 -2.9232883737362014
0.9759964527338649 11.267508261129445 -2.729811816561605
1.0565823291302485 13.806301363692176 -2.8308187560731275
0.702319683249137 6.191697220534174 -2.858134779281846
1.086169849299176 11.559194771508125 -2.6739841534800783
1.0906301925950892 11.259088998174471 -2.86777043562584
1.1731206665350324 12.26708929479448 -2.811260375590717
1.0470313580922352 12.402013164706597 -2.942460307223628
0.9662136183503818 11.99614780554004 -2.926946261866131
1.211784405629925 13.022516671155083 -2.7230140864391785
1.1820492950288521 15.435469839997278 -2.8589343700029866
1.235581087989221 15.096592525766836 -2.872592480795373
0.7589745129555373 5.351723557050594 -2.8356734379698434
1.0870530651986214 14.136513357349253 -2.895315780046233
1.1397772247797797 12.798703190139642 -2.69665985814146
1.0005787076118324 12.306825068704288 -2.9351142795566156
0.9789575128561587 10.969117847646661 -2.7133480783204544
1.108525428788071 12.215784483786383 -2.8978834189787452
0.6228303564569954 3.609184219576706 -2.666161461213915
1.2707069678111038 14.795184724422455 -2.759230608245805
0.8984533250376818 7.535973986351507 -2.645297584495252
0.788989267520702 8.191370407254901 -2.905211645800007
1.123392506751923 14.464293913492675 -2.8941774644160265
1.2008535253627564 13.441559233467656 -2.851168807406942
0.8065082078728859 7.919279020078414 -2.940883752610363
0.718435647270519 6.512025839093616 -2.854492727175066
1.200048394173944 14.330755781589284 -2.7367237269286777
0.677845757445682 4.009645687299345 -2.796517624154277
1.2698007219584406 14.689254554695886 -2.8072258773804712
0.6430763179272271 4.56896147763651 -2.8352325204288
0.9698536147528429 12.239138266662776 -2.8689418367828754
0.8610301982010571 7.151726953268283 -2.64114740095771
1.170105795547872 15.182255056287069 -2.8443533009450164
1.2464453358720813 14.553397102735921 -2.7486583473113093
1.156774005278867 12.818997703718981 -2.7019934991815653
1.1126757739183954 13.404362397536909 -2.7368986323844977
0.7788650496163013 7.314456723768538 -2.931074848025067
0.7365242702058382 6.1200093614738 -2.7110920098019253
0.8680726541476156 10.089732877527341 -2.8800483397248975
1.0033145473856808 11.597006474834812 -2.7296173807575697
0.9818764986422543 8.645242913784797 -2.6960358209922495
0.97665066944931 9.908447434119958 -2.671831360079222
1.236453334896855 14.158584581235363 -2.741633956673483
0.7708138055639553 6.542211751370452 -2.6888465248369235
1.2109545955060974 13.50164597298264 -2.829140876326682
1.1999290006543846 13.547192883678498 -2.723982340815457
1.1026133059083847 14.283470892172819 -2.8610137484047997
1.001223506732361 10.24210310721344 -2.674216044565288
1.000923605799719 9.092703313690011 -2.688523041635261
0.8409202781054506 6.225996239750344 -2.6962889107793764
1.0312419337642837 9.895025340370692 -2.8217705188546818
1.0844951924518458 13.72031228264066 -2.8995185191595305
1.2382235583110413 14.518730646435024 -2.7563508664166667
0.6207829280507102 3.8949904428783615 -2.748530563484851
1.1795980037324587 13.63985991861031 -2.8710683560856967
0.8450479298653977 7.321994390815441 -2.8900007990212493
0.974269739762558 10.24036438769146 -2.922447752479311
0.9990938912378813 11.461390570587188 -2.933583649219691
1.239498925947998 14.877393143852059 -2.8370397776994896
1.181645497297286 12.52309221157801 -2.7754511383309426
1.1705336026193092 14.942981121174881 -2.8526459683522885
0.9891624460955735 12.191275132874669 -2.9113237573346495
0.8112598251310444 7.153867834892998 -2.9132613717509064
0.8018437352047888 6.081690399375058 -2.6418177297680403
1.0124041909730244 11.673751686725831 -2.9299252727161496
0.7675149201630846 6.317238103482095 -2.9016663969391288
0.8242154679759616 8.773993437287746 -2.8082189270358247
1.2079611184831869 14.654349761983836 -2.765125100966229
0.9218094059007303 8.367551341744921 -2.864879166284933
1.0042400635854918 12.0233716405237 -2.7649477067883277
0.7670845826742676 5.20323313727566 -2.7618790652627663
1.2319551945196747 14.057844656122272 -2.756715309744246
1.023775865784084 12.53468373044396 -2.917192773689778
1.2388928573769682 15.107918490739603 -2.8196353887047394
1.1521896179732534 13.368918937216746 -2.726073864661107
0.8458316253033762 9.3373394669551 -2.824454348987397
1.0915492469037462 12.871337039887491 -2.909582447912822
0.799308359310902 8.131999114111318 -2.799002968483194
0.7023642931593551 5.087167965623221 -2.872331141998592
0.9147482084501799 9.257470168715699 -2.6939613280091432
0.7443192799777 5.666142712287504 -2.6661985501062744
1.1437114336652376 14.580389543912554 -2.8579207746422552
0.8920274986869112 7.141498581479274 -2.7110257612073996
1.1726500070687988 13.610269462133884 -2.733543862475354
1.136906884538855 13.003400920222164 -2.72062334181493
1.0755885519841912 13.696034989974438 -2.826166513402507
1.0113362114309856 12.623703776128128 -2.8206106614412008
1.2401825596320422 14.4480102689671 -2.7866256365303146
0.8409738748216553 8.921699054000154 -2.921682438221087
0.9194340520632301 9.012225670951466 -2.680179143412175
0.8752248026439418 7.126142001432694 -2.660194199617143
1.1597369778318352 12.36223878355513 -2.808004962739706
1.1865642019743428 12.791160602423279 -2.781819685030598
0.9198105351987291 9.11965358002605 -2.913750842320706
1.2089509119626676 14.413836561454316 -2.7633919154205593
1.2046802282463451 13.282044593124569 -2.792398106606803
1.0554625107030873 12.7378451345505 -2.760476157101839
1.2080473807406542 14.878560019454724 -2.7960045589703633
1.2040958365540044 14.067341003946565 -2.7508044574004478
1.0937953884189633 13.584459702885612 -2.783088015384479
0.7899900037455924 7.6440029724349925 -2.766635082367543
0.9140657227841977 7.649312376813071 -2.6807350696994323
1.0426266766665857 9.915695425954697 -2.7721290589574203
1.0666172322706182 11.644904923284345 -2.7002906692289064
0.7313153210307701 6.611331268388955 -2.8621580660232686
0.76151983234229 7.271556342958906 -2.809797300127126
0.687235685958488 4.8817404891872656 -2.862465227434776
0.9524407840877509 9.627031822809775 -2.6848594158762213
1.0998612307008526 11.452798138364322 -2.837338404977759
1.0823311409466774 11.173823976358776 -2.8433589409008757
1.0141207929481018 12.676539763056718 -2.8290177740895315
0.642573331324253 3.5638253531627124 -2.644515663256143
1.0670955082459788 10.846707440039593 -2.6916637290582965
0.7390784605142352 6.097613296138106 -2.717453849535791
0.8719983419390509 7.114995287139995 -2.802826782388223
0.8608106916037066 6.742911811854021 -2.760775974383371
1.0480313596228241 9.978335133621137 -2.7473882458969907
0.7482238036950715 5.161793559203736 -2.803828830034692
1.040097412830279 10.855284993900021 -2.879358523853493
0.8844536496205306 10.224556081090896 -2.8667316389117086
1.1083849686169485 13.267049053786383 -2.896076851942048
0.9200095899252689 7.992999616153933 -2.667693399520676
0.9684438870503598 10.933898058051875 -2.926935957859417
0.8166582050962623 8.672846075587422 -2.8507624549997534
1.020399400731578 10.089001550242475 -2.849984785832268
1.0771496632330517 13.33201773660697 -2.7870697742521706
1.1080298781861921 13.323910552587337 -2.8942844935542507
1.2020698085587873 13.492421069853066 -2.7539227842911544
1.081978641449362 13.587105869759469 -2.878444331303525
1.1866662261650402 13.530297007469638 -2.839313247374732
0.6750510025142955 3.8131070675824175 -2.6472681626761503
0.9551799623313881 11.576238605323544 -2.835483275503657
1.1693402535616984 14.629740695324722 -2.8191788438229177
1.094217181360027 12.045419737135227 -2.877965231434808
0.7008456341864694 4.957737013199213 -2.854904561165894
1.1355307514852628 12.948693314700288 -2.8715252469251222
1.0549882095394723 10.821954161764433 -2.85272978681838
1.069685527887378 10.501412390612376 -2.7764008410119807
0.976587295298221 11.982436003754259 -2.8740217663855105
1.0952706093950058 13.794090248140531 -2.8633549433966765
1.1767279463274818 12.79520502209847 -2.7504826563388427
1.0834043160992664 10.723761139080064 -2.757748384655483
0.9476509868609131 8.323543773449522 -2.689346267830877
0.6472861582228437 3.433212523238938 -2.710101294124632
0.9702883665499307 10.409101084184451 -2.7114089868810693
0.8021287393009553 8.167573041225646 -2.8148901808423084
0.7750741762917654 5.956671648811197 -2.8518075092303707
1.0925734848068618 11.213520242711457 -2.8175993542496176
0.9208913044859749 9.621453885904169 -2.9214156273421716
0.6056467364763108 3.2144439793104564 -2.7505525731274094
0.8817665060895342 7.172906720708105 -2.7716426183514473
0.8891938841308479 7.671394941673289 -2.6645664448362636
0.6807139879112756 4.239003808870361 -2.799508965081371
1.0800511466316263 12.903378128546425 -2.7570645945113705
1.0503075307819678 11.54428239261657 -2.894189847125715
1.149205368586404 13.131668286104585 -2.860082933778439
1.2080617905661448 14.331226222502652 -2.786523971218511
0.7269395851043843 6.028284693493207 -2.746564838693372
0.8240478558901388 8.377949392450002 -2.911283139826618
0.6457917869640859 4.084565055176304 -2.709585501958678
0.7571050069942459 5.253127192005132 -2.653549761952631
0.7123220055585309 4.326605048785902 -2.6974102661512926
1.0074032394733323 10.616513393990848 -2.8939716029601694
1.1149871334666601 13.998122427926061 -2.847473471893501
1.210796496489907 14.057200907562322 -2.7982665400894513
1.163492053443144 13.245038538004566 -2.7401087803567172
1.0379150905006487 9.905722844654544 -2.7257980481384854
1.0808152747491573 10.797580980991528 -2.7227493192125953
0.9022529207661902 10.355057761585268 -2.8960719696387045
1.0587655504003608 11.784791078587375 -2.89313852846856
1.1547315191800473 12.87654323675079 -2.8394469353742178
0.9994956688177079 9.207619929364403 -2.7156907076510635
1.0639181061647363 10.976485506577713 -2.6989563001792063
1.184178136063744 13.086746396768245 -2.76265156693054
1.1344812100151858 13.117763322322457 -2.739233982070348
0.730587217828153 5.130149155725052 -2.659637998689523
0.6824805392992557 4.942343187405902 -2.7285760658711142
0.8908915277141491 7.499375030636891 -2.672527936298311
0.915119982231003 7.867920864135019 -2.7941351485674457
1.0742279280922298 13.18724661070724 -2.88445674878124
1.1454441483939355 14.089398168468762 -2.793846131977541
0.8644355568619653 9.6175297198871 -2.83801108329791
1.0147541020884259 10.871629161123648 -2.8959049710280347
0.8299168681679279 6.563580184072617 -2.6619487126856436
0.6266897235294995 3.1844156729660016 -2.6831120598639133
0.8771038329617713 9.49977946139494 -2.777925271469896
0.983879368805461 11.876268035987964 -2.8917773521541403
1.0825001501745062 11.090601797140394 -2.7099361373259954
0.8165062256333837 6.101231740889658 -2.672927433322453
1.0735003095058033 12.411127018665733 -2.7380268310967915
1.0211790009959982 11.910361132250735 -2.907198692059227
0.9145136161404924 7.7629310928034645 -2.6911395526621766
0.7381478539545877 4.796183886103176 -2.733640043773419
1.0037292194738834 12.366312579427433 -2.8524109047005277
0.7411725808916926 5.129231358724581 -2.6565315021009344
1.188357099881733 13.518388102593281 -2.763873402521905
1.040148052328764 10.20934828186165 -2.8080666787211896
0.7306012852639477 6.172752882513959 -2.877467595581975
1.123165929105657 11.780942206060175 -2.798669665725857
1.040611865212262 12.948436004861719 -2.8531649225304023
1.1815729692705252 13.092494600091612 -2.7707466285665285
0.6967017529027478 4.174791864829679 -2.664641547078854
0.8628277881634768 9.15039132473529 -2.774450081038985
0.7233019661474616 5.647122107320647 -2.7147085831579227
0.9917332865826667 9.144942155829508 -2.7743050541977166
0.687494099455719 4.026673724831893 -2.667642515397004
0.9444112976005257 8.293851703710185 -2.770545265765256
1.0419987534315907 12.109909701778175 -2.901501954634674
1.0554502271896091 12.98996168806249 -2.878852721273293
1.1688892714021546 14.308924560694592 -2.8275375844566346
0.669986298636766 3.7724550398186896 -2.7062566405461266
0.9666456263748229 9.556382129315745 -2.6863139491341324
1.1239601688988976 13.815709754609696 -2.79581879771166
1.005802347815047 12.126104026287194 -2.8932107270550294
0.9730850500170672 11.655590123140579 -2.889592239480299
0.8158299854053206 7.084820709700074 -2.6868159160664544
1.1225916735364017 13.58608677088561 -2.869753198394161
1.1970746140622837 13.8827605615186 -2.8038855290075277
0.7243003509491273 6.2326805877494555 -2.8053308104983796
0.8196504091395322 6.822372821267962 -2.8613584924806497
0.9454936725232513 10.600073517958451 -2.7577492518876374
1.0580580017969012 10.567609807535309 -2.8072775274055886
1.1500274413552658 13.521144534487513 -2.8569562930279515
0.9140803257131372 10.294211747270339 -2.907557727260802
0.9513081864671492 10.17050573860255 -2.9116992315991066
0.9132583631319007 10.532410179717704 -2.8225132421960826
0.7215133549350548 5.943404273831618 -2.7604885054549806
0.7449150172754937 5.636621325259832 -2.6792113295319337
1.0699100878707855 10.603125020030353 -2.765656767690297
0.7465533154432169 5.678652763056129 -2.8558305756384907
1.1499928429501591 12.655101390157068 -2.8220404463090443
0.7210689474715759 6.132809286284301 -2.851262143751671
1.1814627488453269 14.17102675324472 -2.8236380750535757
1.1854125040408312 14.116711533989772 -2.82164323147445
1.0832186740617673 13.08978838108747 -2.8815286973111935
0.782573703876854 7.66067103072503 -2.826844857351773
1.1867774844285164 13.835476884962532 -2.8188723563567675
1.0175441750227268 9.585796756256602 -2.7351104191698776
0.7717669029031278 5.633538278617125 -2.805712721001407
1.1328691884980555 12.169543988484063 -2.812900586020949
0.6382733467860006 3.5687887724369167 -2.675041624926605
0.9630418200458655 10.449205174379287 -2.9104186014584226
0.9659218285687583 9.427552903810959 -2.8646584562599484
0.6151517609288213 3.242889930623588 -2.7179032217186743
0.9857668634060412 10.643185008018131 -2.9034217385672454
0.7582870888828271 5.484752522386108 -2.8137451975013734
0.8731603705831124 9.74333948839366 -2.872503630872352
1.0055312711914577 11.021460249372453 -2.9009737009930205
0.7269365860720134 5.504521844554768 -2.859402239292341
0.7433044766017488 6.586342930760375 -2.8699946580515427
0.617227821758049 3.239515171059812 -2.712374389599098
0.7701877800241734 7.360135814275094 -2.8582389871493934
1.0584121583268074 13.02665175917575 -2.8119537106544126
0.6814718525702241 4.98046375514274 -2.8376157411451204
1.0098750914093233 9.856039573166596 -2.8281546109962283
0.8052051734606362 7.385325717848517 -2.90087418869544
0.661131547083868 3.8889619733526812 -2.667505602088968
0.9700236707326064 8.994548381807384 -2.810938470968011
0.9046032005613773 7.7870957536999175 -2.8013014599404213
0.9621231212550774 11.4238562511466 -2.816839702713385
0.6947606655588964 5.390721492995038 -2.7743425841596236
1.0246791470781735 12.605518652955126 -2.8475881794435045
1.111396687164273 13.554010946778087 -2.7930236126807664
1.0794349960911793 11.438973434584394 -2.7131958412617236
1.1243834588461645 13.517857833209984 -2.8623307706075813
1.1702900186243885 12.991255283758571 -2.773255479068231
1.1845799339600034 13.608551769334563 -2.7987028312301154
1.050874176609252 10.332229108729084 -2.724475109759389
1.1344906786202449 12.152396918063262 -2.798994722701115
1.1670972825609038 13.56138295963861 -2.7681897952065846
0.7394198797462206 4.904498175559769 -2.6714481454257997
1.0589613042413233 10.670003226545795 -2.7136907572026105
1.0901390736702716 13.375083791826444 -2.8066662974883005
0.7495435072082453 5.968075918852166 -2.8680646877716187
1.0071380098541158 9.609587592949138 -2.705912447380902
1.0416497200306434 11.799931613031772 -2.8922504084130596
0.8820490003870097 9.89167201341227 -2.8671494449606065
0.9374009184354524 8.898517299908628 -2.8603836545215273
0.6581975780044713 3.7907861384324733 -2.6722976904055384
1.0506654148444854 11.934604347032543 -2.889357401005578
0.7780768478263745 7.492578613531436 -2.8235119425620754
0.998329086616589 10.865871683273726 -2.7227249991918554
1.1432803353746288 13.942118659411829 -2.8164493635958046
0.9829140490340927 9.829815132695764 -2.866055426502287
1.1399603905770215 13.777720436770984 -2.844748477486204
0.9523277899938782 8.624203654818295 -2.6947552471426497
1.0182502237862003 11.979314648196656 -2.7731643602489013
0.8734560095690582 7.91756795987338 -2.871461777679717
0.6368096728636102 3.8232202428097595 -2.7705548343564637
1.0197699205049269 9.739727596026 -2.723014567690825
0.8343187293767205 8.823333126520676 -2.8641212307568606
0.9980517202489734 9.321275569556411 -2.721068305600674
1.1459119553876507 13.80806395483803 -2.8399521657508764
1.0073186984988876 11.01158239502087 -2.894281330920705
1.027469698948701 10.039734710903197 -2.8013855159124272
0.9544930915794447 9.039341104804173 -2.8431734275730647
0.9299352063607055 8.070882628947489 -2.7540668339543988
0.7409731954289003 5.912002100593271 -2.8668341922080955
1.1616627403239026 13.812416893520847 -2.791795639515368
0.6525951865498896 4.1925301507268475 -2.729066456951377
1.1182312412470097 13.193799292102101 -2.8616399039452602
0.7274989041835387 5.4002049383049515 -2.8453094303067816
1.0798835277719867 11.533716972239136 -2.718764970734686
1.0944010860774178 13.446750126559875 -2.8241743819158422
0.7544329246374132 6.867762784233851 -2.857072817542858
0.8083918256552751 7.829266974314927 -2.7678453858240433
0.6647333878730028 3.9801930170621342 -2.76446450766563
0.6421521073618015 3.747165226931043 -2.760789209352068
0.8073779078609851 7.995689196308465 -2.793572580745768
1.1415992946573996 12.888587484668252 -2.8343586277357957
1.1491703644170044 12.61229379981088 -2.7983638542308684
0.6411421454781481 3.855346675755603 -2.769952338323792
0.7132701363694728 5.531932262301536 -2.7372193442558617
0.7404859200958489 4.887573807838467 -2.6902040215307728
1.1096093675890581 11.710986839901516 -2.802126600583516
0.739207542852794 6.306107559260919 -2.8668984867981004
1.058081644444495 12.29485480604307 -2.7557814798969598
0.907055013680002 7.71758144666506 -2.765996602161832
0.9663381250134009 11.075970657889672 -2.775643705934924
0.6863641127896346 4.866569786018429 -2.7248626370923876
0.9492281545349447 10.87220354602224 -2.8959592625402046
0.9088977093094707 10.162229467750475 -2.796350741744654
1.0749512765630653 13.104143184380408 -2.8093756560877727
0.850528970352397 8.953215772592374 -2.89028015161458
0.8803476354142458 8.935676012256547 -2.9047693123961804
0.7776315672080414 5.944882509536407 -2.6742230669572606
1.1582982420955843 13.461965026250429 -2.7774991901932236
0.901703290259781 9.67048922791551 -2.904654478269647
0.8508050713626769 7.082657144089361 -2.8221863403212337
0.6993728473979766 5.484952210354652 -2.821302244921661
1.056639820265833 12.852905065796866 -2.859688311936566
1.1109810019900868 12.112755775504638 -2.735632949386206
0.9432574305378914 10.414429219769572 -2.9032175038016366
1.0135139211882076 11.783284323650715 -2.7694100760126936
0.8822896687368551 7.86721049563336 -2.682903102288221
1.0494413552936181 10.776308711195167 -2.713063321654853
1.021786934264738 10.067053642482431 -2.8134679919249113
0.9416929421133086 8.382026605986404 -2.7754708606370286
1.0197700633364837 10.150546953011306 -2.827117482369932
1.1407041818862933 13.66007702245252 -2.7999621976292275
1.0968615724694049 13.388493097094493 -2.833210741306196
0.822143950704802 7.199832370685529 -2.8749016808557655
0.7561761743359694 6.756959258858383 -2.8660616436604287
0.6852324090594587 5.0668973418170795 -2.8170582514798004
1.138257788188948 12.502132802283239 -2.7571199412885674
1.1513418883049231 12.839174383713672 -2.7694712529003196
1.118997930218887 13.339716601818195 -2.8497091225543256
1.0423892578019163 10.24447821665674 -2.735949561597081
0.9034548594860997 9.564316362447864 -2.9036429399397026
1.0261571297710386 11.59908423177726 -2.7453035368141236
0.9490166982376088 10.999051953464592 -2.8820677593267985
1.0320930044862129 12.519803540024453 -2.85453874069377
0.7220023572787243 6.0305675293099705 -2.8053040628225308
0.942292605141637 9.085295088211042 -2.6936882380028235
1.000399082573672 9.653246266728608 -2.7065078064688484
0.6910625842845105 5.250596261143276 -2.794808592026196
0.8076753225420517 7.081083721516061 -2.878984318500004
0.7341787845204774 4.899422962367447 -2.6802050465525573
1.161441529383262 13.355508345570508 -2.795155792299709
0.8865223535305728 7.5593597899261775 -2.7998599398249557
0.799764531902742 6.782667092126681 -2.697687965001771
1.1041840156853133 11.926504174336406 -2.736110166780261
0.7471202733689594 5.990824642466214 -2.715649720245425
0.8295872511730944 6.561931370772283 -2.7914489603705626
1.0687892877427991 11.528678275954144 -2.724463133028747
0.8525463964313906 6.752480070798527 -2.717543463439548
0.9321331865436449 8.39729985314338 -2.8063789585944554
0.8433404886827008 8.905602346089108 -2.866630030409791
0.8443742001210471 7.1687358199926585 -2.681626745998395
1.01256488963018 11.132330666211997 -2.73232981896302
0.9897423450922775 10.271814936880915 -2.8754441918915585
0.7431920358778005 6.44746998508318 -2.786241122453899
0.8815202660811705 8.131125922947877 -2.8693896909055097
0.7864092527457557 6.835504746649833 -2.7207807433701467
0.6495362006288571 3.773648253419909 -2.7380679598919837
0.9558645032650899 10.753826247719926 -2.769996031329036
0.9356514687148616 9.033013696072729 -2.6956016166953654
0.7717262590755276 6.131805490955857 -2.850195822326582
1.118825662659214 13.487838052450268 -2.8098579336268124
0.7945763273015267 7.116507056323445 -2.8842420554645387
0.6741707876945072 3.9858849356519417 -2.697887124294954
0.8818965939420892 8.751392176652523 -2.8968275227359097
0.9621552974506462 10.351497205845794 -2.7338869895671993
0.9851639480197235 10.603003942100724 -2.890084539124127
0.9546591613837623 10.959647507491677 -2.7929867041740266
0.9358695119995171 10.487942810624592 -2.780191089525201
0.7781761987231601 7.344367774903754 -2.8079561225319285
0.9474628158776973 9.170018818808673 -2.6958076619737144
0.7805685179571729 7.416318976286468 -2.812783115068716
1.080695518020653 11.198773969436433 -2.802007846206201
0.8891680091976064 7.703765769699121 -2.686971420836703
1.0622198658164725 12.299216706544128 -2.7598102746345603
0.8577214485347615 7.0407287092498745 -2.791836500070419
1.026235665739401 11.897927732690771 -2.7675232026854384
0.7669373586530148 6.7065972612976354 -2.8750967791952045
0.64632693773473 3.8383701843107847 -2.744629183876744
0.7831126704475079 7.49964616247284 -2.848140411854576
0.8547642397637886 8.213951905346061 -2.8927473828568715
0.671120038796673 3.965078750196304 -2.7137270955615347
0.7351108384819923 5.218392029072166 -2.806386242078842
0.9267369648856716 9.85051973818762 -2.89913023136311
1.1438109486490329 13.248720634475427 -2.7805491242290135
0.7629568089374987 5.551112314106527 -2.794987727566292
0.8860796431302903 9.806695948415808 -2.831323168143191
1.102366161623856 12.373051302161755 -2.7463729886200063
0.9893286486416639 11.109827409217758 -2.892185825394759
1.1380872115940424 13.484534617690246 -2.8200518048676395
0.7243491524648833 5.870721858319482 -2.7629083248739796
0.790374126220996 5.776388519106471 -2.74763216314778
0.7920464663806476 7.410009950568614 -2.7700693093380435
0.7924435305536712 6.97818026747766 -2.7248908154615936
0.8517907637761154 7.558999858829345 -2.8621399962315195
0.9423183516668483 8.387663016399692 -2.7576199336547784
0.809567561719002 7.604191067628039 -2.8874993729849416
1.132862735750905 13.409514217592642 -2.8272180801358733
1.0392778654756083 10.806106786915588 -2.7163694082394745
1.1070407229630899 12.026244106125382 -2.821393841344829
1.0090458746000042 11.405721588052048 -2.8872095820935435
0.9945920734558358 11.712356227854713 -2.8032114985070566
0.9880143723119266 9.224926276903005 -2.746463045217052
1.089917074207822 12.593755465227854 -2.859678907212333
0.6498748903406234 3.8974467568176334 -2.7243600935739734
0.8896522466989117 7.6252910065075 -2.7954934169790846
1.1063609569794897 11.753374105804719 -2.7551094426855087
1.1483478474292297 13.085001045077078 -2.794280509761119
1.0140956149934133 12.150756248729449 -2.8532757943753007
0.9888884438615597 9.246587096343015 -2.7465515870803623
1.00014698136567 10.67457216470041 -2.723448599196528
0.6597556714764633 3.918290079095427 -2.7050202596123967
1.1413771337264946 12.74609613454805 -2.778565763541553
1.1372418163394373 13.293956627089564 -2.789250005052077
0.703425213976284 4.860362922112098 -2.6977553089711104
0.6685057244232386 4.399347177563801 -2.7891450670083224
0.6712011278581973 4.6415250504529535 -2.773176389965255
1.0531826831460265 12.653873618870843 -2.853972434108107
0.9701955951320695 9.244813927801093 -2.821236356682439
0.8000548435284275 7.68238879554404 -2.8756935183101895
1.0169592231125377 11.939672367148972 -2.7885088937043703
1.025354892942091 12.03127611980232 -2.784586349497976
0.8838577904592881 7.445359340912624 -2.7000507262922726
0.9335558313927725 8.337260967666543 -2.7831742380268487
0.8626205024569296 8.510312961072582 -2.893819621385652
1.1209083610931119 12.487402207254064 -2.7559411408786025
0.7365941574288698 5.211580822374319 -2.7989116537714027
1.0434191252079021 10.5606937781908 -2.8101001627380207
1.0013258673645773 10.272589365342387 -2.7112499633518117
0.7531496627900881 6.048332388228923 -2.8554028626370744
0.6974488462033145 5.31383214981584 -2.8108522740517072
0.6916575857448595 4.763115658323131 -2.8089180950726664
0.8968317981691278 9.293045738881029 -2.746179488687372
1.0052480351407405 9.70349054021993 -2.7922589734494556
1.0903122215305312 12.0434644237904 -2.843530302274914
0.7601670733407402 6.448976291366655 -2.866059032700206
1.001233386636279 11.49170404611227 -2.883945741359679
0.7318855661327859 5.425563995291568 -2.82954431416574
0.7088915054726268 5.484261365699075 -2.831581982450003
0.9510409657016636 8.674558002373908 -2.7861812039717924
0.9669272789714867 9.136264471064575 -2.8136416402585063
1.0677148835733132 12.867892089181645 -2.82414404763872
0.9182291358745556 10.34953538422502 -2.815632063212651
1.1319855000288213 13.109591555230246 -2.824553239111274
1.131890315988521 13.203065020940159 -2.7889923465047675
0.9585959931805941 10.426266476931934 -2.747205833246496
0.882312984215645 7.809474818043213 -2.8346953409014364
0.6949385994693681 5.04497471511703 -2.819384708652807
0.7154995550855737 4.624344264929164 -2.69860259688478
0.9802487633124906 11.380090708749792 -2.7971646460402466
0.9523975868246555 10.420687401488502 -2.7545518617796274
1.1414718422791363 13.174201650961344 -2.799294652467551
1.0646751581109029 11.385803705123271 -2.8405286694083154
0.9045668951511032 8.090171053132472 -2.8219016867139723
0.8018651455280003 7.881380619157253 -2.849345829433058
1.0472467427069072 12.25318418919278 -2.7789047570573087
0.8204787102811911 8.322498971826157 -2.837813970804498
1.1200512289611915 13.10658277161086 -2.786088924069576
0.7742549917377186 7.0394778576393024 -2.778986401544256
0.7988416023093575 6.006076234009026 -2.7664635620122198
0.8350234228023629 7.660420413721543 -2.7166696492713815
0.9036424632040259 8.284628851336784 -2.6941554357150572
1.1028893901374128 13.103982687645104 -2.7992362973718388
0.9534347114545378 10.694176244013224 -2.7765456892201303
0.9575381089665442 9.394809457550494 -2.7038599790608453
0.9794051793717815 10.804507836824197 -2.88808678699702
0.9983410614528362 11.234242478956629 -2.8845941123693692
0.7089809078922199 4.632263842376333 -2.758259323376116
0.8231068066461418 6.948425648520586 -2.8459904888306906
0.8012545367718171 7.425058440246969 -2.754333817444725
1.0836551673156865 11.49769027578296 -2.7400506941451273
0.9989164721075092 9.486620832309292 -2.7512416912731803
1.1188894289375773 13.239938432250382 -2.8182255032544976
0.8134763028024137 6.174692495915179 -2.7385857682011556
0.6839269669160626 4.2242261077977 -2.7320205219058584
0.9319173909496306 8.239314296060494 -2.731465306614733
0.9518569556773527 8.957116986489059 -2.7021922697993603
1.0332493478421396 10.186740524070244 -2.7465504957283997
0.9298658032550371 9.708173194485973 -2.735419613972461
0.8419363847940037 7.8059539656731936 -2.8798296606284133
0.8104834428178809 7.2289795656426135 -2.8746867276919623
1.1306315638199091 13.180769331937581 -2.800319028300957
0.844244281530804 7.187036667832515 -2.834450945117489
1.0870836447348227 12.849983094102274 -2.791704039796922
0.8763688027820518 8.802510021932815 -2.8911405466608366
0.9328914846917497 8.938060396458674 -2.852646254678049
0.7138605093974502 5.230383694865103 -2.8245555800628948
1.1316153619287428 13.118267525383663 -2.8107445788324386
1.0819266672949313 11.632693131721133 -2.8268306288697103
0.7762438054908833 6.917546681083211 -2.868828794705464
0.9901660124365272 9.369005539391221 -2.7320024895950734
0.9552224712327753 10.603192104850358 -2.888177156797859
0.8393360932797346 7.02454057655378 -2.824674329758966
1.1222978967655317 12.403867891431322 -2.7699562075540554
0.8456688114605735 8.740110894841944 -2.8728960903213645
0.7021210537499855 4.592871558974185 -2.693772790311777
1.100007939278633 12.355106739405201 -2.7564277826175956
0.9180012160590859 10.258954325642978 -2.808059235325162
1.012004850679475 12.040032650534602 -2.8365488349175267
1.0188378670179308 10.591300685610607 -2.8497100802890367
0.907374564049482 7.836223618429974 -2.760717523875893
1.0243806627675154 11.198192213014375 -2.870313832728746
0.8024220143540346 6.267954767548224 -2.8022765959563527
0.6884293458017567 4.511393737385784 -2.7779550752282454
1.042762398199709 12.457941362420568 -2.822876423275101
1.0092852726676107 10.790662716354024 -2.728653828561514
1.0263399975049896 10.611625120107208 -2.7208747933357476
1.1169974350251741 13.05785151556209 -2.794602870715986
0.866358164172575 7.088798020773013 -2.726004285077442
0.9948921968593443 11.267687725078696 -2.881003227878197
0.8707829810487253 7.621245793228973 -2.831323918483813
1.059151863588506 12.064668950941906 -2.75944886840339
1.078165320830076 11.679838685249232 -2.8335028987363136
1.1293439821968976 12.678059649944744 -2.787198297212147
0.8882051802051565 7.765850949596362 -2.8122163555698148
0.9601173481294483 10.059192846572204 -2.8807242053320836
1.1123631179312286 12.86019683562122 -2.78119518691335
0.9697445432258223 9.083048371317378 -2.718461457932747
1.075799312270155 12.074642252679856 -2.851218428339152
0.7631669396765822 6.849845781655529 -2.799076934509718
0.9154777595171097 10.299670803470677 -2.835436863882218
0.7154500299583605 4.682426993028173 -2.7359439974586826
0.8794356621567117 8.973527361377974 -2.7530543085474632
0.9378922802059623 10.197743196610347 -2.762317757937172
0.7260602797654875 5.786957067136523 -2.8372920001769213
0.984982120116694 10.423001522892044 -2.7282197128311916
0.8575954967728934 9.045830729531769 -2.86335309374075
1.0188988304922981 11.005371301299324 -2.7334854777734474
0.9369025999181302 8.854646126841438 -2.702302221166449
0.7655108589580634 6.829960429083193 -2.784545062523103
1.1258454087327863 12.610418037785633 -2.787062515163809
1.08620588998586 11.624909413887421 -2.7473815240845796
0.9378073379658147 10.708133270033999 -2.856030268115492
0.8722255201506501 7.410574447769808 -2.697459326622714
0.9697595469885808 11.088882744512745 -2.7936518841295497
1.1069918872900308 12.780716381706457 -2.7801254897003935
1.002688339195498 9.617026709750501 -2.752432748623436
1.1155912220533353 13.04932902067786 -2.8106814099580744
0.8049315476562444 7.358336986858216 -2.874857006475528
0.9746747678194518 9.919943254922806 -2.7159608951447316
0.9733592176062869 11.250861647407895 -2.8077417156025355
1.0181535459400757 10.961922490545671 -2.8647349204351906
1.0846044141533613 11.45078292096319 -2.794034850838048
1.0912476677245875 12.390291740687895 -2.84180376730043
0.8478557518826795 7.869135108080931 -2.874573410472495
0.9796921349341211 9.587938009738574 -2.711547618902447
0.775773177629531 6.251508642842354 -2.704541187950788
0.9387501214078784 10.326264744679218 -2.7738925977663005
0.8416183337486777 7.521925741157723 -2.7064259054007014
0.7635331158585053 6.839925423332082 -2.843684180582356
0.696321883957895 4.516362087324646 -2.7565865557033318
0.958703508442324 11.022541133333188 -2.8150770422906475
0.7044193769059586 5.067462138572386 -2.811577011171644
1.1229445469677874 12.58950960860204 -2.792614735887861
0.9804882063139286 9.206222370286762 -2.741564037599955
0.7812815439129382 7.11297531329246 -2.862671445915776
0.8637808434861114 8.74879973889665 -2.885390318413031
0.9072737370454041 10.113373982799498 -2.8457934593886334
0.797090827818131 6.515683547279486 -2.8378664827513056
0.8297348564549406 6.564485109811708 -2.7685358882666344
0.9737937104366343 10.43766714656374 -2.8797015978001745
0.7220200418347382 5.840529938623228 -2.811679043618933
0.8601829496105835 8.628931241220197 -2.885217576469206
1.0902219151677426 11.569164126076274 -2.7877748955937363
1.0940652569536047 12.709749704953891 -2.8383499548214255
0.7921942404727751 7.3334100209516055 -2.773621370392248
0.8483496971901119 8.589973828230612 -2.7805942485008606
0.8934983765031089 7.59770322783521 -2.7374682754376414
0.7178721938888172 5.446907295565256 -2.8261220115508694
1.0602540136914562 12.481940899986501 -2.797656449420927
0.8943359646033451 9.49005196516324 -2.7764629219368624
1.0428843682097588 10.476760816328975 -2.7714746747250025
1.0484335143986212 12.152667532663509 -2.7802536999871297
0.8833357068659974 9.493875587079437 -2.806247047336279
0.8593415890015659 8.843013494178699 -2.878626338054592
0.953901089592669 10.225047639097072 -2.746778274110868
0.7036127684368572 5.068097336997036 -2.809029844733189
1.0107321199791155 10.522185126493063 -2.850196970991032
0.9266239235779669 8.780368333067774 -2.843375837499178
1.0149701830975486 11.574925767523238 -2.772534456187432
0.7032089479142017 5.06594116833022 -2.73283107466225
0.6780919119584764 4.347723041712908 -2.7535311502783553
1.0615737408708992 12.513968512199312 -2.8432226891618
0.7807367248514688 5.935686692402907 -2.796624380973202
1.089905833527618 12.75874272496016 -2.8324010930544268
0.8517813203466871 8.419762495532664 -2.882212449859069
1.0802399468263264 11.607092946047565 -2.7492908256189468
0.739186529618074 5.106309162043159 -2.752878996303494
0.9400297644871662 9.426573509686754 -2.718218463470449
0.9109433580106765 8.336823100393616 -2.702037048099244
0.9915169732890127 11.165818716399512 -2.875678811653019
1.0251893333804054 10.121153896037866 -2.75994618651138
0.9552493246928552 8.77250652512794 -2.733461759546385
0.8531455463355828 8.283164546548914 -2.7433173607129433
1.0692911927193158 11.833435070095726 -2.843149865035075
1.0616632080363935 10.937751850375385 -2.7811338390812077
0.7959074029149552 6.31104291399208 -2.815039543492897
0.8083668238526989 7.902850091482835 -2.846537443594323
0.8118581902489638 6.403502883387236 -2.7910486852425356
0.9233572747560941 8.929088669864022 -2.8570683570782966
1.0135907856320205 11.559007681477528 -2.8685919351746882
0.9817450451354464 11.433008211610272 -2.841352318792457
0.8770587172373419 8.687068704584496 -2.739274361598971
0.760762682088663 5.399999005640193 -2.735843686942034
0.9222516884123797 9.125639155612193 -2.8688017461101665
0.7404088629217908 5.236908600846126 -2.6980457033179723
0.8284451519862016 8.357937403410304 -2.848837115742435
0.6887361641453973 4.6082857045496555 -2.724028969063963
0.9307623736111648 9.694022040557673 -2.7408798933035805
0.8352274197791716 7.952289639614479 -2.7468120221224024
1.083549802303459 11.47622566444332 -2.781371862461396
1.058411657268664 12.490671554974794 -2.816892637366572
0.7947962876334772 7.4628697926025405 -2.790496679832162
0.9394309107068839 10.542187922307523 -2.868232281015679
1.012262331980593 10.211569392870832 -2.725091883686043
0.8514650614876638 8.066201426672926 -2.730992299061074
0.7402679055795975 5.682586691804809 -2.827491402536409
0.9850369071844329 11.467815042860098 -2.83132586781378
0.753973283446767 5.8093796219436005 -2.7081205102423604
0.7955700056606145 7.1168839621515625 -2.8654488262189073
1.0974635186712667 11.891985857736618 -2.790734534863228
0.9962712687292428 11.377739735928373 -2.7849606318098354
0.7683885125528959 6.942122798667258 -2.8186763842971327
0.7382582593466046 5.191197393926109 -2.771402831697011
0.7033813164770173 5.032822881792096 -2.801033811832104
0.9052664780078294 8.12473872256545 -2.7052697431569195
0.8146190909577034 8.033728018225524 -2.8409697538858305
1.0425420612369067 10.530923194956541 -2.764773936929781
1.0169841322189963 11.526829804127303 -2.8663972353350413
1.0209613925022765 11.73556301825371 -2.8618257826284457
1.0180478577780447 11.071671742638877 -2.8616285991705555
0.9266465938505406 8.722510914670337 -2.834202933011655
0.8360337816833858 7.652706039174778 -2.7241791580729764
1.0070630655598087 9.812846943937586 -2.7462762016872815
0.9386248225082863 10.32434011009036 -2.876934642013312
1.001739530744527 9.913383263789932 -2.7259295946201374
0.8054053049188868 7.768752455282495 -2.850452638036809
0.7231064090755963 4.984852849744277 -2.7700604165900757
0.9751782628319656 10.609624953117772 -2.875618254285314
1.0220857511397718 10.115776238727879 -2.769718790278703
1.1083832862635854 12.508235798747327 -2.799575772099935
1.030946554276004 11.902902729928595 -2.787189732787612
0.7732731577760676 6.686513201371239 -2.751052837091336
0.9203700560495891 10.12111648599248 -2.7981183343847045
0.9358241421671412 9.359524898561666 -2.7212941975080915
1.0211359140454528 11.564133384374118 -2.86393164034028
0.7148319805417293 5.177151731823407 -2.80491818154941
0.9724760740571397 9.892765735699575 -2.8545807199414805
1.0563934527040117 12.209348811482641 -2.7858096186875168
1.0827390725368593 11.517068533458046 -2.780404386102892
1.0256185715672328 10.995781488821942 -2.7386572287668205
1.0426207051818488 10.812091832025882 -2.813966746990735
0.8274821574581531 7.4961239034077565 -2.7259176230681215
0.9316794468531191 8.821967698018977 -2.7096740916727486
0.8649067795240286 8.952511990667947 -2.870833830532427
1.0187947903543466 11.081305626648133 -2.859546187042257
0.9362224350964881 9.550279092962738 -2.7301434940228075
0.8200539226583262 6.4686207572925 -2.7707120087723665
0.7137837436973329 5.382974879906379 -2.753381788492388
0.7437279995225867 5.180981164218178 -2.7389227689242377
0.8825627998055982 7.501825467891197 -2.763152943524614
1.0193247965342753 11.496440968386986 -2.7686438890869978
0.7666438221235449 6.286382385818137 -2.843225413592391
1.0582480477505478 12.372589101419951 -2.83513185602306
0.7719583954827384 6.653971533384584 -2.752187795855085
0.8061301956233492 7.084776553210866 -2.8590230886556105
0.9072835597040763 9.757101276914968 -2.786223535276812
1.027038269684288 11.28429621997786 -2.750580935875151
0.8927452381088091 9.466208378468194 -2.8743331387870916
0.7740041469165124 5.695380360424876 -2.7081577238938683
0.8748253262043704 7.5603313726612065 -2.7049756401991623
0.9139768889081346 8.092219283624244 -2.772366562109973
0.8661999732774193 7.238734518853866 -2.716698306937116
0.8603240911158785 8.198488841860872 -2.8718573790313284
0.8856734126162968 8.178925666684108 -2.8478847088519132
0.9198260606063413 8.14889585181427 -2.7488186456674066
1.0609838408564343 12.29956760059634 -2.793082215119896
1.0365882144380953 10.480591361714838 -2.7807684687391276
0.8124248986849575 6.593417993922026 -2.700000587701732
0.8540416609784859 7.313320912757235 -2.70188905886536
1.0237053679337391 11.944336289285562 -2.8123899556328804
1.0133158577123003 11.458033469502965 -2.7736900227968304
0.8968404018767225 8.2162132174483 -2.8340462749379105
0.9317025617803527 9.287159370975424 -2.7227300643830437
0.7248491665248277 5.498888156770589 -2.817137900913843
0.9988143076222391 10.11704877239434 -2.8314744640530414
0.7772218265416322 7.044848200041412 -2.842327507949562
0.9644337943737602 11.021150593852559 -2.818884297804944
0.792995916931343 7.177188398308552 -2.8598159691919074
0.941106508113045 9.845549495731563 -2.7431325955183756
0.9495760180463726 9.843695396347375 -2.7352597975766244
0.9536411150028594 9.22963986038236 -2.715136174689248
1.0775875272080087 12.010957167777164 -2.830091929791561
0.9198733464383447 10.120862119301698 -2.864595113360374
1.094774162695072 11.99677483939124 -2.7821959787003094
0.9919957922285716 11.444051747258065 -2.8105834378478027
0.9471984047635814 10.581794339588559 -2.7970426737102896
1.042611484401667 11.94894311578686 -2.782251565909413
0.9830119747273043 11.15802301778632 -2.7914348028605946
1.0209605318768804 11.9053398313778 -2.8391144459089874
1.0257020398811696 10.897481240353228 -2.7384626657068356
1.0267979501805227 11.331759701119951 -2.8568614586531824
0.7555581838794279 6.56273308331828 -2.815869386349172
1.031437238462727 11.389025019789747 -2.755157640074101
0.8648080555216431 7.688960846781087 -2.835637970414602
0.8252711452956779 7.155961331386263 -2.711222574741374
0.9386042885843171 9.899663263004552 -2.750351350578579
0.8323175061724776 7.602955944517905 -2.729248392292929
0.8579181989855427 7.087390105089521 -2.75873795122663
0.962105807106029 9.792561547299039 -2.8569764374645286
0.8565186758843433 7.866707563031613 -2.7179363604136597
1.055981280596972 11.855245810425897 -2.7667216643598644
1.0474048879087277 10.73578453242341 -2.7670811585165875
0.9331589811904488 10.428987510970696 -2.853221784675773
1.0204285183855162 10.567388587588963 -2.7343902475146495
0.7651062488709166 5.5470782494352 -2.745748759447692
0.7424082844107219 5.189017342514286 -2.7294595500664784
0.7725017913487444 6.87874565901054 -2.7874785217603577
1.0958340066634276 12.338113758932119 -2.79427988580077
0.8123019921060475 7.912627763952159 -2.83055313608562
1.0757370289295878 11.524721879579005 -2.7976300934779066
1.0800544710947975 11.997180042023679 -2.7697237567956616
0.7066946219752449 4.729696198336618 -2.738193745587541
0.8537376463119688 8.255367720141763 -2.747246476532692
0.9810988513883409 10.288547191090533 -2.735872893359737
0.9912640769464418 11.386430189048998 -2.850617477462177
0.8139712705274789 6.464901583554849 -2.7844440473941185
0.9834771599429892 10.440849732272538 -2.862850605662946
0.7769087860515485 6.932704972282088 -2.7802109943719366
1.0328890317107278 11.895322891675 -2.793343333549415
1.0887166391213219 12.393439541363843 -2.8131479881868557
0.9712243067588775 9.918084932500891 -2.727584831177495
1.0605875265175837 12.31515953999001 -2.8085116524377605
1.0092868696219668 10.231291734945275 -2.8187278517073886
1.0857396271913626 12.396803801871886 -2.796037492334267
0.8533419688711259 7.0096072659705015 -2.7522716093777015
0.8661845713310052 8.09056532098003 -2.859959221844743
0.8639985516972426 8.38778275139061 -2.871585293704353
0.9983140095452576 9.759496670219077 -2.7835487472902662
0.9668859710640538 10.08161893238792 -2.7364253100820175
0.9500169661795541 8.795575309205194 -2.7347781377702933
0.9488650696812878 9.270425609380403 -2.7184349639486998
0.9612889622779912 10.77713608273458 -2.7946952489678223
0.9958574632205326 9.822184254897852 -2.802234525738088
1.016898590545806 10.635784648450324 -2.736750628903849
1.0312760329036814 10.413875647037127 -2.762123425132869
0.9139814078386372 10.06856252120495 -2.8320986375755832
1.063446257545182 12.012269631095277 -2.836116949233721
0.7170261086312136 4.993561299933338 -2.7712241661779755
0.8912226439991602 8.71495311201965 -2.7315469175015563
0.9449920470133795 10.470186130216664 -2.8644775582302024
0.9817391475557635 9.482742442488567 -2.7910321539032115
0.7521717886908569 5.877924242516627 -2.8220694255537024
1.0620089201206515 11.21751970070867 -2.7961284992906963
1.087762156953554 12.339636433207417 -2.799696933350713
0.8502968932651707 8.74238481686854 -2.8316056310824687
0.7421862137783964 5.216265610469792 -2.736630949087185
0.8188862095413777 8.035196641559402 -2.8297516126327045
0.8215511976231654 7.839714436510219 -2.862308737219232
0.9672762807298279 9.434662071537563 -2.7226709741254638
0.888083672546802 7.927303648874865 -2.7098071145873392
1.0671466044423 12.15878155546854 -2.830937066541826
0.9232413431708751 10.207176237050215 -2.819200252506944
0.7519604521481287 5.949415811270518 -2.8260489022860553
1.0137152874034743 11.360836843072315 -2.85737122103312
0.9545235579288973 10.774174367543017 -2.848871395247302
0.9483115553682666 10.476980695763258 -2.788268211770447
0.7064873384429279 5.058567439975435 -2.746891453519714
0.8253737444160154 8.103706851018899 -2.851559279388294
1.0053559671056362 11.347375864557442 -2.7813763627112222
0.7743838293708291 6.858170325837772 -2.7816130101198535
1.0718716249016753 12.335511355860627 -2.8124330778756064
0.7067458685128872 5.104547932975764 -2.753231772982783
0.9713339055853406 9.39424898519717 -2.7269560681849683
0.7053361944053381 5.125942935934101 -2.7733733311108004
0.817386071602426 7.465399091533537 -2.744935313670002
0.8992681764958673 9.540754761564676 -2.787374227217447
0.8907125058002228 7.681259915412757 -2.743549595054518
1.0612869326548116 11.330437332552556 -2.7597037362474843
1.0042881973841045 11.083044047929723 -2.8594227037513487
0.9549279002707711 10.79871440754616 -2.8279188349539046
0.7502669073755266 6.33914493914676 -2.7921839303935054
0.8709243833773337 8.622817037878878 -2.8713307297131703
0.7300254062131619 5.7509781180720765 -2.7670255147691334
1.079294018513421 11.702670986453874 -2.7850069554669403
1.0710237665805122 12.291589068769493 -2.803068922292246
1.0145122218622162 11.15492930948209 -2.7592399740866633
0.7641897270049411 5.559528221894872 -2.728018510816046
0.8530566134124323 7.854868502052846 -2.856450136712926
0.9153759936862798 8.255843761590063 -2.7895233266844723
1.0002966768513029 9.834699988692465 -2.7462603845371154
0.8912591232966206 8.811490452393025 -2.739008553989792
0.7557502843802312 6.407226399204371 -2.8284291188270876
0.7140056696692573 5.349826668796367 -2.7883038682166426
0.9618463685891445 10.736580774977645 -2.8602877136141887
0.7493931083595076 5.7789580897122175 -2.8140909036296216
0.7501246895296999 6.302342077624358 -2.821128138194206
1.0142784774225337 10.159093435053553 -2.74727845756966
1.005366328531339 9.901799414130258 -2.7603919969980395
0.7674743414211638 6.44373619206917 -2.8388747102786196
0.7804553842817807 5.897983701327772 -2.7691986507369855
1.0767093152716787 11.667622127423584 -2.7884326931076546
1.0166760620289073 10.887056746780196 -2.7469207468109413
1.0551038266097585 11.164448351560049 -2.8032628052587807
0.8625000482062442 8.43284850096121 -2.7516349204160537
1.0136713514453741 10.735845512607607 -2.7430660713272554
1.0664235637619095 11.868560188544407 -2.773525293575509
0.8333815911713061 8.123776910926882 -2.8606761294650305
0.9040073623606701 9.828812357294495 -2.834695160562209
0.9582525369285277 9.251038906830619 -2.723676526899203
0.8059811460770322 7.4395980783400955 -2.855555696209625
0.9269324274420963 9.214266556761995 -2.72858300733811
1.0355518852470285 10.588468266043115 -2.7620316745353364
0.919621525229212 10.001769478121997 -2.7991974750967796
1.0224087997231042 10.379797909804616 -2.7967735925214
1.013888319606456 10.595828665139468 -2.833787543473599
0.773002439541672 5.777333294889938 -2.714999885324048
0.7841307204435146 6.799669925129 -2.7495129337392914
0.926103621318519 8.354337557838194 -2.7558798140715153
1.014200890231149 11.391710353782983 -2.852624234365503
0.8085482206548136 6.3125697184760625 -2.7216367885558626
0.8410313767666697 8.46551634549689 -2.844143108741136
1.0313191349851911 11.716233131858015 -2.7868734989418926
0.9418717472433612 9.61976881290548 -2.7368606513273184
0.9710066361995321 9.267394974554069 -2.7798445095631763
0.9648163354890238 9.201015761411732 -2.7338106532633435
0.960516087851992 10.814161949713236 -2.8473020979244694
0.9569777964804911 10.761078385260234 -2.8152885913787906
1.039319365289187 10.71802573884191 -2.787255197188302
0.844444593201009 6.9841002503770175 -2.7172797083032547
0.9627838033584626 9.14713260625345 -2.7871113579515665
0.7828306739678794 7.0329078683137265 -2.7853898263699968
0.9487365852199917 9.069358820664629 -2.8143648647115
0.866366236101445 7.341309732710935 -2.72255460162981
1.0705019232627095 11.767731768706465 -2.7755672696009017
1.0570493920782682 11.328791951063387 -2.8096839363012247
0.7759900451808565 6.928463723157487 -2.8283685853362144
0.9883926979744275 11.232347349172832 -2.806149809291435
0.9254390711284591 8.867986964927457 -2.8362774006695615
0.9923564302653296 10.928310463428062 -2.7682285707145793
0.963960009135904 10.66444822301355 -2.8607018732473675
0.8657528887255026 7.82616436282502 -2.7157746115824235
0.9578154715240502 9.046905596311072 -2.7847372332562124
0.8788804703507931 9.004450071771911 -2.7768569796794322
0.8552815181511388 7.095564329228043 -2.7361814178001236
0.9448980080777591 8.79482084166987 -2.7825459169804017
0.8904941474249168 7.922279450569303 -2.7163856271704026
0.9841466418803593 10.034925039089888 -2.733665235910812
1.0102070149002558 11.602224261173424 -2.825300206945136
0.9277211145772752 9.960720707425663 -2.779396160182741
0.861905374643047 8.626543769113075 -2.8648587342245344
0.9931279742068622 9.747449082455093 -2.746249751040069
1.044361820496737 11.793170036709347 -2.8357492187524915
0.8605227891144427 8.37246836384053 -2.7524509195477425
0.9333368679470236 10.32136352858452 -2.8459881996041734
0.9338886668057371 9.400072976748504 -2.857224869677256
0.8990057779837076 9.351601644953949 -2.8673928668628967
0.9171575167673239 9.98986412354835 -2.8505977521246715
0.9799257731252509 10.061671094279365 -2.7355386133475177
0.9277956466507247 10.242926004712738 -2.8322031729027923
0.9381644428969642 9.705557638934401 -2.863876271851721
1.0342268481267234 11.834856634726862 -2.803072267692611
0.8890534078288965 9.40983599748349 -2.806351968687722
0.930583534871469 10.09230827155564 -2.861687775209202
0.7378522137116006 5.29199091358376 -2.762974005360638
1.0104848661121015 10.096680077318405 -2.780670579290824
0.8567298271540528 7.640993892082199 -2.7160410918036177
1.0381162331812623 11.899042339939445 -2.8090699582030183
0.7872420091533843 5.9712132582752835 -2.733429700023464
0.830711234262091 7.5550245282825506 -2.73603023579908
0.9874191444767255 9.920642475753542 -2.820861145013035
0.7214611527916835 5.073672719339376 -2.754101680756434
1.0274486907292784 11.744214563987486 -2.8319970877278813
0.9896809578614116 10.57030090108069 -2.852883668476259
0.919079837014328 9.687766051821937 -2.7704134687775115
0.9053528608074736 8.804518787643566 -2.8537622813115933
0.9572676062027377 9.053501753649185 -2.7831753893980524
0.7698841458115016 6.170080425152195 -2.7263888372108873
0.8519362645193554 7.088401654118963 -2.764940428920367
0.9399870736283019 8.684113830483511 -2.771080874892472
1.0332335213366166 10.857794235876481 -2.814373722289403
0.7174554504350968 5.0884609030801435 -2.7617422045251185
1.002320996488695 11.180352180803348 -2.850722740477279
1.0590238473723144 11.799422560527304 -2.781378581999615
0.9568730871200379 9.845294414651613 -2.739849466682985
0.8673277443134395 8.480209604766241 -2.8639562290395224
1.0164157868959727 10.656728439307438 -2.8280562850721385
0.8412512864565442 6.881090886554088 -2.7526186846306673
0.8777349690897281 8.094112931462826 -2.720262400131296
0.7321610002091339 5.774645648555182 -2.7911777402887354
0.9754307655767648 9.378541588245218 -2.750516832905272
1.0198973464093513 10.569030688439712 -2.7472984141004546
0.9676899504107663 10.048372156448684 -2.7420197256461796
0.7377225968200762 5.274477975870626 -2.7534195752520563
0.8300816509481781 6.7062842195208106 -2.7590341706929244
1.0151479437443705 10.202173079696088 -2.7736503137849597
0.9245770271333725 10.101470503966292 -2.8101991070850545
0.937384651394958 10.061916210152939 -2.8636158693971865
0.948829154981862 9.389800454791631 -2.838556954214104
1.0448212169741884 11.517580993404444 -2.770242061666
1.0017685322126046 9.911431986685411 -2.7640944101695193
1.0433792627004572 11.157632542085354 -2.816717365873551
0.796921468795639 7.270455531954805 -2.8432913938735114
0.9805632481414861 10.178467534220632 -2.8453934361875133
1.0252526946928657 10.757945402037345 -2.7506555004704643
0.89091943709862 9.476558600192654 -2.8217308842893365
1.0087248841090488 10.114372544381306 -2.7547215380824297
1.0015559492839863 10.43918708016919 -2.834074271634959
1.0266630252395883 11.729266167204138 -2.8145864691216023
0.8118616789598916 6.685974695488246 -2.808831626972302
0.9737435441547909 10.791828473009652 -2.787215077840467
0.7975406333556462 7.260426282050824 -2.8432635549815917
0.8894440913274279 8.992204182607765 -2.864786538042611
0.9752917704608511 10.545646035731691 -2.8573029510785517
0.985202848370631 9.60615302287576 -2.7520966357128667
0.7963028118692237 6.154281369762538 -2.7526767045903195
0.8188194853732399 7.457611505132455 -2.8515410754534587
0.956412633157453 9.005933124451314 -2.756394095405051
0.8573492109478736 7.577296797352334 -2.824311697443311
0.9786265854243865 11.003668595037881 -2.8062182196203365
0.8064737288245083 6.720715612260409 -2.719039259845536
0.8910909401774575 8.719180073632288 -2.8586742117554684
0.856822096723777 8.301394146996767 -2.7563515724509093
0.7907952415837016 7.043484767089877 -2.8411885445560294
1.0197714044866022 10.57213758263833 -2.8124369551327444
0.8383135256279808 7.118669918391437 -2.8084461207335334
1.006445281018669 11.217531205105464 -2.7819867771927083
0.7418781389480749 5.605085750202255 -2.7342749321890985
0.9359924548604397 9.326699096794085 -2.8476731258509913
0.9679375429839865 10.87851853162277 -2.831107014705194
1.0402290446465616 11.629789885598353 -2.78379863799715
1.060934250076216 11.643122805068252 -2.7848711058578433
0.9041398525257949 8.21000542081617 -2.723376864320472
0.9677930107354402 9.457137820752834 -2.8085538858344927
1.028401711197986 11.683275624316023 -2.8059633690768306
1.0423070937515961 11.789143562912203 -2.8001071498890617
0.8419847934315289 7.130245797720189 -2.7170204657521024
0.9132052107569826 8.525790810292428 -2.7229098381718
0.9153544542045698 9.83344547014824 -2.8528265493542833
0.8397193373516468 7.074571217757511 -2.7982533083149166
1.019846922829319 10.368847944522937 -2.7755382846395573
1.0146942194532764 10.344467478679372 -2.754220034912103
0.9846002394714272 11.10550078606038 -2.8130131931073876
0.8139694770224644 7.568321195517276 -2.8479986108927235
0.9469594858858341 10.244476736157226 -2.780387508583388
0.9881776769193749 9.712522146545965 -2.7519725295335413
0.8752966679213177 7.621531756145019 -2.7879710647870812
1.0072248942563247 10.26574237860443 -2.80726080441213
0.8635502494961753 7.95304384120261 -2.7273082133415936
0.8946348134630179 7.867585768207088 -2.7611650155022653
0.8872245132485372 7.939314440837776 -2.8045478438336056
0.9649362208396368 9.802940162225822 -2.840064140959313
0.8479468469943514 7.029837163623288 -2.7455474662037327
1.0034814252391937 10.255202769035119 -2.813673484838058
0.7813799828160195 6.42924086676395 -2.7321692959860364
0.9553660753318562 9.26482851271271 -2.732520688349414
0.9422325789365075 9.298044379114693 -2.731676658461905
0.9808413763577313 9.53165730090533 -2.76450704537035
0.9926861244566286 9.855110557295063 -2.791520095361637
1.0512556984586647 11.772260289145782 -2.812852066058235
0.9407726489807828 10.170508310872346 -2.8561334125724764
1.037647116786587 10.893947045737628 -2.7686033855220202
0.9552717758983319 9.952277286357825 -2.7503218876475826
0.9312456055012694 8.749997957179108 -2.729180613406086
0.9159902355233834 9.875672787831443 -2.8086982623272188
0.7827739975918591 6.680720464457829 -2.7506590669356497
0.9082756811494079 8.665094743286733 -2.837337018678283
0.7620394706359476 5.901705011123246 -2.797215831325425
0.8777117364607999 8.257975148460414 -2.8460523744148722
0.7850889406964948 6.889734875889902 -2.768998458345993
0.9569146471407683 10.578909972653403 -2.802689637112993
0.7648494746136625 6.114646517650221 -2.812773077452253
0.9747779475599725 10.838095359405772 -2.8450720770784903
0.8436313987580255 7.425081749616239 -2.8276640218986833
0.986222473546017 11.112940896340637 -2.819424362415061
0.7641151038122379 6.53667777958854 -2.801939768979312
0.7403203814097751 5.387524882628673 -2.7502156331886467
0.8575638465549669 8.480249224912424 -2.7759390892314095
0.8650908807759705 7.925967745560901 -2.8383187385297264
1.007200727099623 11.103567750560138 -2.7768576626416817
0.7533060256975609 6.245354210041872 -2.7960045808295044
0.7571702257252689 5.652073228183951 -2.732183487993434
0.8464092314163116 7.391947139509159 -2.819824454619435
0.9380710091511149 9.104529047512978 -2.730540325248946
0.9233750620134161 8.651260480593901 -2.809232881982936
0.8350070774242587 7.836949357060062 -2.7579932535588956
1.0224305142585608 11.43437088835401 -2.831835320113269
1.0238851054216835 11.51707397612465 -2.7990488551961663
0.935438274297637 9.277418252494027 -2.8417648040595305
0.7499353347975841 5.640442989865569 -2.733970806017476
0.8062594062273482 6.430916819198618 -2.725500770188746
1.0169930442875559 11.420926590590467 -2.7978003986250553
0.9313238872961755 10.164590722670328 -2.816257041608778
0.7807467197236998 6.8583892657485555 -2.7824112932957954
0.8649072581429174 7.357517378033508 -2.745868830761135
0.9978215782420812 10.687570092561758 -2.8410695580215606
0.7993809522608407 7.132175745196715 -2.839166002778777
0.898048479262049 9.44091902957346 -2.850194841302357
0.7892704605895253 6.535722233857122 -2.7316587115647697
0.9354474605969825 9.045303366173997 -2.730937366456849
0.7347168071880311 5.568490045830081 -2.7570581406177164
1.0144096638566749 10.935768974937597 -2.7640968116517697
0.8505351758649639 7.72867750868299 -2.7307701530454
1.0150574098676555 11.451677441503872 -2.812502785037814
0.9264559555318337 9.510232211964382 -2.8563203517223563
0.9344337075997335 9.399960770626926 -2.8478895314177866
1.0303314149125105 10.72724058779613 -2.7848469889544205
0.8613079415819179 7.729430660308251 -2.7238830293986522
0.9157889891025759 8.360889063995012 -2.7363862020124463
0.9211257411245768 8.794447100249908 -2.729066196676298
1.0244987675931414 10.593621821164176 -2.7698584981764807
0.9145275311471974 9.849778558764381 -2.834668184583151
0.854687077204419 8.471736253431601 -2.784816620188539
1.0245843675121658 10.924724745022035 -2.763138563098022
1.0383794158326325 11.629056416297782 -2.811210439519648
0.7381334457844808 5.456614283608528 -2.7659381227971016
0.9109394827516533 8.647597331650978 -2.728778044207215
1.0181751244001092 10.807250278282785 -2.7604531559670367
1.0403209398314845 11.548751849432279 -2.7921858005861475
0.9496298338331068 10.20505713950529 -2.7780837557016897
0.8153143955295241 7.518422813815215 -2.769972754691416
0.8157366419443148 7.613960371874803 -2.7814401029873794
0.764436648239379 6.46763545325222 -2.785800304539379
1.0034875447059066 11.286485592949399 -2.8200448407963368
0.9907811999193076 9.927365655798647 -2.799585177091605
0.8023327373569391 7.073484320683563 -2.8369452544392733
0.9106663544241578 8.798232825166242 -2.839335071257685
0.9358127744998721 9.38117570499807 -2.741104950177416
0.8994496497561304 8.01659909776038 -2.7666458765001405
1.0361720080829833 11.119415896981927 -2.773932457923551
0.8858587609524189 7.92633953437161 -2.7992598556114485
0.9657883889464547 10.70251535898884 -2.8098468173654716
0.8435171726734935 7.2569405699086325 -2.806599770418484
0.9510895188310337 10.111245644201292 -2.8525951694713534
0.9571852170273712 10.040690702965918 -2.849887286740329
0.9019015288671374 8.406183677275227 -2.7279367266819063
0.8034720003663669 6.956925470244834 -2.831710561938951
1.0390068805533055 11.098641699244839 -2.7969322479452474
0.9669968530853491 10.336713490100786 -2.849167888052835
1.0413571396250583 11.496946145968886 -2.8084017320014736
1.036799505381536 11.529502053376932 -2.7992472533654644
0.9160409970688292 8.976172521300128 -2.737829414856397
0.9811730148151724 9.900035657130129 -2.816199772889861
0.8380441089426844 7.049124453183034 -2.7890916238770855
0.8045940791508739 6.448722230389344 -2.7286419294819324
1.0113504753986997 11.112378348858902 -2.780695974471646
0.943142365695598 9.256979041572881 -2.7362805236862036
0.762694353853413 5.969625272663404 -2.7952449703431306
0.7470685180967103 5.826171791470955 -2.7923242819321854
0.8540068436124146 7.305027195507628 -2.786372955858796
1.0040229021636802 10.4719207524266 -2.8202642305611363
0.8226664011014941 7.051960004455484 -2.7275920497078063
0.8386016114137236 6.968255931247854 -2.73533151959656
0.8312226000012436 7.223018573081129 -2.7277843872355962
0.7450590799589392 5.756368829269387 -2.7554840492101853
0.7837396961744195 6.910517966948196 -2.8193499353492597
1.0422935075734778 11.387867304297291 -2.7942608464036214
0.9373594880109806 8.753292326041018 -2.7527200937843634
0.9134184042284523 9.602990685515762 -2.7857063598129983
1.0171045921209085 10.897761929033136 -2.823700172655027
1.0243388004047813 10.830465028905856 -2.7681952725454217
0.9645196562341025 9.423107480588524 -2.7447088653275005
0.9854728318639954 9.936925872518731 -2.748889598587567
1.0040277610766912 11.177815137322344 -2.798635886995065
0.8028737656600923 7.116083731127933 -2.758468076452119
0.9895241440628966 10.293412095391796 -2.7529856788985083
0.8682353674873982 8.155242553480715 -2.8431752321206476
0.9485542002878602 8.99150196935867 -2.7764023378891958
0.9708169523894576 10.087599545945192 -2.7525417361019002
0.9926366615836768 11.069968513842232 -2.808228814730896
0.7919568019336654 6.2085661836262815 -2.736662661928495
0.8183223434907626 7.362687571507509 -2.7516574191281924
0.9712512711632437 10.755115519996725 -2.831542675074262
0.8963576158720142 8.94982554915362 -2.8530260304552786
0.9506623568808834 10.423351897965123 -2.833869472345839
0.8741760463698602 8.572318367247023 -2.7595628149175564
0.9679601782891412 9.580272134063087 -2.743991368280178
0.9669190352742334 10.589503557257892 -2.8414929844418304
0.8561088178823069 7.564396692061531 -2.7264491567405544
1.0259915099791694 11.178295545877683 -2.779955033085364
0.9460490794494855 9.664103656772253 -2.7495196175493226
0.8098902338314984 7.0692543954676035 -2.7431930482235085
0.8935441240564024 9.069356753517248 -2.7709453815765284
0.823565912774333 7.176554207194159 -2.7334609918701425
0.8096791787681289 7.0643251053444125 -2.8302726417026767
0.8210209100147651 7.095845478153462 -2.822596952264875
1.0340198343572173 11.081449827121792 -2.783594862150699
0.8947015059122013 9.125635263080744 -2.774731475035038
0.8846406976824377 7.893134964939183 -2.7924769361685375
0.9938178487415301 10.983705938269784 -2.794680747862273
0.763988524967955 5.866551491661979 -2.7743373783113903
0.9789397483056036 10.802601923691327 -2.799500287668668
0.9801443357132439 9.752905008066943 -2.752132761449884
0.8799593302040474 8.03751586137678 -2.7292379698985525
0.9393622227313723 8.986015754333678 -2.804311356142156
1.009173146311714 11.228947708253154 -2.8036696890452366
0.9046507608799702 9.30969596758393 -2.7747680265657726
0.8260366079540865 6.956915948691087 -2.727466368161285
0.9446714559785052 9.544099700049877 -2.746324157079469
0.90786463448349 8.79572963596957 -2.7386301846864853
0.8370925671814203 8.049276644567463 -2.7853353136172467
0.900345334275516 8.071864828352226 -2.7509019883070867
0.8850603044102323 8.014578329326895 -2.807475426224281
0.9419574211299919 10.182277925476237 -2.798103625757588
0.9052790558959496 9.08802723381001 -2.850769065781833
0.9530222404930757 9.374225117249509 -2.8164099142757344
0.7701249388946677 6.24460619503132 -2.748082575645498
0.9937310262906416 10.234268879772698 -2.755202888699734
0.9623300327782515 9.320603458510641 -2.7539454218099593
0.9225507736206415 9.736104401311103 -2.7855940862304225
0.9853514002712221 9.9164129746645 -2.8031495742118038
0.9011774694982735 9.31076644052395 -2.8496087472507137
0.8783595732675615 8.493724103936806 -2.847407568597327
0.8977320639976691 8.104220087811203 -2.7377188350304733
0.7563911751668286 6.036265063774251 -2.7607492143789782
0.9807773363498082 9.813593156928176 -2.8019953624217364
0.8826376093686725 8.335461618649559 -2.837217109375337
0.9115792730497746 9.438863597613462 -2.7762465281444095
0.8096953678550138 6.520883660630451 -2.76581470179229
0.9990439120141226 10.778399573354074 -2.7737737266367413
0.9657084753538311 9.544210178138396 -2.806431725517413
0.9181272329193069 9.788998225458323 -2.807242248046867
0.8189867340170612 6.707776518358696 -2.7751856856032555
1.0087750999409208 11.196028628871701 -2.810366384842104
0.8680016836189346 7.508900773974932 -2.766721604704209
0.8492497363911625 7.259538941213507 -2.7854706402336915
0.8533159810160098 8.18341729162235 -2.8461010102011066
0.9481888018188059 10.347538574385101 -2.824542525476731
0.9132278442614445 8.355541886519532 -2.7755714204327933
0.766684039406941 6.353291906978595 -2.7714019626963706
0.7797955342508871 6.778929793990154 -2.80080951226843
0.966650540633637 10.640712226030294 -2.82168907655129
0.8955697843473636 9.288111638831102 -2.84283721185394
0.8406329464963489 7.768411004123406 -2.8402594674221957
0.8661348979851015 7.468324107510721 -2.751150977852391
0.8346472224780601 7.3404010751174695 -2.822450692875507
1.016147073501692 11.233074600625896 -2.8056090797073603
0.9907241201651423 10.187744370214823 -2.7566725424626934
1.0245647841785313 10.926689134545615 -2.8016546037960817
0.9687735844085075 10.626970679402286 -2.8307815471478524
0.9304809542296384 9.068307338299997 -2.825304026017082
0.7917961052745834 7.02350011415868 -2.8182789585910912
0.7645943223624038 6.356807171322042 -2.788963975379111
0.8691997974439913 7.649282349670173 -2.733421993888168
0.9328723998773034 9.809910140130233 -2.847288648596475
0.9588176450858574 10.494190270617958 -2.8109094870254836
0.9658160668412434 9.763367728084036 -2.82333161081395
0.7941338212029316 6.280642517593468 -2.7595682028850987
0.9457761937156586 9.83173282548734 -2.844694628711976
0.8305471733769948 7.0420584326204345 -2.73094202792993
0.7707933906989003 5.960695717722968 -2.763731092717629
0.8447833634421753 7.93317890997537 -2.758933350679718
0.9544791768759089 10.399636152493844 -2.806166937431259
1.0001447057272101 11.060794621221305 -2.8164886482548055
0.9849055614211921 9.973214227831592 -2.805826486209847
1.0224423440294992 10.983872273467481 -2.7824531667198897
0.8596851980195721 7.364409773691284 -2.753771586206216
0.9800376348981723 10.235527881455893 -2.7597798526785167
0.8957203615739473 9.149312422499598 -2.8472999221592694
0.8430989363360877 7.360086535063711 -2.7314838305799496
0.7865869237689784 6.769386661364207 -2.8181092841066526
0.9986588193910817 10.144110964679252 -2.776650825052545
0.9282481044640247 8.658307835225585 -2.753164226146703
0.8334719388148841 6.9684148607376475 -2.7757063983466423
0.7908369696386344 6.764390464948745 -2.818773816167649
0.9228781856496294 8.799878566595549 -2.8131504030086547
0.8950098733853838 8.99482290537296 -2.847925535615251
0.8748023791400026 8.039737523804778 -2.8233223561890792
0.8607250116618768 7.4150153987153065 -2.7698090681143572
0.8033124305183983 7.173788390081072 -2.82634816373647
0.7766552890550014 6.55738256127163 -2.771075968990251
0.8434951026307985 7.162697796320134 -2.737045797026858
0.9488774567033416 9.435481435195932 -2.823155673623236
0.9752801332574821 10.432009547395776 -2.7752796413920575
0.8504979327951341 8.338625607771938 -2.794177558953737
1.0152691056414471 10.952934585291201 -2.7832727052378003
1.0012082361117458 10.298533460111425 -2.79588350139294
0.9718477725821819 10.492492789516856 -2.8356384225785773
0.9432165378514381 10.203922592472983 -2.81206515642698
0.9136641061685125 8.459928205015917 -2.7435357878570645
0.7758048829338957 6.0797418504448615 -2.747987672755049
0.9509672250751868 9.534849170775823 -2.7485571087375518
0.956893321159948 10.395617998381349 -2.803636152235375
0.8759188489458041 7.848693706490987 -2.8005240043065394
0.9265416614875415 9.122039707195118 -2.7449541532952724
1.0066222289301547 10.598301233597605 -2.771572985290986
0.9774783190873999 9.953382796469391 -2.7557390946856577
0.9173447244569822 9.404680408512839 -2.845691689678218
0.8002163074256522 6.740600495628636 -2.7430574152972746
1.012786755449273 11.0665722102255 -2.8070172558193884
0.9907601847316195 10.10985574175404 -2.80082385163801
0.8627467754383755 7.7524346253964955 -2.8144089412290727
0.8598676297881975 7.912683038598464 -2.7413853212846346
0.7954181425502245 7.092324923706026 -2.8109734683767513
0.9104282983032932 9.600634542614504 -2.8125251529980213
0.9860025558582746 10.430871446527519 -2.8276136308178623
0.9575707184845261 10.009739998780416 -2.8379657869747734
0.9550367192606087 9.235373710513702 -2.761007861414306
0.9462065528657555 9.87179376644159 -2.8407856984318998
0.9182896429450305 9.749980741332857 -2.8187386346377235
0.9528029277472925 9.77375517973559 -2.8343224619018543
0.8849519239954002 8.877795685419066 -2.7768823405350083
0.9719847840228835 10.381629890382415 -2.8340792519404143
0.9477279454203231 9.580826832400435 -2.7527312059689004
0.9427376266857117 9.148347681813158 -2.805380458645868
1.0045702479152283 10.974676850212354 -2.801212320429972
0.9276184786162001 9.806470891149536 -2.793413639293
0.9349046154782799 10.027952085482186 -2.812245443886181
0.8293299635879838 7.616315413298246 -2.832926133129957
0.9170980717479735 9.215006742349972 -2.841017433296507
0.8939080263133021 9.064333029398705 -2.8430895111918995
0.9699730894495876 10.383151189491354 -2.833291369891538
0.9898217993676708 10.035260042097851 -2.7844384633397605
0.9747748034451558 10.639694291571136 -2.8169843474503153
1.0100301489082797 10.735606701884084 -2.8032992698202817
0.9114906320456051 9.45163039036192 -2.7868570987145453
0.9557463915052279 9.750119880414879 -2.8286397760760944
0.9448281277964268 9.534191134036082 -2.8294661461769093
0.9673079425202892 9.770916413540423 -2.7563826850330084
0.9091347303605664 9.546952604062652 -2.8212161498485067
1.0050422481290706 10.720300794163169 -2.809975196447755
0.8434143433505928 7.213043493484208 -2.7823317612071023
0.9248172277815154 9.489751030839292 -2.8411475842263574
0.8274953184314238 7.695922902290198 -2.829446714369431
0.7697666090412748 6.191729497805348 -2.7632011769904166
0.9247271643544773 8.74135659365693 -2.7947461346770854
1.0012107983745828 10.891135659090338 -2.803543053202826
0.9674605297409743 9.748554473605633 -2.8109864445870327
0.8302749645000167 7.545512500439866 -2.8291204012726774
0.8898074077048193 9.065611046741347 -2.8365579563428702
0.8385275785492932 8.07097419892703 -2.817685246246783
0.9687821796507586 9.569559115964713 -2.7770821407683552
0.9705823162883918 9.651977689530518 -2.790304904665434
0.9271880831971495 9.466975946730114 -2.839092843085032
0.9828433725267609 10.378794122330651 -2.823398536680156
0.806116147447903 6.553268424097356 -2.755749072617162
0.8116982098580854 7.242795629653413 -2.8224334151062607
0.791792032179742 6.475965405237327 -2.789508488161079
0.8722698597464598 7.6644106372596115 -2.7596143920429377
0.8869969760682161 7.933950686347561 -2.764956332987341
0.8341806758655219 7.0041494884583875 -2.7568536527164804
0.9324810559401397 9.80336234239011 -2.787088796055686
0.9963739951055528 10.821877140059044 -2.806125145863536
0.7911723196037139 6.802776591687203 -2.770328960947678
0.9630220249056187 9.690462061560144 -2.757116317151314
0.9691762329170786 10.363557166816936 -2.8286135749935397
0.8552794856437469 7.484348910871944 -2.7407207470744765
0.9665998050384716 10.05954267066056 -2.7673112388231695
0.8721643541889532 8.78722431988584 -2.815169916180203
0.8843305716031469 8.70481904641547 -2.766554214439255
0.8316349452835143 7.173768681507154 -2.801704164263093
0.9690318026518019 10.133410616489321 -2.7701532576373564
0.989256602702325 10.68602503192703 -2.7951921365222003
0.8534264646645557 7.908162496744499 -2.829792474370892
0.8826496323807254 8.007731870634949 -2.797567635744617
0.8293394747047191 7.0417687159680025 -2.7422038744781316
0.9909661173188808 10.276841997045295 -2.7731648839509377
0.9040506297307607 8.386767813837253 -2.74594272551244
0.8224815215975201 7.678522946799081 -2.808702335649814
0.9421512489593427 10.02830286825258 -2.7979709892140434
0.8336209623309244 7.7117878003951805 -2.7689073036896064
0.803334565287255 6.744592895526628 -2.7476102998281444
0.8618326493533264 8.318632444604763 -2.836066536000561
0.7762031074120193 6.439341006277433 -2.7806660175528224
0.7939316602482036 6.957790994470592 -2.789894203283833
0.90940128780738 9.35354469975997 -2.7849059206590856
0.9860185292929371 10.051543282479003 -2.7904630698644386
0.9724570093949276 9.702551214554214 -2.7751043398667203
0.8622532648891403 7.54345526525207 -2.748762305784021
0.8566519557950181 7.435918140723228 -2.7501211318588847
0.9180279799390616 8.553682053211102 -2.7723906050881197
0.8391973855156881 8.05161120296979 -2.8099116383792495
0.8776763346749272 8.616529444833827 -2.837333675139982
0.8658425707642912 7.582007418538415 -2.7667769370274415
0.9206513975718786 9.184683652282123 -2.832570560569504
0.805774650265277 6.827854710766042 -2.8025479311930974
0.8141998666064898 7.020393300776308 -2.7494187448098177
0.8538377090847126 7.92289180590685 -2.7541815027355883
0.955283872863725 10.126563546510859 -2.8298670551052836
0.8060300671778448 7.259677935344091 -2.800499833846499
0.829075985274303 7.203463682958743 -2.7442691896829796
0.9291751643937987 9.57477659448759 -2.835844401024394
0.9323004489763311 9.029821968844022 -2.8065415655422115
0.8578906230490819 7.858640019920216 -2.7470982345404895
0.7885475257330647 6.511840956268635 -2.7906376305872373
0.9503692770640098 9.496729700686489 -2.756980160566626
0.819782507781314 7.58019011463854 -2.8000111577210185
0.9957963269415848 10.472032137510281 -2.7848387163055275
0.9777162945302736 10.509794455621979 -2.796501299515685
0.7935322756988741 6.829354518242404 -2.7732423401573563
0.9953230181714251 10.459995455271857 -2.7847654932346715
0.9769865590327322 10.263291709131757 -2.7763297995080203
0.8030040967579071 6.606720381545632 -2.75223687679563
0.9134009109287108 8.78827159221236 -2.7487817189707986
0.9210130894375654 9.517104874357985 -2.8348494662952417
0.9079375330482734 8.480098189530846 -2.749293462004037
0.7933875775031387 6.713105546281461 -2.7626536306853726
0.9294323196714654 9.831695457920626 -2.8129878966176456
0.9417735769119635 9.705123582773716 -2.8314891117610923
0.9008494477635214 8.623250133579713 -2.821583976183411
0.8367540901765746 7.498342577236044 -2.75114943349953
0.9035905570158469 8.359358783110967 -2.7519067867018068
0.8586892236143138 7.491666522341134 -2.7721634638988717
0.9485477533203384 9.7710742189566 -2.828208881066253
0.8883977590572953 8.063664068114853 -2.7518237549427536
0.843748679635121 7.27601120940957 -2.7489665072315494
0.9705735967254258 9.750698033126772 -2.7902007924304866
0.9476166527828305 9.57671730619066 -2.7616936961843512
0.8773969490175086 7.877772328984576 -2.784951825363544
0.7846403855794999 6.447986127437823 -2.779660468787173
0.9043126070060605 9.344054975714453 -2.8064990974066117
0.8398885467938731 7.764558831415696 -2.8253253105501903
0.961416398498501 9.539302231248477 -2.7880438293454346
0.9531323326664163 9.52395677775653 -2.7612031820558407
0.8640716145755956 8.120036919569051 -2.7573184834960056
0.8431180297972215 7.519869117042704 -2.8111794525834126
0.8152082789558897 6.846329674169735 -2.7834203285604384
0.8955416016533391 9.069842420152126 -2.831534350434408
0.8820391145009017 8.133205071563758 -2.8074424181547846
0.8549733454826707 7.65980076210315 -2.746090086991236
0.8045476814186621 6.948630553191771 -2.80530663828061
0.8019008463576589 7.035849786646418 -2.8038569054381974
0.8603259254528486 8.1404356713413 -2.7640722467969967
0.8572765249804839 7.570895041257414 -2.79072386273233
0.9762630081351492 10.44678114286255 -2.8069369718157375
0.9487385095633032 9.602752999904995 -2.7635576486111937
0.9176857514434069 9.339655895943526 -2.8326490969111546
0.9179079238673891 9.58557088189678 -2.8154097585129207
0.8594016270451322 8.40962843573698 -2.8199482627828925
0.8361780656256419 7.21811472159665 -2.7892220995654444
0.9199268715295772 9.615939148777489 -2.81559170187034
0.8074739848861654 7.18592150737487 -2.8043820070888597
0.8014466670075506 6.707004437464234 -2.7878624468213156
0.9239450086269327 9.682751858935461 -2.8127875283257033
0.9661938460277832 10.296985606365803 -2.8138535792503565
0.9093916159966462 8.886663613360303 -2.8243287152203838
0.8771731267273856 8.070109401344805 -2.748285788458172
0.8901214386040962 8.982470268481732 -2.793651125558386
0.7955283062893502 6.7034178889195655 -2.766826240050564
0.9322716147345221 9.216428669594775 -2.8157973699413885
0.8468797805142794 7.339210788198035 -2.7557123940848465
0.9652282536060639 9.849765887996705 -2.770851595564598
0.8248849353533724 7.365704408457504 -2.7630741101492395
0.942594641971635 9.874215282928922 -2.8240761486153616
0.9048315408167295 9.091130681163397 -2.830701513360297
0.9805641273573603 10.251728364638474 -2.802314776925248
0.9203694576855296 9.066708458151803 -2.8206765452675455
0.9387729414964281 9.819671061411348 -2.791604715248437
0.8307539479861085 7.079982611538921 -2.767367494989614
0.9266098018661075 9.681224070386016 -2.813905084733164
0.8835396034770462 8.088145666134311 -2.793297010500872
0.8533559436427471 7.531353705204648 -2.7527574380965687
0.8728062885806276 8.007103262575926 -2.8057246382517365
0.9286978996179847 8.885518291954469 -2.7754085960457724
0.9059193400097263 9.136723467895095 -2.82809402514157
0.8268869972037893 7.586939542658909 -2.7862301510836716
0.8387326019616823 7.8409521492883165 -2.7850686768839994
0.8444602570475184 7.3230283242618315 -2.772375360334272
0.9705892134188723 10.205387850192462 -2.793015043932755
0.8285833549172775 7.515902057198417 -2.813420311148197
0.8628829121500246 8.261822334505354 -2.7754350050787213
0.8161526664374835 6.92768799082035 -2.7826874637914147
0.9631799603704256 9.805781801820949 -2.7755761290861827
0.9588244819819152 9.724135577889491 -2.8048133987837818
0.8896090898304921 8.266386420558971 -2.800335830521547
0.9075358240469702 9.29727682657559 -2.819698353889026
0.8830821893888792 8.404030946087556 -2.820214619093388
0.8122582633302777 7.175958641538563 -2.778322728563293
0.8564564111802553 7.921737099585016 -2.817303279020793
0.8579484428944524 7.5828536788313325 -2.758483148302677
0.9358672110200941 9.299170233695186 -2.764653629818323
0.9723519762073409 10.072313745037409 -2.7961257990270143
0.8448259597937489 7.966267402428273 -2.8158803819386433
0.9504512221615933 9.805682061161798 -2.7801967870553006
0.9285025129355505 9.453178636071932 -2.823280735974665
0.9430876331600337 9.524098538765747 -2.7703771204737286
0.8947808033243153 8.593425362151507 -2.817798457280242
0.9135846325345796 8.614922025053978 -2.7790963708802385
0.8969588489165095 8.293947756811658 -2.7647942845675755
0.9459961063848108 9.463195251530289 -2.769135618180865
0.9287275943489406 9.62905694367396 -2.8179705258753867
0.8635020713793571 7.882782962209371 -2.7546555995076174
0.8387950463254613 7.389985323727394 -2.7560671838949355
0.9143640500307271 9.12229107622844 -2.8227824112273647
0.8793084532016527 8.070969238312543 -2.7961845256025772
0.8955029104936045 9.043293989985944 -2.8175008552802434
0.9347653775095994 9.741029987375194 -2.8089046071683965
0.8432047688104999 7.586637450385714 -2.8064631414679955
0.8254014997744669 7.524807523034576 -2.799566690430966
0.8293105970098047 7.184359664841205 -2.761019927028495
0.9486517972143764 9.742069817883118 -2.813075971628677
0.8748401211033618 8.623663217259274 -2.8142277492209944
0.8682414362860937 7.898062999840742 -2.7563934714766516
0.9119516929986295 9.18007389483022 -2.7802474386620935
0.9320908338756978 9.336611252868979 -2.814061147480643
0.8622176289405765 8.118347391224578 -2.817732850687314
0.8599001902068644 7.767109021191547 -2.797234718204561
0.9313889912673845 9.077607906928767 -2.770061545522977
0.8323710359812126 7.449703765283056 -2.803151192360433
0.919242278700459 8.779470248249893 -2.778808646609571
0.8545939575130612 8.0904065722912 -2.8143700944622667
0.8342120801998237 7.580080304379354 -2.806421654967651
0.8732639096489384 8.142647814793945 -2.8091262215144424
0.9069138328410251 8.784701086107892 -2.8110009085660996
0.933155422941414 9.596885500762406 -2.79092676632228
0.8717231910125227 8.416665780385198 -2.7807870327158186
0.8524428630449439 8.059438938407142 -2.812652195639019
0.9329631327993858 9.129087073902355 -2.7724328086872534
0.8284661437305649 7.288024203743126 -2.7664294993673133
0.9302523082881311 9.317707331932095 -2.7734185955433657
0.8793311475906654 8.689557599873051 -2.802138337906523
0.8803927396160596 8.094263648624782 -2.7613815887557593
0.8220846282149575 7.314161042265422 -2.7956653230478703
0.9386119340108965 9.708543928004982 -2.7989886012365597
0.8770319233030108 8.168940006850532 -2.805076061468677
0.8347786909129749 7.433682726728827 -2.7664819691422142
0.8557942845269281 7.845669496671539 -2.8065487346144455
0.9214033324453788 8.887052131039114 -2.770711475967322
0.938696405340624 9.353301883412778 -2.8009781774181253
0.8237306966610738 7.373847176164608 -2.7876745930844007
0.9220102807339712 9.08094569095327 -2.808110041516845
0.9084620855480303 8.798976424766904 -2.7661164263208056
0.909244671480496 8.975344656553673 -2.814862609882149
0.9060906970495528 8.643616853335093 -2.7665266129207926
0.8776414552367375 8.24279243459711 -2.764515754878736
0.9181961148381413 9.280914549958721 -2.814364315338813
0.94926089921636 9.6976345123091 -2.7929384842862954
0.8324651384474879 7.3679344960115225 -2.770678855940139
0.857768719887124 7.947855753882005 -2.8080669818815087
0.8760282479582364 8.371643067253498 -2.774040420498882
0.885022470498628 8.166589505432688 -2.775794472179035
0.8396895062418298 7.712428112737173 -2.800892219123021
0.8896630103520224 8.61493307161351 -2.7737447880539596
0.9387870244904821 9.49210899771661 -2.8029441528250345
0.8828647716354546 8.560149291773538 -2.8143105209363535
0.8934410890737099 8.517233272240503 -2.804583445525239
0.8771109621151785 8.382982618834276 -2.774762002632471
0.919129660956564 8.962068263734508 -2.7732694881342628
0.877368032246266 8.353064905803151 -2.8106322865685143
0.8443253506045109 7.56733680924192 -2.7906093454148673
0.888320573566367 8.745765437094429 -2.790987009164053
0.8416439861602316 7.550949618309628 -2.7725161947343686
0.8599016894429534 7.7532454991983 -2.772915358192392
0.9207766853498123 9.010783522436046 -2.776233474281545
0.86717064227843 7.979173565564249 -2.767817274040418
0.8785945105631179 8.173622769737062 -2.7679669749070763
0.8553390775285816 7.726993769937782 -2.770708307549222
0.8432908072711763 7.525540870629644 -2.777650627537478
0.8898241046643347 8.425077046404805 -2.7984926991459345
0.8756226214835612 8.117985942786213 -2.770055319390477
0.8639880838662161 8.193400028472741 -2.8046510830195657
0.9005631001619436 8.708370984870722 -2.8036420018800774
0.8952981418122961 8.740934645906112 -2.8088110110868163
0.8455424495444782 7.6025885935082504 -2.7815703733741897
0.9163057520396222 8.924050260471498 -2.779096360012531
0.8573508745856993 7.791286800715278 -2.775128712924931
0.8990431926223666 8.896795516873828 -2.8042330413906704
0.8703442647367052 8.343003210851453 -2.7992407196077114
0.8986787328318127 8.629115406984447 -2.7761374556485903
0.918727808140627 9.071665065223291 -2.793587243549704
0.9163531269554945 9.06604088964316 -2.7888040373123917
0.9110142306758902 8.862448516931579 -2.783936633206271
0.8721903059622922 8.099289631659937 -2.77705108683121
0.8590734860906629 8.007689073549711 -2.7944089170287416
0.8731764175145584 8.13854154853442 -2.7766096679760293
0.871030722500821 8.20148931647968 -2.7987289896023704
