α Mf log_fpbh
1.3913521979518646 20.168031908287617 -2.840184255034301
0.9373096954778103 11.427421249306732 -3.1261432107698908
1.4289210072501528 15.302009274286267 -2.771997618688176
1.2467115493033447 15.753939144271065 -2.9893717611180746
1.4568522219844353 18.757085699439298 -2.7941680890427474
1.4264628424445838 16.050056249901758 -2.7390018376839658
0.833745935984644 6.071660492828596 -2.977958880413926
1.2815205529870628 13.500928764496313 -2.824335855853461
0.9745068771251336 13.06645236868556 -3.0006196751941174
1.2523949592089938 17.12935191076246 -2.911046004887532
1.231972707183563 13.305989031456583 -2.889640940256477
1.30993632051802 14.241446542949875 -2.7077884261926037
1.0451753060199191 12.493732484019919 -3.0230336195976517
1.262385446910942 17.04206098775088 -2.8183172559481773
0.9376959386561308 11.06319202481494 -3.0606155965852313
0.8541538539147496 10.313575277382684 -2.9497139529449656
1.2261825294289346 13.858611346968999 -2.6905785477487307
0.8823829702951015 6.550619512150547 -2.7983973007106657
0.8992100422114115 6.995719897974872 -2.7279930086623283
1.1712735191299493 16.011429149021673 -2.8661153570618567
1.1679190129645407 15.341592237862342 -2.7893946148326623
0.8919885122982696 7.728538105471767 -2.7149072611240874
0.9807162388032056 12.693689577548358 -2.865607206766498
0.9552133385375999 10.618626305249087 -2.7588995407314867
0.7514181800442329 7.691585479866668 -3.066062157257616
1.204925986473142 15.8812430665782 -2.801355858704672
0.7533997327563011 7.007385108059184 -3.1643163173544133
1.130567106750344 11.963841840957414 -2.9104166325502634
0.8701007875053277 7.820655275434263 -3.035225134940628
1.1832937267485462 11.917776004619789 -2.7504951778708158
0.7706323904315799 5.155791501788414 -2.8132849331617673
0.9451776168673816 11.979302302886543 -2.8976377681183436
1.3036370794218861 14.604226303732633 -2.7627437637099614
0.7924271276440371 5.278527776844971 -2.9008369712277515
1.265392264493459 15.047669507716913 -2.886388405446314
0.8541496292946822 9.180097147964052 -2.8557909130306616
0.9563090718687671 8.410178969981494 -2.9013836609099473
1.140444643802478 15.135694952363362 -2.8316690303245444
0.8075978757548803 6.0726179296346015 -2.7769815852735746
0.9051764991839706 7.544186884617055 -2.9224080637996748
1.1671133629098964 15.448618227963777 -2.827617587388944
0.9782306338883701 10.789140067376453 -2.748030885901514
1.1361723258060883 12.137777939311842 -2.697739961394907
1.0157811178770717 12.549524220211492 -2.9919839092227543
1.2375869588426216 15.387412668865721 -2.7644899383811516
1.1166636925558504 14.011621293294242 -2.7747712070284525
0.7931649186246542 8.452610844424541 -2.9900124390663514
0.8961340566298405 9.541647944475029 -3.051048754342645
1.161000464698576 14.565386641689582 -2.769833019456195
1.0365486746870842 13.669490082792178 -2.9073429818914294
0.8295876615222817 6.758906999913156 -3.0212947567817907
1.2018990071928979 12.521248398822653 -2.7904263692788955
1.181660631342763 14.993498421261224 -2.919639414493019
0.8411046708561999 9.213829727454005 -3.064610337114954
0.9556525245334326 10.592289129846463 -3.01972966053456
1.1633274176253912 15.264507464155923 -2.899737154801747
0.7891713374732132 7.589246150523119 -3.113530717859483
1.1027082863290936 12.320802914629702 -2.7142306729632057
0.8909767398172876 10.236916498606153 -2.8692799642465667
0.9259501954313725 7.663972197406501 -2.742957070467897
0.8131584897421942 8.730645700555474 -3.0687817822980152
1.0397570326135073 13.563309106666564 -2.8741057917172137
0.8513117940690098 8.280243271715218 -2.8076231516698753
1.031439580848278 12.088461612075863 -2.9851881925057384
0.7963988591669331 7.704602842833836 -3.1048055646568375
1.0243945553356608 12.58249541016787 -2.980071755314442
0.9114353787811966 11.133531787380642 -2.977299815018394
1.0201291126775065 9.225631058040285 -2.7449190662648433
0.904692010071799 10.482145098431893 -2.8614761631905203
1.00144072278391 12.856249722903764 -2.8852172355460786
1.0963572347971577 13.937526195200048 -2.8051141951079366
0.9442883293380249 8.019512434500376 -2.851805799544211
0.9690724057672426 10.938993277777723 -2.776773248898762
1.2160402933866377 15.524102434660302 -2.8820691055363543
0.9716772971880563 11.969251693438892 -2.9859978844304647
1.2081473397878693 12.929572001140816 -2.8163625675835147
1.1158113622736807 14.669270379837267 -2.8938379769999574
0.7716133933657763 5.295287476139584 -2.992831893996107
0.7220771175687114 5.613698870036895 -3.171377434015607
1.1917602061740737 15.402369626799485 -2.8251618144727946
1.1936431565156416 14.171724039277194 -2.743156941983009
1.0007699241848038 9.183375665828802 -2.8643548655376696
1.1436926642789127 14.904190349375703 -2.892097401945093
1.130296180630323 12.842977668902144 -2.923956423517368
0.7528206896315 5.145281690529095 -2.850658510928474
0.9298498326781375 7.7258309701638925 -2.8337774128507123
1.1303339974162072 13.139186970616198 -2.73527465177703
0.8522030126124052 9.318809412270173 -3.048917346487074
0.7703875855468072 7.012336498813891 -3.120277487257878
1.0341590857857188 9.529392396144402 -2.7939537507109122
0.6625928697463375 5.01419492490603 -3.25372992982947
0.9361075576346445 8.246912988600734 -2.908344549757304
0.9624473917299717 11.730893436877663 -2.982809401511945
1.016077594851854 9.537963199486995 -2.71848539971389
1.1572784955073694 12.057156083613952 -2.8263154299431643
0.9472453636329665 11.725480743255623 -2.9096177116375
1.1377768142876485 14.774531507213268 -2.8527142835730936
1.1531350081359584 12.1454762390161 -2.7252207129927832
0.9833571933930059 12.389841988387255 -2.9421225613651822
0.7274731268966763 6.647275614583197 -3.125108624699546
0.9284369298188643 8.629790065427601 -2.9614870289337007
0.805651659755389 8.472707417760288 -3.0560579804664356
0.9169137119982536 9.21116739827752 -3.0092442969328994
1.1432010821552296 12.740220214352654 -2.8990448853552806
1.1618740090471866 14.040647648749093 -2.9124441408914503
0.9281374903474928 8.10626933344261 -2.9059656958264064
0.9441078761878487 11.64412312132468 -2.924068698592765
1.1203072870990654 12.32970418416296 -2.722281121448621
0.803202293769066 8.346258459363492 -2.9594128238108683
0.7362159601521382 5.846189162145043 -3.1411597491034398
0.933544157584539 10.9487873215461 -2.9983945919978776
0.951567529635911 11.547605755278983 -2.975275113509495
1.0615107301526918 13.684041654573313 -2.8843298046688464
0.8444950507905258 9.209613119604551 -3.0369987831420624
0.8585466252281081 6.859242159465631 -2.768273230423959
0.8007794080004857 7.0807477267652335 -3.077623087066457
1.1429911675503175 13.796210197844166 -2.9171710209237034
1.22504993957374 15.287331678083454 -2.844617449537883
0.9424865845017615 9.6527281966125 -2.992598887602734
0.9737628543542505 11.942142421105814 -2.863421611899313
1.2164703015142564 13.650852283188456 -2.7537192064794542
0.9697781633768627 8.495403588164777 -2.816525915689272
1.0206129058320104 12.903890574194039 -2.8698548786826517
1.141074288815747 11.727422851753877 -2.806038359297707
1.228551680721222 15.252964427734886 -2.8304360871631937
1.112792501289225 13.211879540473085 -2.92968243009815
0.8861206465350429 8.691102044428941 -3.0211796456555575
0.7743091837533895 6.21180929133271 -3.0794243926292024
1.1553638931525494 12.868030196163435 -2.7325158328571195
1.0079263467326016 12.754037014999284 -2.910754537635356
0.971421248057939 10.821899814998215 -2.990382180059311
1.1746140073572104 13.88059235189577 -2.8939770070739463
1.130591383431165 11.605950352668444 -2.8191109856604903
1.1984636194522982 13.286390740680364 -2.7491370861621274
1.1821446105165532 14.633154584825391 -2.8852787585423387
0.7958416864921695 5.751605957367381 -2.820713433983821
1.056990711067351 10.584386637719582 -2.8770776172506483
0.7189836189094994 5.491035789094439 -3.1558328196811165
1.1491143546800724 14.692715119325154 -2.8601501877039897
1.0583980428504967 10.371353898122333 -2.848833118022177
1.2292268754604097 14.672011785226893 -2.782977473491493
0.7162034636903073 6.1061102489021275 -3.0478275398806334
0.9041965480842898 9.759474522479717 -3.0193444424888445
0.9086093505173192 9.973388516786496 -3.015815330578728
1.1653017985878487 14.05354525663106 -2.771476741832563
1.0521403913031533 10.338412306127513 -2.725711421480863
1.1475012465479866 13.599636421467672 -2.759573444888929
0.800825286333464 8.322201420189693 -2.985685162511782
0.9233209771965684 11.105632531949148 -2.9419390965884706
0.8728391768125427 9.792613947137122 -3.0124539990436494
1.2248338256875404 13.811680095916872 -2.8131280564591257
1.0424794902242025 12.761383679399344 -2.9476440961267993
1.0621438439709225 12.577283820531374 -2.7752630171211203
1.0355674922498856 10.232618402897897 -2.8841451108781855
0.6851112551928795 5.04244564112136 -3.21019182693526
0.9991155232523634 12.425627058451747 -2.9378480171597197
1.15677382761762 12.68811920757901 -2.7366976934117613
0.9303259572975786 7.865567824922454 -2.7730958639588135
1.0235737191301415 9.690713172150389 -2.843893210576339
1.0682595944773428 10.416967053108564 -2.747003705816417
0.9640326252659777 10.649515430212753 -2.784163390104081
1.0336020806500035 12.52334289386079 -2.951253881611687
1.2365566215148185 14.606595369062717 -2.815885219492326
1.1201863412674804 14.26545917372268 -2.872268018201793
1.0168398331648771 10.854710665633903 -2.739819126728417
1.2211943076772325 14.679669706073467 -2.8443406150585187
0.9739876192092269 11.297978532403132 -2.812585837271162
0.9838383112848955 8.879646258062058 -2.8309244879509414
1.0468076001035969 13.060645858617162 -2.9276791483687763
0.8366851757181767 8.822919900852696 -3.0389373994411524
1.0791022248957172 12.807565592160998 -2.935258942361596
1.215814171853968 13.776140022422435 -2.8182115393503775
1.1459743284771204 12.42262878766888 -2.739084909542787
1.0540079372629325 13.095972947081817 -2.8319082289921855
1.200447297694625 14.138511237878456 -2.774283723042292
1.0257922754545397 12.748117161424503 -2.929929739648974
0.886038248684279 9.102696308231351 -3.0211350980595393
1.0949231365578873 11.673724691666802 -2.7298312799869904
0.9835555095960442 12.117596356990676 -2.8858949550792388
1.191528540737318 14.629866013639262 -2.8104393276362307
1.0216587507225467 10.852837016345415 -2.7393994504451764
0.9777137511805362 10.24257736551225 -2.9643220372427233
0.9684502912215474 11.54295696637287 -2.8489065505533455
0.8359360887505108 6.7480631416798165 -2.790553078183819
0.8021771949672959 6.579881775482668 -3.03538152489161
1.1328810947942745 11.79785671588607 -2.815906118152366
0.8947000378205683 7.263255557365134 -2.822519351450267
1.0876667492455563 10.990450195514192 -2.835612747425229
0.6790431226083069 5.2319263793117905 -3.1799759330024733
1.1627619694134816 12.514103433511366 -2.8214544919705187
0.8978222719867621 7.9685658641141615 -2.7577631611873077
1.1431479667016866 12.060513710103244 -2.8195219245778165
1.1115352179033247 11.459333227427521 -2.830707577778246
1.1665111733000058 13.155622584109969 -2.752801880038735
0.9859518537481045 11.50454528548667 -2.9684403111700437
0.7180176722981643 5.519641995196275 -2.977160538075603
0.8088688440484868 6.19119443195223 -2.8138963131714427
1.1559641832852252 14.4765874464063 -2.8442905740805724
0.9371526626612174 9.555327732511326 -2.7676433232348114
0.8943253531727462 10.102716196296969 -2.8867341266809956
1.030119441592794 10.711084430084888 -2.9196462977548796
1.0833137827433208 10.746356417573393 -2.7634126519830304
0.8937060701806967 7.421834840746007 -2.880942245939573
1.2060520334138354 14.562204107566364 -2.8113352292861498
1.1163516334582697 11.858198189282893 -2.7384297002967077
0.8767320752392376 8.682197697939074 -3.0180409291819843
0.9879792908367786 9.530274268091969 -2.7343629309406836
0.9510434240818052 8.93952313043265 -2.7414598738049785
1.1061030686466156 13.697471386477053 -2.901803044982427
1.1258071148991764 14.079455470694077 -2.877702593846987
0.9842309888629097 8.985848073241092 -2.8369159667679558
0.8177889759592291 6.505676024978727 -2.808505817491393
0.8047231118338765 5.79175651913225 -2.855748930889599
1.0273842116863183 9.990765541381652 -2.7377115937771155
0.8770177831500632 9.944277089117552 -2.9436900332517264
0.8128832009191146 7.383516796871035 -3.0540822319110945
1.1701177264786096 13.01390092805843 -2.8443200229867545
0.7046599163455596 5.7988637322000125 -3.089507400604321
1.0972209752820294 13.672453788656151 -2.8324943041182156
1.1878655091223362 13.125018523171617 -2.805028828565329
1.123761837279554 13.703386178569332 -2.79943374446152
0.7701141244805902 7.4363498412118325 -3.056030249209661
0.9999242305148694 11.957602486300182 -2.8308996429425237
1.1424456700594576 14.18212311704541 -2.8254011850938614
0.9593493664728344 10.539960369501626 -2.7922840389996817
1.0816236513172834 10.901393939624846 -2.7464972407446795
0.912545891037253 7.966525509484455 -2.7583804802381007
1.0416702992138407 10.238942789734487 -2.85360252042982
1.0383496408836554 10.435302203672626 -2.8824190371966827
0.8625271148163812 8.782074377245332 -3.027156274972839
1.1431886109148115 13.037242873588873 -2.8814627819239607
0.9161060534026644 7.855414502275295 -2.8738211304041106
1.0296470951334251 11.780413955379993 -2.7768685072668235
1.067162727394329 12.506693388376528 -2.7791592416093405
1.1130392251973582 13.95179929259666 -2.857509558804213
0.7751232205439348 6.1380466526167154 -3.0557385076579844
0.9054036867013622 9.043427602093972 -2.7873751614168327
1.2034878382077685 13.996905969841459 -2.8244570508812226
0.7264887996754252 6.32463270569238 -3.1047150942200137
1.0233263060265845 10.312543393653335 -2.7354557889538533
0.977183217339087 10.906622403902173 -2.791654636137628
1.0653145179018524 11.902014626386269 -2.9225804650812552
1.1047582782655625 11.47379400750826 -2.7476320829398504
1.0043434365270105 9.47082763621241 -2.7489153529993393
1.15301295554168 12.908259706740195 -2.8605315449750237
1.1622688440881306 14.222627418541823 -2.862776803947212
1.0979228469813838 12.000025570817428 -2.890775377532205
1.145422360245955 13.314639196466434 -2.7678110259185678
0.9416129377933599 10.85909138013994 -2.9742894803843294
1.0411298899504156 10.26180807761823 -2.741588917866762
1.1329016571349415 11.875982810783508 -2.7699041151741963
0.9941421310725362 11.87986274444242 -2.947933347857427
1.045721775321546 11.37900412670343 -2.748149611754875
0.8712424944265207 6.9265025655234265 -2.8280307012885206
0.8279530533282937 8.758238764816173 -3.007563112537903
1.0166649463939978 12.549272817665582 -2.877313594411736
0.8310581045100514 6.925751945133897 -2.9917692011785113
1.1750130375448253 13.981233582221629 -2.861113315640333
0.7950245040699937 6.072388840604548 -2.8324914658685962
1.1792425188315763 13.502744365457973 -2.7738204586605058
1.162199992257477 13.113456229468277 -2.85495871109232
1.1362406385123287 13.992852678687239 -2.821472780634843
0.8788443389665337 9.03646830502288 -3.0147948683536363
1.0894875948068183 11.292161512927706 -2.8523872255735023
1.197029926892412 13.731686923380488 -2.7999626376716296
1.0579078553875214 11.43471085221117 -2.7448370796928367
0.9818175248972629 9.301386311694861 -2.743696430842271
1.1716267001091931 14.043789627210773 -2.8587741756459106
1.034399924629175 11.309335563441024 -2.9317700831689857
0.8553556074188047 7.017979421791906 -2.7890680624857316
1.019973605552984 11.965409054631353 -2.9445132898991413
1.0171210974103126 11.223321850733285 -2.944257987204782
0.7752015728919509 7.498753298455114 -3.042338955774528
0.9065596131746637 10.47818555035975 -2.926323383590913
1.1679853635027497 13.895501298338598 -2.793558555673992
1.001005315723905 11.551166982121675 -2.953967354861136
1.0213587564512712 12.579073446168245 -2.9040866384476827
1.174938663519004 13.777383117670587 -2.854143800699191
1.1266547583823188 12.373694127330776 -2.8656887114812726
0.9738465995416528 11.75267686082317 -2.925683505999481
0.9391393908128032 8.177053123525283 -2.783865854857643
0.9007259120961763 9.031253081260274 -2.797119041582204
0.9131020526927436 9.106922231382349 -2.9839931219983225
0.8390701827978833 8.420570634225115 -3.0331744054815495
0.8985305511448825 8.767816850842255 -2.988491821810537
1.1153451202799374 11.545205422153252 -2.7968846779391567
0.7552740163318593 7.013476094653001 -3.053000357832329
1.1619671967346235 12.75421228470734 -2.7745208390714207
0.9481390481147546 8.491530758736236 -2.86379935520869
1.1200775524058835 13.336554924378975 -2.893508976292046
0.9249037628840449 9.199828549371485 -2.9727208288859472
0.8998021477256044 7.576262246988937 -2.7832170005623804
1.0564583498129911 13.051337422236552 -2.894728140380053
0.8705985703641237 7.681914609550904 -2.967652506788024
0.9742345129564945 9.886438737993373 -2.940740949477003
0.9228874528349553 7.870225497601631 -2.8079946871823536
0.9993797388021686 11.973305859064162 -2.8459057028701733
0.9266176203439336 10.365789721196917 -2.8442194437962396
0.9412486774529383 11.122249801449748 -2.9361945402959213
0.9714865327053339 10.860219464449292 -2.965976499123139
1.028372761296106 9.843356212821213 -2.769434916523827
1.0710324349645737 11.786173779768268 -2.907071475549177
0.9868570220115653 9.03170101111303 -2.788098218625512
0.8786240921918832 9.008917845781069 -2.8352440975819366
0.8409595489293377 8.834646245312815 -2.9200412581250976
0.9998774872347664 11.848817731790618 -2.9431849476409644
1.0721067413816059 13.237213687647689 -2.8904628726648536
0.7279527938563766 5.912453872651744 -2.9915785807316277
0.8885307425494335 7.881565476415929 -2.946199366614833
1.1287509166619578 12.465261844156837 -2.86347593690538
0.9899652307994342 11.955692607815458 -2.9251183064015573
0.959093783324215 11.468700563704726 -2.903860606303171
1.1211387900483545 13.14551949785557 -2.7797704522085143
0.7709369531770227 5.4810241215903615 -2.868806676839169
1.115427950642366 13.363985871947158 -2.891695146822482
0.8107607617401251 5.991892788793145 -2.850314551172127
0.8812627940846197 9.882698608367702 -2.964773650148837
0.9298935262395245 9.58218024972874 -2.787210325964884
0.876798365929234 7.1918318501231955 -2.8810672209664796
1.1598221096143413 13.593163575485743 -2.7872554128546527
0.9185712780067552 10.002004091479705 -2.9877835513956685
0.7577017105637355 6.960439971606112 -3.070252742770723
0.7267978104575268 6.205085479758499 -3.104673952320736
0.836166711557584 8.411075942771227 -3.0302281537412368
1.047030973858424 10.326058592120102 -2.7566132350139365
0.722559871227631 5.164683987642314 -3.1016565915252667
0.9548453512650682 8.582065355525895 -2.8500059748263684
0.7613829165038799 5.214949489574368 -2.895291136583936
1.1364506208603928 12.107674701132897 -2.801894024960979
1.020950225304261 11.521888238516773 -2.780965878479269
1.17020358681867 13.641929010777924 -2.7921797518366525
0.8628555652722377 7.925756408325946 -2.995133235323093
1.1392083303772882 13.24614948986069 -2.872948068268598
0.9415144290912227 9.284006494743739 -2.950938265246644
1.0422096822811842 12.68337376738451 -2.9086784183289724
1.108843553044431 12.839931629302647 -2.775692432606631
0.9906782738543706 11.280531591401038 -2.805263963742783
0.7434742864036346 5.689461100218759 -3.085998722625331
1.1010454762939699 13.56004293174314 -2.8652116262425817
0.8029181154148413 7.477256324789358 -3.0524424361099527
0.7227338371713423 5.714866799196955 -3.1244065181311624
1.011170425691633 9.86527137360893 -2.7487274969932063
0.9978436365456045 10.50564009200946 -2.758812113939713
1.1327418971975778 12.567868972409569 -2.7635403674900196
0.7719692486713696 5.516845767566224 -2.871100780133493
0.8800761822130313 8.520457737926641 -2.8058002095224026
1.0878567998439164 13.38959548184048 -2.8538934608453497
0.8370999314607251 8.884274257886723 -2.978770627743459
0.9856637584770047 9.07574103173109 -2.814117712059462
0.7046923500663497 5.273323323193483 -3.022949162924788
0.7904801273584341 6.0221955530964655 -2.846223148396672
1.072421172654175 13.016230057894997 -2.899529005406149
1.084572652593623 13.009151505759613 -2.8091999998204367
1.099272845133996 11.866478016454936 -2.7540040797988143
0.9550090012646664 9.525264896351253 -2.7616481675428446
1.136752045618738 13.509643892421803 -2.8709223295318496
1.0506006816973497 12.79737499573937 -2.89999460634007
0.9917559660915436 9.983211512512746 -2.7506688203234546
0.9094829299488373 7.692578079677913 -2.82351847718994
1.0417550189092086 10.182523228128458 -2.8139458628732283
0.9468696608593976 10.504898749219482 -2.9697990491022592
1.1125622811075218 11.632305339514808 -2.799472581319086
1.1440742262794692 12.485403145013787 -2.7795730679929074
1.090008014798291 12.226512166198805 -2.764177446242744
0.8721328566946427 8.210067472858352 -2.8042097546516933
0.93560251766542 8.431675243870906 -2.8836961167747654
0.9971063073389006 10.377421404913399 -2.757406890607145
0.9550196994126088 9.585929340004792 -2.764592034109654
0.9578554949453152 8.578906566205955 -2.8170209701188202
0.8655563369559724 7.37242078532475 -2.941228520183732
0.9428065349060628 10.121472467153595 -2.803379207176635
1.1279426727396054 12.813162008446152 -2.7722688762078693
1.1286140359086614 13.452161012801977 -2.872687700188643
0.9620692854552112 10.083732464211838 -2.955715832673821
1.163152972627478 13.61209904973075 -2.805337303475659
1.1066575945723858 13.530742883542858 -2.8522718925549704
0.7819248266001025 7.53836705166197 -3.0287422143090406
1.1260559818776446 13.684249422415695 -2.8404310641955908
1.1150702984272411 13.40219196181873 -2.8139893512777787
0.9368581467811254 10.943515030066907 -2.9190429106604565
0.7808211361860004 5.977649715768938 -3.010822892441314
0.8373321137714845 6.755664414810308 -2.940587788229519
1.1190448223948928 12.665793400048413 -2.8734564476483886
1.1339109944842072 12.338917300582779 -2.774773098334982
0.6934369763079947 5.325064763251005 -3.1069784656256907
1.020953061524673 11.642332100957015 -2.793409408639934
0.9292382994566399 8.139250339627157 -2.8494394750607617
0.7803621372124188 7.498837543762271 -3.025561156692597
0.9192414327271674 9.50758920117385 -2.9792990304274163
1.047602902707155 12.173931978051801 -2.796299192924237
1.0457022375383798 12.41275087701868 -2.915617191796932
1.0822334580068613 11.87461728515151 -2.887230399479526
1.1532895386172566 13.06845400415428 -2.837538700446287
0.7462831315290975 5.401733500522984 -2.907091117930913
1.0613405365365765 12.526573848705974 -2.8052189380704444
1.0440692868107924 11.598118146630064 -2.917839053796026
1.014813271267581 11.347253949839638 -2.7840903041981875
0.9884312964590996 9.219674901534471 -2.8292463079803305
1.0441518349469887 12.736872307052948 -2.8760401953226076
1.0683247143939385 11.299542240398496 -2.753053374491503
0.8073065106429028 5.973223875637489 -2.887285565597128
1.1239575418091288 13.43852906477028 -2.869684774536874
0.8878502400074748 9.922134168760376 -2.952821184287332
0.7652098187090088 7.053372470632226 -2.997225924521874
0.7563980869268526 5.567114702561976 -2.892636470176372
1.0249079492761637 12.443024942676548 -2.8901885628909
0.8235152942856394 8.458895260182594 -2.9547553835406353
1.02724141519567 12.353563155581611 -2.846660002151469
1.0289486219220911 12.021080352999995 -2.926356444732181
0.987003620771431 10.337985222154943 -2.9357921977467787
1.1009943843882877 11.440865610085247 -2.80104278010516
0.8020760637654198 7.977889010974637 -2.9770737395748483
0.9199229813977737 9.582369728482591 -2.978671684577374
1.1279759413269503 13.501705554434883 -2.8159488448989016
0.8126798789250683 7.704502951283911 -2.8951028708644153
0.9488521709231763 11.11559640993185 -2.9264899845442707
0.940245398592892 8.29001864019312 -2.818475524060344
1.1260789754932192 13.424926834764346 -2.811632039697973
1.1257711051053576 12.198136320058785 -2.82998050791775
0.8274565748929731 7.044817095128234 -2.995200051640902
1.129548720964817 13.288456372171304 -2.867022508533317
0.9710737340594748 11.281733540287721 -2.849210014912451
0.9289411231002684 8.785265426367323 -2.7675750440324887
1.1266450046407104 12.102628938384306 -2.785900954259676
1.0971669828070394 13.332186959103506 -2.8441444165703387
0.9715831163652355 10.509219082481696 -2.952718021274274
0.9231320407169641 10.62669452478331 -2.9229468193602237
1.001973981369404 10.369733985327185 -2.7580778941317208
1.0011757055733326 10.998472903952596 -2.7824030785567033
0.9757921763189465 8.95330286925731 -2.8091562678518427
0.8305197432842147 7.686266418079715 -2.8515387069269655
0.9734500607427343 11.092658071906559 -2.8271150761747874
1.133999464907427 13.346665098507044 -2.8605459208447668
0.838909780899803 7.683604621589632 -3.011090685268118
0.91649894267167 8.4038083756007 -2.922987349203991
0.7985408553310442 5.849322753270487 -2.8894280675437076
1.0602873275425702 10.661410642217074 -2.773474808624492
0.8233390020796882 8.132012712015312 -3.0253918536647526
0.8821967713132495 9.708419047664371 -2.9675293175901354
1.1495296526445178 13.015692555663307 -2.792724659002845
0.957976823543463 8.631688709363349 -2.812814158843577
1.0134965694966134 10.010808135761401 -2.868100051818385
0.9307246587991154 8.208833664938068 -2.850829395332642
1.0693461618335787 10.816063555722229 -2.782687503473827
0.8321175695353087 6.593482544085884 -2.823162247542233
1.004599538515423 11.886110565645993 -2.9215213439777075
1.0902682341780867 11.56741786585173 -2.7632315662117817
0.9496364641006809 11.012488355566433 -2.878868367793528
1.153038997722171 13.13860285836391 -2.8063385553792743
0.817101078129443 8.229628162105875 -3.0096795976800776
1.0534456077576948 10.495032192992717 -2.803152206091652
0.9869588932632193 10.377925307120558 -2.9333353726878024
1.0561947971083956 12.533305549796665 -2.8196900369545945
1.1241983627101224 13.276158609279545 -2.8083507063200273
0.8381638693485672 8.017151462160326 -2.8597904868219075
0.7881468607877924 7.625248577880866 -3.0059236147361346
1.1449484892063297 13.330901027203243 -2.841564437987799
0.9892238503397118 9.620712286473957 -2.7580610514370023
1.0736102118212785 10.998716528941255 -2.7734243487967487
0.7392423135638935 6.418531476464303 -3.061014587189908
0.8207016028662634 6.240769553195686 -2.8654656151456015
0.9836300601541981 10.90843229328171 -2.9449135220856855
0.996767571859045 9.426188244879793 -2.7808854857614156
0.8872526166883579 7.5408766443551745 -2.887968016637963
0.9501118786506348 9.90546151855588 -2.954618918318949
1.0087326648059762 11.200603796353947 -2.9314977740400154
0.8227375795218717 7.236628509844256 -2.843554743047171
0.7940923971627707 6.9830736057897855 -3.043049104681796
1.0421254341716404 11.985203338000899 -2.7982674478232883
1.0350369596164908 11.706978834615157 -2.9185163858607197
0.8288071642530255 6.784823571765916 -2.822434173124236
0.7301746406957512 6.1102960397119634 -3.0340311569285063
1.0866135341767822 13.10760844012407 -2.846350631726575
0.9954733459041343 11.228918001720164 -2.807076501007482
0.8183485864995467 7.884256651444765 -2.9021075130498675
1.0328633826722764 12.301463837489106 -2.840941924903225
0.8080903566836705 7.327853488028962 -3.03391649654856
1.1324914545633662 12.601944030897707 -2.7883102433132922
0.8565311493526925 8.658966254353974 -3.0048950675068773
1.1118145287356862 12.070771794225367 -2.839029126619826
0.9859351853725884 10.353157338865596 -2.9310276988318833
0.8313245407176574 7.755652675053913 -3.018182471809567
0.8893466547668867 7.456893852626511 -2.8151943603827525
0.967571443889926 11.323816890770269 -2.877423621513768
0.789139465753367 6.205678592929574 -2.8608317952534854
0.90467143740332 9.763476946362644 -2.8563843049112676
1.0282013577389106 12.252660655531752 -2.846444673317719
0.988563613919639 10.505539836090904 -2.7766484264883013
1.0815353472897296 11.467534851093287 -2.8522550126876385
0.8986539978554235 7.861359517990073 -2.8992242625769076
1.070137908884292 12.877762565485295 -2.874939911775951
0.7835303682874075 7.300059401469424 -2.9588378379893285
1.0202060643869708 11.667976675792993 -2.923814190644106
1.0135246274006824 11.82644953816094 -2.92092278222166
1.052830355372274 10.735259755126336 -2.7656874481184883
0.8932051471786586 8.125859633417605 -2.941657943175284
0.9082681449401492 9.55007745610553 -2.8317804252649537
0.7806412190158949 6.424590817346594 -3.0396461490334525
0.9706976180890795 10.205572841427937 -2.7815634221905894
1.016807066609015 9.848310531957196 -2.7817628539007657
0.8385494648494976 8.08229913593823 -2.8673136380043864
1.126771314852502 13.08825308380728 -2.8534314914091405
0.9035653901378182 9.86031425111465 -2.8706194737472996
0.8420686447512886 6.744485591591927 -2.8251256548159875
1.1261952229691556 12.517169733339342 -2.787252841370796
0.9250025501323118 10.52122043893161 -2.897711280219487
0.8763762996229947 9.57069827886147 -2.9451722085681533
1.0377676541032246 11.704680172677742 -2.9141210861176154
0.8146407603098336 6.858188470982695 -3.00036188518981
0.8428159745541937 7.671447856746678 -2.8325017732954514
1.0974076573520681 12.451061673684443 -2.87573186430825
1.059398993600193 12.57929265596902 -2.827708908239376
0.8175425643478351 7.537051297620916 -2.8758311641385
1.1115176384220948 13.24036827476104 -2.8454126780695095
0.8148369740282183 6.218873563831526 -2.9059560339913437
0.9633488945069979 8.845827552042449 -2.7882204549352516
0.915145327652671 10.269062016192208 -2.8921349402930203
1.0954756574147253 12.74753206629359 -2.8777136210005816
0.9413476854442109 8.578817686678729 -2.870001964282897
1.0137953833340063 9.78773508962694 -2.788389422083291
1.1149391737413712 13.247428247427129 -2.8387053266338933
0.7700028513982017 7.087304358264786 -2.9993284677196677
0.9981367238025367 9.942910283475719 -2.886040045002721
0.8679342115629477 7.127868397450994 -2.870485066705335
1.133715213224947 13.219652627702901 -2.830481521264329
0.762570470509266 5.360620216263155 -2.913892062426921
1.0752591208102953 11.679895039386514 -2.873191035940134
1.0084239806700124 11.542348496458315 -2.8154012996754725
0.8641603901988618 7.106751018420372 -2.884145459272072
0.8826704584944478 8.415061350515156 -2.974986901223321
0.8370948408951633 7.68986063055954 -2.8453391210993493
1.0493268660646147 11.434325536056312 -2.771259399775019
1.0927755942219393 12.093339801755437 -2.776477073689727
1.1185247286063484 12.506430759109431 -2.8450644867920465
1.1031815546538803 13.132412039990285 -2.847323152499444
0.7885579194286574 5.761651640286724 -2.900991159518509
0.9530491782624136 9.861732728829598 -2.9453742013615765
0.959906444388607 9.174548510366005 -2.76801537134142
1.087806145646087 12.984037170905765 -2.840906169464997
0.8785114745580607 7.2881054132906105 -2.842180747545302
0.844689945222812 8.838470530505607 -2.957659999857044
1.027411373129905 11.029817573988225 -2.9046539542768617
0.9471063760948657 9.834056015060664 -2.793243226757309
0.9246338249679505 10.237556376188532 -2.957123756994771
0.8311871509342256 8.476930701471478 -2.990722978281754
1.0691770828320726 12.555305189036467 -2.81715913720089
0.7722017859057181 6.757747480638599 -3.055235596063148
0.8831378555942453 9.096190635153711 -2.985940759621759
0.8460036989621224 7.304383053607845 -2.966389699047232
0.8927370517897049 7.8423105435555875 -2.7913351213274433
0.7720848197447212 5.6232848936548505 -2.9690446430868587
0.7255194667155903 5.492516709072681 -2.9808809162130916
0.6890254489761364 5.029613375500323 -3.1165762902323895
0.8020836075387677 7.5384310618080095 -2.923474918279044
0.9138856104122796 10.251509708188133 -2.938592185004377
1.032704765181462 10.515326621978396 -2.7655434276767927
0.7496668799770992 5.30519799952377 -2.918113811561219
0.9921313043938302 10.288821089822141 -2.914924263312951
0.8741688118628741 8.24483907668081 -2.9769878334479265
1.0771458026728524 11.521087495575767 -2.7718420187511295
0.8393667108742933 8.648625215005168 -2.93843369120697
0.8454175079659357 6.805487798754903 -2.8307431058369414
0.8930305894322846 9.322867812574165 -2.9796207423611456
0.8611419108967192 8.717694724424197 -2.8710001481041836
1.1076027476202763 12.421913524073087 -2.7881553925878446
0.745944020005469 5.853752384795638 -3.069411268550534
0.9273114643113691 9.647620788072803 -2.810959284296211
0.9896103608987775 10.607257054914719 -2.78514474524313
0.8636346905081694 9.230968121129592 -2.947948076956237
0.8213058122522566 7.164848546180707 -3.003320384122178
1.0232058736368042 10.334963199303056 -2.7662198593366893
1.0369161124250243 11.141771228125256 -2.8952742508180256
0.9300197359696868 8.758588843861837 -2.777481359321289
1.029847993186804 12.23068049559097 -2.8846015574567674
0.8467435000081867 8.732461917056296 -2.920564900943709
0.8783073321112569 7.7430180271130045 -2.931915542402656
1.0029056801018503 10.175459004604914 -2.890188276440295
1.0918492869949232 11.677366952829988 -2.7830683075927904
0.9291328954335449 8.224817119572073 -2.8238499487486464
0.8663203859134572 9.242883135528551 -2.96238528866603
0.7617128663846077 6.675308000301445 -3.0559515154211256
1.0282138659343178 11.29261115712453 -2.908389941479124
0.8712136374048887 9.256904502429288 -2.9726561937076865
1.1187650382246277 12.386622099174712 -2.801922911396254
1.097224357120792 12.622876518083073 -2.8668512184456905
0.7129554901236019 5.582662610653318 -3.059213976994149
1.0632604238187315 12.415914865207913 -2.8874086269225785
0.7601083772316092 5.697289825969808 -2.9041869524155164
0.9277322939919066 9.341882052443555 -2.796115158691636
1.024790230612443 11.989747533364493 -2.8362315831935607
1.013242337672135 10.357804570199203 -2.8842613769051506
0.9190945715340808 8.090417403131147 -2.848726769515771
0.7482648007054383 6.204350258126109 -3.070874160408505
0.9052592008769833 8.194885262406677 -2.787664557097413
1.0292047188950764 12.153573472472061 -2.85018459824735
0.8761321702648343 8.34269558047316 -2.9760081032752206
0.8820952406532958 7.405169354040602 -2.8543993100689744
1.045935652575706 12.093303056897387 -2.8986301486932855
0.9932313008391362 10.310077870189144 -2.7735972148492296
0.9548938738732948 10.896874861394153 -2.8684191292315457
0.8243070673495235 6.4231939190807745 -2.8952863621589158
0.9158662111747397 8.854962526174326 -2.944606747008905
1.0367857928452517 12.237370201085138 -2.8880826298624465
1.0433748226044943 12.247551596737324 -2.8915851213434105
0.9766991811276027 11.10739330241729 -2.8396193168929833
0.8435928212770561 8.751782685054113 -2.9580235380331485
1.1105414414479815 12.686326086004314 -2.8049981484432878
0.9919595111429482 10.954841307664687 -2.8036994213892137
1.019247245267952 11.949499325569821 -2.846066727733507
0.8348366003398726 7.814670227786326 -2.8627592294111204
0.8098625129054704 6.913924567520741 -2.8595248437970113
0.9511441235384375 8.981279128687504 -2.8866460321465346
0.7587907589155931 5.341933818961739 -2.934841387756138
0.7924768428006564 7.526005026878353 -2.9734499446995675
1.116483635243285 12.789643630170636 -2.8371352952545106
1.0460785986346435 10.705055298866979 -2.842170975644328
1.0943149816798592 12.876091930334713 -2.838523003701779
1.1170261400696355 12.851594137494324 -2.832331994982626
0.8555959907406181 8.297804186511605 -2.8532022921353395
0.9489430624779711 8.621626606038635 -2.8209843039153206
1.0340841355099206 12.144027028382048 -2.8409505130083046
1.0143701596331978 11.9652602795209 -2.870446703632016
1.062051668365105 11.014140524353955 -2.8336063787932195
0.9950067957685547 11.518139829129415 -2.913184989626547
0.7965390422911272 6.698162814750383 -3.016530397443697
1.0451332168107368 10.541005476331591 -2.7947867697706528
1.0539883723645054 12.465245319895374 -2.8471839145674545
0.9429779253762101 10.217623642238998 -2.8274833190533673
1.0578638280930281 12.333484218676848 -2.8858597143454743
1.0120696805997595 10.240909709660235 -2.8741800494768386
0.7218963639190026 5.563411004585261 -3.009571752512414
1.0426056049809092 10.935524627073434 -2.7712048941349754
0.9377957667836523 9.280741866261035 -2.9339860587515734
1.0384482360083611 12.290721429832676 -2.860279315934478
0.7520142932884095 6.239900448850232 -2.964074316782252
0.9907368012020742 9.831868378094544 -2.8812851212660036
0.8011103419625099 7.708144705213284 -2.9642998442624418
0.905068897137556 8.883195848440225 -2.9588213507044245
0.8540741155350369 6.956594715590261 -2.8376639822624536
1.103449773540699 12.86127578595558 -2.832846620393017
0.7580355492110673 6.646384633703197 -3.0466016492020325
0.9997498942216398 9.791030361402559 -2.8541584392121564
0.8803378374445867 7.649752070364179 -2.9106801132494278
1.0086996726405013 10.842174000279098 -2.783192873499754
0.9070004191265184 9.222615736083053 -2.9657704224884833
1.035958943616677 10.3542082971636 -2.8046792346866862
1.0026732717403506 10.815909894521784 -2.9160978454923
0.7491452230447417 6.4749665308627495 -3.0223773522317625
0.9683490683637836 10.054432099668844 -2.9281265198488104
0.9472759288155757 8.808608344671448 -2.782712956901062
0.9081713968000638 9.181466830547581 -2.8171312806612296
0.6988465477631284 5.109922349935688 -3.070111208892711
0.9606806149857883 10.954812745628344 -2.9239745085971593
0.9606806149857883 10.954812745628344 -2.9239745085971593
0.9505860506928812 8.696259435830704 -2.8016810175087583
1.0489405146191495 10.7795472042442 -2.780112541529562
1.0982503958792937 12.288139730349908 -2.8507768625051844
0.8273130982741358 8.329481835275509 -2.954718033088061
0.9932634748762181 9.754153856095634 -2.7739385775543646
1.0400120274921696 10.957048835578558 -2.773216463697512
0.8725314523175434 7.894126326719958 -2.952843088205574
0.8981389522011188 9.632513024851363 -2.8743350139859754
1.0703915065587726 11.18894105011627 -2.822192204059071
0.7250069476473668 5.351078166855425 -2.980195164677145
0.9233305363860049 8.242563762246867 -2.8565589545875727
0.7662775592997471 6.335708333739656 -3.0473444227925235
0.9401691308376007 8.657803376468108 -2.870507847021435
0.8613857703712129 8.518967980908561 -2.859819565571146
1.0959367134755742 12.144372826344021 -2.7941431819504556
1.0753419353058637 11.285532941932967 -2.7985860393921738
1.0188374253682948 11.436632414760604 -2.910104601618875
0.8724589987932024 8.645511976502991 -2.983053047091455
1.075300386521291 11.509904072385964 -2.783421634612005
0.8974162490119625 8.110220928130934 -2.795073841478459
0.9933825755221398 10.713646716598383 -2.9203816276774095
0.9210412530427221 9.926034756785416 -2.956076338886759
0.7792672708738294 6.977416255504477 -3.0372005567994558
1.0465805089994933 12.165807260804149 -2.8275837874594303
0.8553260239716154 7.927617252574146 -2.834001053893554
0.8484675804394697 8.61447281929188 -2.9062190248816506
0.8681647494266194 7.38247927066339 -2.9064946696728478
1.0601972597298515 12.353811688653014 -2.827338967723586
0.9858292463982667 9.641232489927571 -2.869619297490484
0.9537634294475881 10.843293387075217 -2.921697422903568
1.0669485230731 11.090399753659032 -2.811044970671512
0.8856294767605789 7.552468523470727 -2.8674951325867033
1.0703618139782332 11.17271356656244 -2.8030553356056225
0.9622337191559064 11.025873523076521 -2.8780526907115442
0.9968144628611635 11.58884749822704 -2.8987462795169465
1.0085237249228163 11.002578811802262 -2.79276316538132
0.7601517663915076 6.609424761189176 -2.983057361259262
0.9567762165855301 8.832714056208157 -2.802549378998633
0.7599644176250118 5.4885497058638455 -2.91634295385584
1.0231078564680125 12.02008100110714 -2.874793240828666
0.9945912751534236 11.584156014665759 -2.8920251846215654
0.9219912695191927 10.230503212962754 -2.885052046133178
0.9017994924334534 9.686003589994261 -2.8737606055423335
1.0074937046493826 10.188079780982388 -2.873087424860746
0.979639841528913 11.25165772673367 -2.860633292550549
0.9962466659071451 9.69689879262719 -2.8436137986064978
1.0280841145622608 11.46711862981612 -2.799848418108648
1.0115040522167038 10.200513733019399 -2.7755103246640216
0.8408925280534804 7.2576584769279915 -2.830622534936939
0.8979552721475224 9.825102674626827 -2.9255730194481497
0.9957823773302437 9.672152647227708 -2.7866565776837806
0.700557931503626 5.069246975673776 -3.061333123612037
0.9330181605950432 10.497382430599968 -2.917552414586651
0.7374959234378753 5.239233896767921 -3.023687741312348
0.9049843280472754 9.889286144295006 -2.8942376999374506
1.009204436136794 11.583032135775353 -2.9050919127972037
0.9864173171281356 11.436454817713338 -2.881941440255967
1.0077350563824232 9.896803710502493 -2.788892926353757
1.1018820221415282 12.2996005430833 -2.8297206093741054
0.8727596643321898 8.23903967678062 -2.9692426589934944
0.9965488894169341 9.612887533496227 -2.8098554214751257
0.9436318266108508 8.752676546783654 -2.7890308195512583
0.811054030455032 6.991149185830226 -3.001790966774661
0.9665600360851418 11.02457362854462 -2.867496049392747
0.9219368812509264 8.901162445068298 -2.792722122012269
0.8870665532679507 9.267482011759803 -2.8691782007057416
0.7825411035580226 7.153735345594679 -3.0230379621423307
0.7576972666089767 5.480852933357901 -2.921534376660392
0.984516245276738 11.396407226039027 -2.8835914472290733
0.9148628208638079 9.111070996069841 -2.9506762193370135
0.7961781549349354 7.391737728189736 -2.9419073407184486
1.085926628675121 11.814579658085957 -2.7957755441601275
0.8387496589540168 8.527316189331042 -2.944046382498793
1.0793234661799178 12.553188121509457 -2.8513328210496356
0.913054121233412 8.050254642451108 -2.8159163062491483
0.8731015778005833 7.507736516171745 -2.8136123979178316
0.9900771424174533 9.841761091568724 -2.7766433165924376
0.7739955554930423 6.777573452888856 -3.038599747937418
0.9991809999041312 11.18784958384595 -2.817673615663347
0.9896605835022664 10.992791983664858 -2.92054846631518
1.0693203351009613 11.466019641516155 -2.787345526705565
0.995195996657318 11.3775706007832 -2.909093749701616
1.0001442035081978 10.13062105023246 -2.8802304387989763
0.8060435088631414 6.195588440879335 -2.9136657286376693
0.90882945602652 8.403503052765146 -2.9165882521850888
0.8455978005206486 7.604384570999519 -2.837303480955267
0.9091791460762229 9.623706410970836 -2.958424477553974
0.7661744630246501 5.895609449635674 -3.0138537506922347
1.0376715731292272 11.581447128356498 -2.800500523343931
0.9195747211218741 8.920352874727538 -2.9345370199103264
0.8646333513227383 8.306034117976887 -2.979551630324434
1.039815354895754 10.547185970112324 -2.806785571973247
0.9639158551308733 9.131512564951155 -2.7880834480820327
0.7682358999948629 6.873536305685532 -3.0091920532022973
0.8087534703481919 6.466438449889022 -2.8586541112327244
1.0444311945499436 11.680191398493648 -2.800588322180709
0.791880394958737 7.181279392719214 -3.0238988929579556
1.0826987883320514 11.65719366338542 -2.8026248526806694
0.9028362098928335 8.091375442126903 -2.8001742497162
1.055076397523398 12.162361749897642 -2.876007248771538
1.0375799964896986 11.992396912877322 -2.8334521468489546
0.9451643749958484 10.599259829641962 -2.924373702716072
1.007775169851925 10.981776402591072 -2.796882975512208
1.0328714186124461 11.021328011244472 -2.7826399326827893
0.9497568837550476 8.763898716274467 -2.839995676939629
1.0795325188042724 12.485490687243068 -2.835528681467613
0.8581791875309639 7.684424324042887 -2.958843782493407
0.8406445580615146 8.47861320096253 -2.925610628115395
0.7972948731258046 7.565090166935655 -2.984420804683506
0.9135690220531644 8.826513250183996 -2.799871260474762
0.7291356395619601 5.856355512688454 -3.036596287447723
1.0826607482753954 12.223586526938568 -2.8086029204675387
0.7926729154859353 7.123367821561027 -3.0239683101036468
1.0676709756830358 11.305218232777431 -2.794766751572638
0.9575263559387253 8.890472177234788 -2.8279615782681686
0.9841456862766488 10.386553510556471 -2.9150424230596874
0.9831232798657231 11.317946233268124 -2.8942599598905856
1.0900742576349254 12.013007493656882 -2.8335822693258805
0.7806873535459893 7.138251818044272 -2.9829601815113396
0.8618520272195718 8.609206738548224 -2.9822278632179295
1.002794834380667 10.079209064971112 -2.77935088781855
1.0268701704558958 11.825501488137776 -2.8898917234110177
1.0518950249528556 11.222275870649366 -2.860439176288572
0.9305486670256959 9.96660770248086 -2.8394901784694895
0.9711052105028708 9.806237753206183 -2.7834103628255855
0.9849954056565559 11.240740838242086 -2.853478667344761
0.8538414593091974 7.010853849158507 -2.8715890535236435
1.0233308930049057 11.096875890338074 -2.894255882378183
0.9321571951890306 10.353031169822051 -2.928607124511863
1.0064453477998045 11.43775371419569 -2.8310317484237495
1.0799762701426123 12.429640655956398 -2.849212263928318
0.8403036543189206 7.9448073379059 -2.8687513074187194
1.0920764767684648 12.136956287481844 -2.8323115537462096
0.9251963353457762 10.293703879196432 -2.9156844965235122
1.0782451245961644 12.08576912645216 -2.8565002715344168
0.7356986970189939 6.015167377692345 -3.0310052575118576
0.9611027050143085 9.895540190502178 -2.7937048819981896
0.8566034890724337 8.467965960556112 -2.8735495124895376
0.7769764375622737 6.972002553934811 -3.024012958498999
1.0513148409549116 11.725729617991206 -2.800791482315203
0.9849080050619523 10.6269686155439 -2.9183557132649995
0.9620741959014169 9.261923920023355 -2.8775209865747415
0.797712177625181 6.3223395084639415 -2.871613287363248
1.0802951731227741 12.425436885916351 -2.8362526452813084
0.8479487768462616 7.139079320371115 -2.83029296040998
0.8032664807793105 7.138499694039132 -2.896999829145485
0.9184458196889393 9.88644979118442 -2.947800627092501
0.8630608199154663 7.830182899822657 -2.9582726083685973
0.8299212757069974 8.054454394143724 -2.9081913454941453
0.741456283039649 5.9139296432798405 -2.9816825099322743
0.9658302952304316 10.345047991284229 -2.928363691073395
0.988075559244157 10.05832587388959 -2.8925517968078367
0.8973591975698456 9.698243729241069 -2.93964253207034
0.9974581452482221 11.51406174859467 -2.8685755294586825
1.046886004863063 10.885293693556555 -2.789959072846682
0.7454436563401334 5.934157255273284 -3.0549443628471042
1.0474577373373744 11.573304453893154 -2.879463444065647
0.9465675890055711 10.020395144619517 -2.817846051168995
1.0673670798938972 12.273837793892163 -2.8286339225515453
1.0291507815130336 10.381002138536473 -2.820524837746016
1.00696892237288 11.659159907126465 -2.8779736490576555
0.9551554995167224 9.39384427449371 -2.9032453533702727
1.0809053000642284 11.674233260102259 -2.8142190713327597
0.8443318498605683 8.530959290118219 -2.9750573608273836
0.87942878932822 9.35782292660755 -2.922674404047316
0.7398831042911279 5.868882096251662 -2.983916318834728
1.0330144804820438 11.793520009647171 -2.8255609113695517
0.9085658815450723 8.998998943231793 -2.814553718053599
0.8999696191296299 9.371183060629495 -2.8537553644109206
1.0299439759257973 11.6632971165235 -2.8912453656617325
0.9876472396366295 11.134910146598903 -2.9112930745211947
0.9411299508333819 9.534375410385351 -2.800131921385508
1.0250318247267802 11.602601241150548 -2.8204055609559373
1.0105229604373585 11.661349717481052 -2.856183728381456
0.7437557559385565 5.309131925194818 -2.9984806913750828
0.9918589296363624 10.092052606241802 -2.78207177327005
1.001119820896229 11.22862284474084 -2.824464610116431
1.0874373413827305 12.219067843744952 -2.8319173029495914
0.8239063385644917 7.92699498561726 -2.9153118608326203
0.932459008102297 10.339441702639107 -2.9241411935583184
1.0287283709447985 10.57866216739785 -2.851519757854855
0.9377008324290433 10.233533274594654 -2.9363180518471417
0.7588594230365532 5.8518373632561955 -2.9265140396553533
1.0847722505234396 11.902377744679118 -2.8191582427919606
1.0600444076480846 11.443159515080172 -2.853712284164188
0.7292475765712197 5.502080915547763 -2.9909134440059573
0.8928977641619948 9.372810371296968 -2.957868882658419
0.8729180094992086 7.798024813229974 -2.9337016974102816
0.8368904376560784 8.419136114972781 -2.950994100216429
1.0266271459018577 10.404165948775258 -2.7956640655521845
0.8234281455989468 7.838249174538126 -2.907508301268298
0.9826924846786167 9.472397304653965 -2.8364357389434414
1.020307993826409 11.03814094558504 -2.8914704767834802
0.9931533697734556 9.841451603504119 -2.8598461554818164
0.9093457807266161 8.364338606329401 -2.79983494335565
1.0144946500501881 10.57607771164005 -2.8786130010351343
1.0828289516904996 11.98231966865228 -2.81480972969477
1.0676072083220247 11.945123861446206 -2.808888572736574
0.8116085549913747 7.453812033965454 -3.0068436800866603
0.9152336194097679 9.442164963185668 -2.9507510193901387
1.0332742813516718 11.76979921690619 -2.827177382415419
0.9804086093763045 9.435226483917292 -2.837249718758791
1.0599111271736208 11.1614541211451 -2.816332751379951
1.081031033055861 11.859735530527393 -2.8257487403376853
0.952944316112545 10.319081236176771 -2.9311132288035457
0.9466223552569539 9.365586301246335 -2.7922935454378894
0.9185306126775712 8.447663099072571 -2.799231015231072
0.7544970934959253 5.431934142534758 -2.9621816518440243
0.7738789198655296 6.843412227963213 -2.972034786797626
0.8828853147102727 8.571395097402895 -2.9616893748920003
0.957235188763545 9.619247067109491 -2.7915566284094755
0.8651469365309543 8.58759159341275 -2.8675695704841084
1.0661054943059307 12.167065112200115 -2.8310033299236137
0.9323545791254524 10.190858655102799 -2.9324667499586266
0.9551838587755811 9.123311183526129 -2.872837565104975
1.0677002666907844 11.517241531864588 -2.8046778889166406
0.8861577163650947 8.567997664672646 -2.957176641241326
0.7107073886373003 5.052028827828746 -3.033110589603008
0.9631178426278661 10.881935222677106 -2.8998903612965052
0.8671139514051596 7.289712021850669 -2.8587061913083742
1.0189905064756404 11.355476161523821 -2.8939402048343386
0.8358707171271136 7.323598488129104 -2.9691231996893364
0.8996301309912373 8.93167983801008 -2.9533356037607073
0.8023560843689497 6.871593555556944 -2.8854782441422144
1.0761346175395525 12.114933453182847 -2.8405457794588864
0.9778076792213579 11.086817597459962 -2.8992686410923874
1.0534613968157847 11.049040572311052 -2.808030624973955
0.9625527885631505 10.466153536831794 -2.92422135494588
0.8126331321973662 7.334516093451912 -3.0025281490900877
0.9256481755547954 9.18462209008954 -2.806049931081887
0.8773892975401801 8.183053936354574 -2.8233400491467635
0.8736775922217139 9.05586878588882 -2.958586709546522
0.9707227090106341 9.775660263077917 -2.897167662195899
0.835829600326444 8.1660626915037 -2.9847739038418073
1.0597737486250063 11.852638434212853 -2.86157932722969
1.0453582497496863 11.39588401756418 -2.7985441302654337
0.8233103666414986 6.556598643583508 -2.8739281479922703
0.9464997748073065 8.9700624150336 -2.794531455281581
0.8640396414886486 7.868458929465799 -2.9535608146015333
0.9803268951712951 11.05019951183258 -2.9040387398311696
0.9656373579612982 9.865780337466337 -2.909375839393631
0.9703196043716591 9.22623344832669 -2.8198244856387253
1.0223121628454048 10.363408033508547 -2.799130217963402
0.7378558517880801 5.882189490361965 -3.0044552520624297
0.8743928126945144 9.141430854916642 -2.948965866623201
1.0597678980279386 12.082641205525151 -2.835448097255692
0.9009135902934264 9.163417762778069 -2.9546724578903563
0.9579631839444418 10.668294058592302 -2.9148591204615624
1.0042239349389441 11.502864114996575 -2.877080509865741
0.8971700105385064 8.1065734781554 -2.902881864653813
0.9495655929335883 8.879350675119067 -2.8060039821970033
0.8641699158913373 8.149004764071735 -2.8415732354301175
0.8343125598011868 6.790502196435311 -2.857300239257656
1.0359140596020633 11.782888561463349 -2.8321853293038046
1.0580244981523272 11.90826734634632 -2.820049259129652
0.8074936668408457 6.826602770217958 -2.987176289593414
0.9916750647713737 10.568270893016171 -2.8007514942824723
1.0658860009678781 11.620861266534634 -2.841332227937965
0.9700874574061451 9.23676595745617 -2.825269831174944
0.9839820155340907 9.522589550656047 -2.810984471399008
0.9497939159070388 8.849846236692045 -2.815233132379355
0.9321442082432116 9.053429416918771 -2.9130159350834575
0.9372214229539215 10.022035347587765 -2.8399865494664844
0.7519232722452447 6.002691737218383 -3.0385030185093798
0.8734723128312561 7.542977133161937 -2.893419314947246
1.0267560792737311 10.557958038060233 -2.8430836168125166
0.8440048232874509 7.063334285743361 -2.8426146622218975
0.9646323192803616 9.146314102969443 -2.832184691109952
0.9137310256141049 9.2561027120022 -2.944968343357464
0.7549815925843206 5.782263904293133 -2.9394611235469776
1.0283161513248067 10.837157903374932 -2.7925053739209815
0.7140714988556806 5.16037957972569 -3.053006387380245
1.0626200385802986 12.017470315740136 -2.8481643290168805
0.9813051055417534 10.124547831860538 -2.898372352114035
0.8215015635081322 7.037230056185091 -2.973531408419533
0.7223097899314695 5.230607473112823 -3.0467031264979694
1.014556143363495 10.717020378122264 -2.793055564627817
1.0283224171610654 11.232375646770375 -2.880860642369208
1.0247252511919551 11.422719801809942 -2.817741819212215
0.9952325933905737 9.892639951421721 -2.7945984709765765
0.7905214921682241 7.269256043878833 -2.985846088491618
0.7604850547862142 6.022188434742862 -2.938295350742172
0.9743436695408014 9.852479251335374 -2.7913812875029027
0.8185310772478016 7.3098014699323866 -2.9925083960176844
1.0373607346927842 11.538323428902057 -2.8137361593039825
0.8535050249346579 8.356603992225052 -2.9765304061092284
1.0385703820204983 11.83879800196643 -2.8650815061011903
1.0551909795200778 11.620977611172531 -2.8090933580626407
1.0655692142934126 11.95848151690598 -2.843753339203458
0.8547762151867301 8.61805327182848 -2.9664887751687967
1.058445109079527 11.66466973379535 -2.8108853606845026
0.9061237806235584 8.330488308956644 -2.8070488837218353
0.8842560690965156 9.350459346269727 -2.9289133794953
0.8848251362404337 9.174385134774662 -2.881269771866855
1.063079976038968 11.50764588891822 -2.815085950165451
0.787436572859951 7.182919504633739 -2.984398038744846
0.9422173665098207 9.364681838967886 -2.913993212695226
1.019115282795835 11.641273670470234 -2.8664394009328524
0.7574868482974298 5.697843365234044 -2.9990647216584856
0.7420202043743958 5.957793892957251 -3.0022638541523468
1.0392587961481956 11.032122520232903 -2.7984193587674646
0.8356145080691848 7.566333292438976 -2.8623721362308965
0.91115435330354 8.716492220989403 -2.8082618332268883
0.9465317303114986 10.332893286601333 -2.9229256058544086
1.0129996196732391 11.4338158340747 -2.8376146682810464
0.8575320539191942 8.75005735027117 -2.9227137118288575
0.7181868599874951 5.140690632508894 -3.030725320371591
1.0007448619230808 10.960190666512432 -2.898418205860723
1.065211174739642 11.676670113395872 -2.8205615398379287
1.0641780768630917 11.595818060748842 -2.8299140152738187
0.8195328934407876 6.89796007648015 -2.8619714695425755
0.8107935857783275 6.781801305489029 -2.9735061014309547
1.012434797326927 11.237230363927878 -2.820979554664401
0.8069023623696947 6.652005138851229 -2.970536097071754
0.887710274321346 8.229175975596279 -2.931885313310052
1.033018248920321 11.31601281786621 -2.8072795480675183
0.8983115140655651 8.012022374360782 -2.8803979346597632
0.8741546972947354 7.860118819034829 -2.928847797833149
0.7474932034102959 5.606816715034576 -3.0163754942511436
0.9646877531780543 10.104083002956031 -2.9146765322853816
0.9167412362801739 8.513284143077273 -2.8050094511747794
0.8436525858663564 7.029138173097355 -2.9081658399454837
0.9933119729797597 9.819295791178869 -2.801889230326811
0.8946499213795379 9.494443691664106 -2.8981877300575745
0.8590406330950686 7.22610117510442 -2.8789962242881666
0.7864228592461513 6.928965327235696 -3.0122989816026267
0.8497803403651601 7.083429945906524 -2.891033092549929
1.037632156453987 10.978807247571407 -2.8508186755905354
0.8729039143014464 7.468462021396359 -2.843730054699799
0.9528171702499542 10.627812483963353 -2.890968710903982
0.8001921245436521 6.932809143290686 -2.8994858130933086
0.9802577439268787 10.626566174374956 -2.9091209250102104
0.8086778485094603 6.572655931452388 -2.955638254517151
1.0004742125517359 10.351842648654959 -2.8780675812737853
1.0458353881270428 11.025231290727074 -2.828773820691545
0.796604095359609 6.38461068074208 -2.967069820824574
0.8879904863675494 9.21923671408965 -2.8800208134949217
1.0463627501679778 11.044968337170836 -2.811549094509389
1.0126743192330672 10.368660739995793 -2.853658094777525
1.012104864011561 10.627441431827295 -2.79569986359453
0.8790338939853961 7.756863024287441 -2.903142742812083
1.0054310560952966 10.751923728648634 -2.8887143795867045
0.9004412791989718 8.74897490112008 -2.822003842489905
0.8807004617407557 9.201566355663434 -2.9416099525793133
0.8429473242290549 8.303093555237144 -2.9723648598407646
0.7641289551912568 5.90875708841743 -3.002052569779654
1.022141581494374 10.436754151204132 -2.82724308213573
0.8420506952118487 8.236791700995532 -2.9050482462584837
0.8421541036054496 8.399897818431382 -2.935718456098373
1.029272423308995 11.237556755637673 -2.874187491025005
0.7435921110274004 5.9742774141301345 -3.003478222246734
1.0227055761484658 10.543287063646602 -2.843110314445291
0.8980551537498869 7.923411635699687 -2.8406450988728014
0.97527786503864 10.589441822648006 -2.826219221340728
0.8943209997037118 7.9888384892343325 -2.8872462021080656
0.8413302360131981 6.9257578677122265 -2.8858237049560644
0.8086906335863991 7.620089418535288 -2.980891934898392
1.0314296714953481 11.291127520244485 -2.81083049366313
0.8982637193101325 8.02723826186595 -2.8209133935486568
1.0530963220184109 11.35239004359196 -2.8345836707778576
0.8351434340614803 6.81963575027033 -2.8738873753186294
1.0353796786874983 11.149357393664344 -2.804952392033023
0.7518629487927926 5.5184144873359955 -2.9751795641154093
0.794972727234812 6.178855702610363 -2.93146601965939
1.0444400804359173 11.083806197892327 -2.8356332998799445
0.8335201757739563 7.647889199196637 -2.8744429661310247
1.0312256300321756 10.912406151445577 -2.8019287766196492
0.8172202609054952 7.29562352118923 -2.8868024054677646
1.0227800146826724 11.038300969941481 -2.8058753015079274
0.7735848803634504 6.032502990355282 -2.9871980518753936
0.9963068887283878 10.841287759536083 -2.81764236689044
0.916378592296718 9.81210190776445 -2.9295301375372786
0.8794939453957197 8.132976682947124 -2.936616358178746
0.9259933355841505 9.78457695266621 -2.848448781863354
0.7877632536763436 6.419937467250979 -2.9018305863909357
0.9666413905470859 10.441948480311368 -2.829963381877927
0.8289921844115962 7.1221184349123146 -2.8584330189659695
0.9688511052309418 9.311578194455436 -2.83257037198809
1.0327357196719191 11.555113060069944 -2.8305297120174817
0.9391875322416113 10.041228867078956 -2.845380261266673
0.9863472383345004 10.353063230812317 -2.8946595079448105
0.8727301241882661 8.114414662543766 -2.83357876235102
0.9862355194422546 9.7733807547141 -2.802074251450021
0.7424633381147323 5.777079708201826 -2.987105839913807
0.8927738646722526 8.405935010635082 -2.930572080338181
1.0171822788703548 10.774012931840062 -2.8695155468605824
1.0090402059475667 11.012488363240703 -2.816341407400178
0.9938626663444734 11.078532574848406 -2.843051694077464
0.9172865329647887 9.9118881846512 -2.913361090706988
0.9594103864563517 10.633132069813758 -2.869824871436486
0.9541203196667973 9.301153986701063 -2.8813688835551456
0.765772347401734 6.266530347873167 -2.948870016847211
0.9825688928678629 10.684402341894533 -2.9023745244615267
0.9851241445151322 10.148528034035305 -2.8858366133761715
0.7572943122489175 5.880699730224325 -2.9480758742089797
1.050703437000613 11.590596597946707 -2.829190520250642
0.8397441492239198 7.506738763256691 -2.9639703626685607
1.009413069356832 11.302899498378217 -2.8413966423356363
0.9612679224560041 9.448598877257528 -2.7995707811066524
0.7332172591284261 5.456580426740425 -3.0020711607105146
0.8609087349742772 7.629462809288125 -2.9314215790071962
0.8506035101372063 8.546350638441535 -2.9458456602136196
1.0187140601838163 11.12187210605888 -2.8154203528187542
0.9351847094290895 9.92208507108315 -2.844495959436746
1.0400474252500858 11.494593546494407 -2.823817807650623
0.8995838315725386 9.409150245728686 -2.8759265798690223
0.9426765192225681 9.210618250359953 -2.896512755076727
0.9614811309735911 10.130118839641376 -2.912326206096899
0.8893608701375726 9.192643595471669 -2.8793309503658593
1.0014920644165457 11.14107766219216 -2.8858131309529846
1.0078283002622397 11.358479347022957 -2.8598683710524133
0.8509697683483983 8.417667943955646 -2.964349254663066
1.0233561679149306 11.402502543812492 -2.8711189053151362
0.9263200392475184 9.422204747564571 -2.824834147082548
1.0036020468826925 11.282496679482467 -2.873829507232802
0.8750419062397278 7.922503567674699 -2.9264160258444516
1.0300886197249062 11.579712039603194 -2.8534810730828646
0.8068559685953834 7.065390637939139 -2.8980040279703716
0.9221616523411826 9.493736721652375 -2.8357565933673943
0.9174596994275869 9.651495919984265 -2.933400722429253
0.9075741022918187 9.051684918320275 -2.9374974681009616
0.9469841786916376 10.262552833051611 -2.8544436356675096
0.9246128703240166 8.951089650708527 -2.9096755259255107
0.9907728686352111 11.08803568314207 -2.881369785447577
0.9205833417921796 9.952939857242862 -2.9039824809224304
1.0310699127170946 11.038996054045143 -2.855334993493106
0.9241093499731552 9.430040209676068 -2.9302265266477026
0.8216812764761336 7.821236174323515 -2.9336655704461476
0.912795084573937 8.388420731209148 -2.880505627402315
0.841881423936039 8.138509559337745 -2.971345992423977
0.8861307631686783 8.823341099793126 -2.950708452614859
0.8049810319890601 6.533232118628755 -2.883937912123934
0.7927700330775074 6.768566682244915 -2.91316327298769
0.9836533956332174 10.84734379582261 -2.84194277409765
0.9450231982401064 9.784658206444943 -2.8216650605170663
0.8979398097438089 8.473843873165668 -2.820585133266968
0.9754549511871239 10.675557396687994 -2.900583475062283
0.7980992705019507 6.2617526983818355 -2.9208561613966393
0.94318159163544 9.217739819005233 -2.893766406343305
1.0142687045701237 11.287009854840715 -2.8736126920560348
1.026231052642898 11.059415105420957 -2.862800291351899
0.8439932775893539 7.162149362231743 -2.918408806890583
1.0173934007827894 10.905286010754665 -2.8101273816860823
0.9742635901945602 9.689161987728745 -2.8019888301704676
0.7542013245699524 6.1496821153148735 -2.9903538298024435
0.9691317760695484 9.387241335986413 -2.817990704685487
0.9141154853438831 8.29491704642216 -2.8487930457951265
0.9299470578237995 9.84708801535131 -2.8515493150396845
0.7737468449821066 6.041380349262688 -2.9244644985725947
0.9176213899862712 9.205964338498543 -2.82727762652312
0.7464150285405604 5.6379556961719075 -3.004708027453045
0.8126487067737374 6.6010178436204 -2.9351700503515756
0.8037150124931715 7.159857915726599 -2.992689764698672
0.9774836243122038 10.7759849586445 -2.8487180178286455
0.8872955548293722 8.77661802835177 -2.8495664452988425
1.0066339053188473 10.200826123552822 -2.8238215118625956
0.9838660480085759 10.574476405405406 -2.8216915930295947
0.9750403479438311 9.55332317130934 -2.8454208618075993
0.811057328483814 6.489725699633948 -2.913054170122061
0.804079094179005 7.4316570249303435 -2.957873692809936
0.8803298141655025 8.138072070632685 -2.8300544774822534
0.8917416069284114 8.619416558952956 -2.938851652905767
1.0018316451357734 11.056441609859956 -2.882070659653336
0.9460870311983967 9.081628319090015 -2.8716531378924834
1.0124221995463536 10.623763515508042 -2.8068438483460714
0.9468747810076215 9.69719143994504 -2.912080202872983
0.8811906670743217 8.23481443460786 -2.934475298426518
1.0011844510868717 11.175801975730336 -2.8551765753853067
0.9797257040916003 10.443779488874975 -2.819679008770027
0.7441157057372345 5.6082533948058035 -2.9869344145986725
0.8137843474348826 7.621563911523959 -2.942581960592106
0.9024102794275956 9.330853674752404 -2.8652876151991062
0.990970941489293 10.00338175216476 -2.8553871281329473
0.9538072046139786 9.213255799070666 -2.864667535454824
1.0249926203229518 11.350112963600566 -2.8366020895117554
1.0119835023833266 10.36325422433697 -2.824320819317621
0.970240919349167 9.426745212314707 -2.83280186308457
0.7774812006798055 6.42340200295973 -2.933165394763619
0.9690698998636335 10.715641678028057 -2.885719912963477
0.9873063687695249 10.620599594495687 -2.8919679041481197
0.8311378576990954 7.433696277776027 -2.968348675896336
1.008289449153571 11.148922674343194 -2.8378388398230436
0.9985314695278711 10.371541782416237 -2.869303368562785
0.9497106554268451 9.755349228787733 -2.909696395805624
0.9243920449146434 9.950208848690766 -2.9079537953941355
0.8379855202472478 7.634354202912089 -2.871499314607578
0.9912331018825009 10.827187463861456 -2.8879499315202493
0.8803195058381141 8.11077416112385 -2.9262018085014816
0.9830880585030156 10.137508294639254 -2.8811998399332546
0.9064924661369486 9.121269325605295 -2.841123476191295
1.012940399943131 10.89794598047062 -2.8702084051123355
0.9192115789984412 8.421628125408319 -2.845960601470047
0.8352096434607144 7.0818821957608655 -2.930022256796261
0.8613166546091452 8.703419032438001 -2.9348501388222914
0.7680859730190188 6.0270591261767645 -2.938258985517935
0.8470016831288294 8.358860587430092 -2.9526318892139045
0.8462339661250906 7.0952350423260215 -2.8786060286580404
0.7515169463815341 6.009361773697694 -3.0075771659033683
0.885333750669618 7.801619611232258 -2.86568544353526
0.9491816724320875 9.714922945052802 -2.907880711839505
0.926482721913251 9.94365127290749 -2.879242656233339
0.8540000578920877 7.243242874551999 -2.8807779032788625
0.8756592687020084 8.915002893356158 -2.9418794763921614
0.8908743768069132 7.969828571901306 -2.879926828997466
0.9756293741758103 10.77103635780184 -2.8840798982168767
1.0109015033616608 10.545723825621494 -2.8537436105128515
0.9985085155859694 10.339947813004272 -2.8083803066920394
0.7626846086605947 6.14421398816281 -3.005286974418482
0.9556884427909782 9.474091741891684 -2.88414832664108
0.9906636051605232 10.963066500910706 -2.8537608564563675
0.8257830088451074 7.612493322672934 -2.89990963384676
0.8039389913630355 6.91185695685424 -2.901322811571344
0.9463015365341381 9.17113366825091 -2.8766614248335634
0.9147279802656489 9.686445641607733 -2.879311203684428
1.0250492080673017 11.126655010744436 -2.854631201027793
0.9050058868134874 9.268188143873125 -2.9347068874709645
0.9850887383984401 9.863436275969622 -2.812549421101015
0.7857710720870186 6.201605335540075 -2.955780462334449
0.9568538828767063 10.315785970810028 -2.8484652756710704
0.9185100596765599 9.817313671211178 -2.89567277681937
0.8148921887208967 7.6273023733151835 -2.964754433659871
0.8162280501909425 6.959952655551238 -2.8813282405505696
0.8892032629920805 8.110568457202472 -2.828644423692774
0.8537045172789313 8.507574353535427 -2.9285436524616566
0.9331636716315219 9.752784939298708 -2.843147533657175
1.0286941538099799 11.056336098954521 -2.831982229759089
0.8186661201073684 6.674542196440688 -2.9117030906774928
0.9792893313518802 10.611121625938177 -2.8917346264952
0.9124881655314652 9.19580192366617 -2.9290700370763925
0.8044713591757182 6.553093443033202 -2.8933117746111545
0.8731100971906185 7.962352573411969 -2.925831135751851
0.9012982758613381 9.317831888548202 -2.93213261448321
0.9143317376321831 8.468369621270416 -2.876696901335636
0.8960213028543726 8.440441893352046 -2.827062319163786
0.9145012010592357 8.568043656261242 -2.889396948575119
0.794474578021824 7.0600566851202675 -2.946852588449565
0.9905883459271745 10.951812838745983 -2.85994590757595
0.8096819305469527 7.28028491182624 -2.9821299828431638
1.0220691599700324 11.217575761640692 -2.8434476665696033
0.8947230369849095 8.328598707141385 -2.8266462851439202
1.0030522491863214 10.357116203340679 -2.8515782943047236
0.763764856653864 6.132707848453641 -2.999058179510335
0.9112199123320421 8.364053880307853 -2.8686263232644893
0.7951711415222058 6.302958911314824 -2.917367451811734
0.9555596489839009 10.423767826920848 -2.872010337477073
0.8150949654458386 6.857219368734926 -2.8823360548670074
0.843534131088755 7.908219413531775 -2.8822968603789034
0.8258243166698781 7.845960864633334 -2.9366670429572355
0.7797883142894594 6.593364513751536 -2.99489810757828
0.7784568357964795 6.54678626718787 -2.9476614729959905
0.8145295305114457 7.562805200903767 -2.9391692507842677
0.8785152693096705 8.681625944617343 -2.8662390426227864
0.8617391655999874 7.482292783767802 -2.896818650835833
0.991240190296053 10.939526266011967 -2.86374260391035
0.8852062353833379 8.562548701144385 -2.8458243297616876
0.8864684679643361 8.922914922317855 -2.9405063032957766
0.8885273045966072 8.973955334039044 -2.9392008539442527
0.8668607311177497 7.870567099294696 -2.8433706283751636
0.982696701233533 10.51999641064462 -2.828732116044445
0.8295906570209669 7.4868805154511096 -2.9668313292647785
0.9932171638925251 10.471026567280857 -2.817636076013208
0.8349960419775857 7.936043941845533 -2.9636341689335417
0.7953562065534243 6.530055018311165 -2.9664470035609396
0.9784152496234833 10.72416748865657 -2.8792813353410773
0.7767269322278973 6.61576008938274 -2.9688835806920304
0.9077199411418237 9.517770080002368 -2.884246400195616
0.9778636876194831 10.249491112129995 -2.886426293664276
0.7841905630549953 6.557910718787807 -2.9883954328797073
0.8190059697266291 7.242297188313365 -2.8922448912459773
0.8890460405769761 8.782435686154553 -2.938721391618801
0.8645958952483919 8.578247445667404 -2.9468967203727683
0.8333029674535131 7.1167007194123215 -2.8677063998988275
0.8886979107347877 8.832225957367914 -2.9391523038438323
0.7889142560993951 6.237933675836119 -2.9297273092765246
0.8217478325081253 7.4994497145465235 -2.9057126151406143
1.0163757251078875 11.079216007674592 -2.8474280308184263
0.9897229386100372 10.504164991452601 -2.878874229716888
0.8933772567070082 8.059700379309485 -2.8776619864731297
0.7856642295979577 6.733449570943083 -2.944821814265428
0.9109637744639165 9.163612121433584 -2.926430584216522
0.9699947106729154 9.931968969094395 -2.8831614127519125
0.9255475792714198 8.676782312603926 -2.864689627789481
0.9048749079892671 9.418578555252592 -2.8797457689902766
0.88354314855258 8.523348473811083 -2.8479656740902124
0.9191554586322213 9.482554137145272 -2.922606553942434
0.9014209781096287 9.426327017973762 -2.9130280239361603
0.7826140471575194 6.193480497869375 -2.9297090822829213
0.926480061598403 9.286023963293722 -2.9135594439034636
1.0051922557185873 10.463559200593497 -2.821726808348975
1.0018363730733606 10.300633927102579 -2.835148914758313
0.9716024380615058 9.690293201547238 -2.816108691889557
0.9716318619165752 9.766084669302623 -2.8669925266136618
0.9856822995877859 10.806426263252597 -2.862735379660282
0.7865929568587146 6.530535771761919 -2.98114805223475
0.8608444472144521 8.395588292640804 -2.950533529742221
0.9745674829438236 9.780487812144736 -2.86032375938131
0.8137225660930065 6.848410428057523 -2.8882179777285866
0.8982805618372108 8.945283541996856 -2.931864228663722
0.8961556483045038 8.622165773660887 -2.836323864362386
0.9961963548217576 10.176649636280818 -2.8339777861506805
0.9650974398711192 10.269154457386097 -2.8943243611283864
0.8239251025032868 7.226911985015901 -2.884145573734623
0.9144427430609557 8.914802217465482 -2.911830095622034
0.9848692044189306 10.771851008313686 -2.865040820743742
0.7803074577165787 6.676958588354235 -2.9764037530666183
0.8660357232780573 7.689413840460647 -2.908764532733127
0.9500797178432663 9.691187433303835 -2.897746868131737
0.8522636557841832 8.365000729266747 -2.9156833307784398
0.8947356494147558 9.127922799531436 -2.875345938726401
0.930217216383977 9.504573403334007 -2.8368720983887785
0.9448786195589659 9.185683396101975 -2.871796073816575
0.8660710213223064 7.5924309863600445 -2.853860856250427
0.9179128523434006 8.981753349575284 -2.8273425005739963
0.8023454408873913 6.500914928829705 -2.9319252386517443
0.8704539691085844 8.557724137652396 -2.9442370875023594
0.8060517364293851 6.63899608109735 -2.944430435844964
0.8671667298562451 7.607287886842381 -2.8548056165971882
0.886014286668501 8.357397157365988 -2.84009137070396
0.9519596569956637 10.164725311691548 -2.8540237936118875
0.8651758697685604 8.236753974872418 -2.9454731480815726
0.8836121722914883 9.03259134068395 -2.9193394234667758
0.8866350790482674 9.043520616112158 -2.92612683155352
0.7683926762338541 6.172889299644099 -2.9680325079341285
0.961298838794094 9.478609400117126 -2.8573471640548114
0.8700601672638362 8.535227994867544 -2.9432603348835764
0.870347478118297 7.686441304567181 -2.8521779799306004
0.8332880594555281 7.151769878323202 -2.872769704997555
0.8794376382361515 7.839819536119885 -2.88348065655729
0.8679191626525329 7.646609687693264 -2.892741365684301
0.8916102634179432 8.078356305016076 -2.880391619943863
0.8575368484553136 7.852991582696325 -2.858643486235458
0.869388458225057 8.217767670855526 -2.857492924943884
0.9239328800157287 9.166501746291509 -2.8292671130826603
0.8559067440452929 7.379864656289822 -2.8711804222821997
0.9895673329706979 10.156032637999857 -2.8523983701443507
0.8475562337822944 7.463958801193602 -2.8612768735259424
0.9122608891309608 8.553422913466516 -2.8838733269052605
0.7877426825679803 6.295188910432893 -2.9373447151586625
0.9404122152716368 9.047819139517092 -2.824715413184145
0.8566513289983932 8.003435346233779 -2.8678114472840903
0.8381256793225715 7.135383473114496 -2.874016076446277
1.0030749850572 10.515664347704941 -2.843460055046646
0.9076860724237668 8.587505486022359 -2.829458099892056
0.9533658589294007 9.710368294385322 -2.8238402877388964
0.9369364036071293 9.63835069356907 -2.8381233693654924
0.9636739098497736 9.98925736901706 -2.8881299585052895
0.9839669536974989 10.075084889662364 -2.822285643250097
0.852538648009985 7.6514085764612005 -2.9336492752670873
0.8716611862628632 8.423083499389069 -2.867312283626598
0.9668628187338109 10.436882204054383 -2.8590967684304203
0.9325597882817706 9.85930607124541 -2.867386446283648
0.9744323822991507 10.553287939642587 -2.873854006666555
0.893579181326023 8.11464485616434 -2.8766509327879177
0.8459801188929171 7.306793200170919 -2.911747714207268
0.9039237790114467 8.304519799642497 -2.870373510547766
0.7841356467501845 6.625313697695127 -2.9779779291236386
0.9338807433023788 8.918506493070126 -2.86399763913586
0.8718952947225614 8.169033731086321 -2.932645835968523
0.9686290100785877 9.62089681457767 -2.8293152126708003
0.9279254128073817 9.318507369551229 -2.83332114154659
0.8016950935681746 7.15890852017432 -2.95366419464645
0.9426592763388277 9.064935215255652 -2.8328032631030795
0.7951526220385816 6.946409120170294 -2.971138187085494
0.9247166723099856 9.259798764655677 -2.8346146956509757
0.8883769617384385 8.650169467582678 -2.853110826075502
0.7961086978043083 6.464403780463205 -2.925587339440809
0.8247090730701448 7.2696680628599415 -2.8900789167641823
0.9326604180304346 9.341458784045567 -2.830341237339736
0.9725209902440842 10.083581975502094 -2.87669293848701
0.835880698928292 7.744337492636417 -2.9562993470378798
0.9139566124662326 8.49260415595548 -2.858170668634269
0.9230941952819646 9.119114626216975 -2.831619374944953
0.7990126753536478 7.049857063589851 -2.9492101616454347
0.8016450207278143 7.046319893024988 -2.9351292950376386
0.8166185282615315 7.343323010815226 -2.9641429551477967
0.8989204638296394 8.626096948347143 -2.839115748910405
0.9651057886064517 9.874224459385221 -2.8250678279191606
0.9267899968798065 9.075348520795563 -2.8950334202358277
0.8910140323399722 8.066596036360469 -2.8700372932034393
0.8576766065900867 8.402162213688102 -2.9104169523114827
0.8145591240784883 6.977550927934092 -2.9521096765356254
0.9008192708613338 8.478187734936954 -2.899324376809578
0.8266968812485808 7.211543630665361 -2.9463774879502314
0.9737923182231432 10.481485493416443 -2.8637822573599405
0.9821233151910709 10.562674978853025 -2.8582044340751382
0.9320148813187705 9.720538410817857 -2.904153357101046
0.8589894443939383 7.896968558907872 -2.862621196129351
0.9570896855471651 9.432406937910134 -2.854068362195389
0.9072810014125645 9.42286668405827 -2.90080299406769
0.8508280692462482 8.15939781238534 -2.900061164051138
0.875928234229277 8.7322578629354 -2.892391961253761
0.8659671293540663 7.734640112545504 -2.905520075183574
0.8626127824623027 7.619141013164685 -2.8599816426478615
0.8092022179675455 6.786269750530061 -2.9441922677132135
0.8031344990719352 7.144227270905844 -2.9551601939063805
0.9633500402332293 10.324502070619552 -2.875916905558052
0.7950479626244064 6.883868072653898 -2.94538243807293
0.9130551238896927 8.489628620459888 -2.8541722394266733
0.8421084559175097 7.206187868340162 -2.896015099677252
0.8033977574257488 7.046967220068356 -2.9659821671448388
0.7882588270060611 6.7056870102257005 -2.962197360826253
0.892156533485666 8.588189142408048 -2.9201147020593776
0.8800027783440754 8.878607314451317 -2.9122432463601458
0.9695116368250387 10.17464051794282 -2.837174850237386
0.9278292594903017 9.417666099234998 -2.842382923689377
0.8960764523453548 8.768274364985734 -2.8509168202191875
0.8534243703503952 8.177735524015626 -2.8955155374474586
0.8047355307007849 6.968930761524478 -2.921113740509151
0.8538350299830617 7.790720837474801 -2.8673713739916353
0.936265489513846 9.322348647333824 -2.891281216412188
0.8310333718616059 7.132446102804607 -2.9255250174842704
0.9798252402563866 10.356825930145227 -2.8681163475125935
0.9100547384681525 8.6293973647946 -2.8350706652992494
0.8160964185750921 7.442025558655976 -2.946971990641727
0.9707404686142747 10.367924149580187 -2.8692068607727697
0.9809295220981951 10.457013424511493 -2.861079967357018
0.9697955163628603 10.367805636986805 -2.8655056437541395
0.9557912132881483 10.108068223352195 -2.8543699720580435
0.9473545914436414 9.584863080329148 -2.8312016083668547
0.9378173761877499 9.328507366880416 -2.887880599402793
0.9780912801565411 10.084314814777397 -2.8332025802544005
0.7993483568699037 6.987407605027125 -2.9564304136013604
0.8953011407411755 8.343889697276996 -2.8951779128040114
0.8450553102517309 7.405510919804671 -2.9193215311397003
0.8850445454945224 8.103535857049339 -2.8474832413452975
0.9794282699473695 10.241462040220824 -2.864156463448029
0.9134753609133663 8.916284701613279 -2.903585284317033
0.9087627648492145 9.032317282473777 -2.8487416108386068
0.8680026780579091 7.711842560274522 -2.889321328832142
0.9857444382692618 10.346753497235452 -2.8426106728265417
0.8456067877676955 8.114679109471561 -2.9286006398271467
0.9525989672114457 9.3682902193077 -2.8375033705725685
0.8242133553074322 6.976220310617056 -2.9184293815901663
0.8067033604401904 7.155936638719047 -2.9409958380444206
0.9120692894157794 9.416890414619047 -2.904708317389254
0.9829305602954188 10.24136414976056 -2.8412535902633795
0.8114669912429928 6.777250403085529 -2.925985129058847
0.8449473215100645 7.907442766255254 -2.895088424168442
0.8037440198833875 6.909786516063301 -2.9579509216346516
0.8176760543926128 7.004626832052287 -2.9000437440390106
0.8517196645081214 7.442521544426134 -2.873595403039229
0.9097538228053919 9.38584073679803 -2.884307008323325
0.8458806040314077 7.47640830202619 -2.9233714920322367
0.8072726316388843 7.060012835987203 -2.926463160242176
0.9612770096393661 9.616044088657784 -2.854484187129061
0.8724641734418079 8.357496428482243 -2.8691314457127604
0.8090531910378678 7.008151898244211 -2.9177792079849114
0.8100070969284519 7.236338887249387 -2.945269407644873
0.8563307454204352 7.751715823887854 -2.92480740388703
0.9240877798966439 9.645528597741873 -2.882392444324239
0.9638533425293627 9.67888258359676 -2.8527604439162118
0.91764967705691 9.196079804808221 -2.847619906685829
0.9747562523296917 10.083966510478636 -2.8391750636417696
0.9750138670265243 10.025400967212239 -2.8537446226262233
0.8787239860869096 8.14891688516374 -2.8526760707624557
0.8430560259135057 7.89906323934803 -2.943518023190121
0.8710260370503071 8.56718696443749 -2.894927791828625
0.9772657085352949 10.297368725702034 -2.856537222556563
0.9271609481160217 9.407682746120429 -2.901016484671638
0.8918375011019086 8.684598209749257 -2.857048808567469
0.9520483188316801 9.984024825031273 -2.883120681279575
0.976056321407315 10.047853834484028 -2.8462935870783843
0.8300853241539998 7.103878082482661 -2.9142198360889426
0.8792685205112011 8.579372512036768 -2.8737827615347373
0.8234355149262587 7.508152837086679 -2.947621996842496
0.8436910974694701 7.747259099821611 -2.8880587362596684
0.9632091036275096 9.856851609539273 -2.868215493655634
0.9463969505185006 9.416851284862416 -2.8339247803229686
0.8743170146437835 8.548705532694258 -2.9276940362395694
0.9643724642427411 9.90514460261251 -2.8378222588670123
0.9115970513361886 8.56607209226377 -2.867098899505379
0.8298436534418931 7.643975191267468 -2.9448975628255467
0.9218198869654647 9.039032383096213 -2.8387161805213967
0.8220404056670745 7.215171184981028 -2.9449614017805237
0.9233667110111482 8.991722015114824 -2.8860095208552172
0.9011539985076261 9.19556889720574 -2.8926072819233037
0.8447443133582617 7.426711710805183 -2.9158225883328655
0.8659181222750048 7.740461846604095 -2.894350142645687
0.8725896026442959 7.848950047052442 -2.887663720492317
0.9006334193230092 8.962049234512467 -2.91392276768235
0.9206966374548714 9.138339042966779 -2.843761243146619
0.8919744978088067 8.20203657090093 -2.874984888712025
0.8501629649284781 7.481246388040162 -2.878043025189295
0.8037424638219391 6.909823579226828 -2.943765862184212
0.8869819688248486 8.906951579652638 -2.8992920747308366
0.8780260067892877 8.079275479519211 -2.9028130379219856
0.824697179173848 7.450074912317779 -2.9172042536702465
0.9495542990579657 9.818068413608735 -2.880398062651893
0.9242520174502816 8.99157495800788 -2.8810829761555743
0.8764862698965357 8.53378689170966 -2.9237743412350348
0.8512763638031402 7.96403497309516 -2.9354320227271486
0.9359564165640976 9.308288509983708 -2.880978426384729
0.9293110394049786 9.289109397344927 -2.8433749680715548
0.8128574054770416 7.16736780454559 -2.942431258514615
0.8282843395700672 7.540624784894928 -2.941718891757601
0.9612863780645984 9.988523821098607 -2.851795787970093
0.9139757725586477 8.677214727544966 -2.8704319568902585
0.867854110875947 8.029790039683919 -2.9174902275284254
0.9465640687793195 9.882547427386656 -2.874627934840502
0.8579805659837523 8.163250411137527 -2.9309205682643613
0.9610639447859113 9.782793762649861 -2.847554958184964
0.9137582911530178 9.119012079584776 -2.90226120816945
0.8915712707349872 8.267658892815179 -2.88346826996835
0.9601808676289709 9.853014321149383 -2.8609047879063487
0.8649933247936374 8.04294658838074 -2.9213397912490517
0.851233086954152 7.5536375815514845 -2.880474566912601
0.8445693247771051 7.948498247449622 -2.926738273007104
0.8528240180540054 7.708990063585992 -2.919727242317815
0.8548799767490436 7.668163576521605 -2.91086036278703
0.9447619480770789 9.511058428029017 -2.8731437719110664
0.9436707463471647 9.390946658977498 -2.8654191631060004
0.902220334094022 8.457607527969087 -2.8555425813562736
0.8681575394463008 7.885414494062631 -2.8675125231080507
0.8739717127299587 8.299473764884482 -2.87075536426661
0.8516650143211966 7.599083489101135 -2.909747445802817
0.8592169964564027 8.0891089844696 -2.886675808900359
0.9260602515050722 9.24030784665229 -2.8884051644514135
0.9396837342824879 9.418884189911505 -2.874831508967362
0.92850041575898 9.103985488023827 -2.8748689675115466
0.8891734446738994 8.590161478633071 -2.864012713997086
0.8572686530250115 7.645616458118992 -2.88257491469538
0.8802808581908202 8.460507306711655 -2.9158650637379635
0.8670654989533289 7.9927465166841065 -2.911899228020328
0.9280526206890604 9.115704137541893 -2.8761068719633958
0.9213239162197153 9.343092155331293 -2.863896963324163
0.9180703187659909 9.33091812860715 -2.870345578357521
0.9363778439438196 9.616628535284686 -2.880190452869846
0.8839679782937382 8.129472665776097 -2.8794004189493876
0.8470012127400071 7.804445446124976 -2.8949658927880906
0.8278944882433587 7.305075417588492 -2.9088159391373294
0.8673768470163541 8.02586907960114 -2.871386031517611
0.8722173448185387 8.43260843050754 -2.889300855212465
0.8611770478908329 8.180432602465668 -2.893338645332472
0.8582841432661047 7.68812005489807 -2.88383534535254
0.8622585107070337 7.760840420388918 -2.881253596078223
0.8920169708873513 8.389207429056613 -2.858722885448946
0.9338956598256025 9.575212222929956 -2.875319354211137
0.8964001287292434 8.453352731992803 -2.85759070925328
0.8495713862353415 7.656044039399933 -2.8860998725760063
0.9323895518044126 9.553809686132942 -2.8709621831309704
0.8285414399056481 7.389342270958478 -2.9171195650396005
0.8505324474549995 7.863709103009967 -2.923765483080869
0.9119920109662359 9.002689966581908 -2.893016286108468
0.9185140295254182 8.866156189282373 -2.859022925385891
0.8941524245065353 8.494227385476254 -2.8596992056948665
0.9010050630938033 8.860803858278743 -2.9003233714418704
0.9330278833373564 9.35289724084108 -2.8744650063210457
0.9219098145325886 8.999903468390716 -2.8544256256448466
0.8793489042254071 8.509877368718794 -2.9109108319477257
0.9306885985088764 9.26005988704965 -2.8545849191036856
0.882417551457339 8.30053379440707 -2.8663920385912607
0.8476328077645032 7.578444898370442 -2.8951661441886705
0.8628277691614364 8.043544439795507 -2.8832116375480346
0.8465469004472154 7.8392914764651405 -2.908201432251878
0.9317490981606735 9.45596948559265 -2.8687122945654497
0.9046238449137103 8.721496568680116 -2.858168731760842
0.881881238660398 8.508875430194589 -2.877946558202975
0.9295026770834891 9.200512043041144 -2.8572104306279424
0.8539246531591621 7.816977403284406 -2.9149562841906986
0.9328539656220882 9.286265403636015 -2.860524787001051
0.8669689252363915 8.272529893332985 -2.893796846879166
0.8470859353359265 7.6007842553557685 -2.8972823590906334
0.9309116766447237 9.351308797034704 -2.861922088575473
0.9142795594986496 9.188306218332336 -2.875613591543162
0.8484830549113977 7.80297693597298 -2.9018778431044163
0.8569757081984593 7.7576816830399284 -2.8956224176490153
0.9144453300143669 8.855011748505744 -2.868402696389123
0.8831344371266092 8.212452216497228 -2.8786917450810936
0.8503816589633131 7.707092081248447 -2.9073639447193216
0.8718559690177062 8.1269284924788 -2.8778887903227135
0.8567599642967533 7.977063162228769 -2.8980143329326706
0.8687741037749697 8.166872300131995 -2.9074808988973952
0.9209674523128972 9.179744022419364 -2.8737100380416596
0.864155102009647 8.065929544936516 -2.908134038243059
0.9044639318357242 8.775707200857958 -2.865319217704092
0.8543285815455008 7.923089138457687 -2.908488667161496
0.8990234940810728 8.718766411585445 -2.869103083087598
0.8658446614795274 8.118865245008013 -2.8920051060471526
0.885694231908426 8.342168805684825 -2.8792763987878525
0.896807278215628 8.608032965714354 -2.8839259990936985
0.8973725794146359 8.766283861413484 -2.8822299376680105
