α M log_fpbh
1.5497309850249634 6.796880371887321 -2.674465115952958
1.7178896570954407 5.505214720193953 -2.422465633856394
1.7796960205260794 6.157332227951902 -2.4470229038397715
1.9202890293870176 6.250520815820348 -2.7738233860889503
1.6708612219627246 4.140374719193852 -2.4905360922691564
2.2787649855423355 5.916426475816042 -2.489913512245358
2.2495476572409263 5.7371242532635165 -2.472912995159254
2.286753764701414 6.761427357306495 -2.6436093848313624
1.5826819858970111 6.039821978077105 -2.7272739888128887
1.7255892990903796 6.6975730134684595 -2.7613722722237064
1.8656389889945548 4.893415383138008 -2.6128306138133315
1.543513856739006 6.3938116974080295 -2.6550651662955334
1.756917612490132 4.530492171993263 -2.4612260615680093
1.8704751685588936 4.648662874604215 -2.5043590728308502
2.11603078321426 5.376635110077984 -2.4576984160176987
1.6867771110707475 6.598846072202892 -2.740114221697272
2.1484111485203146 5.465517530579804 -2.462456058236507
1.9622594397982265 5.527636255314268 -2.663625444790876
1.7980446199981714 4.851239450993047 -2.6034942424566383
1.5734012275574336 5.365134219786836 -2.536306638456564
1.9402629381235177 4.899567268399505 -2.496163320191373
1.5435480123959344 5.353651122153774 -2.577839036126854
1.5450792286810136 5.872431065946168 -2.597997250408583
1.6364576456598532 5.4143636142262945 -2.687726979265016
1.8930102485464833 6.773785280243228 -2.74298787945225
1.941249399903696 5.4183332517234994 -2.4110484237227703
1.6162164776777987 4.689500738856644 -2.5522449726201293
1.8349703250520293 5.375275793131548 -2.430951295791645
2.1872543391779136 6.5325089797084 -2.442925344875809
2.2589625011432766 6.224569543588499 -2.469699449106128
1.5850581126212235 6.06021920464997 -2.565612368033258
1.9788690337283867 6.033846646800816 -2.4285231658270146
1.5912970527140302 6.015182216001459 -2.5583801360893776
1.8433217344328898 6.813643081919512 -2.509292396421087
1.6191936139451646 5.562363199678137 -2.5128980818901754
1.929626526563666 4.94306264244546 -2.515086807822668
2.0639341973803287 5.999339935284503 -2.427991771335435
2.185429280952414 6.038544760683061 -2.588966439692468
2.310436406890164 6.567504899003158 -2.5555626834819813
1.9204415060505529 5.682259153532699 -2.6821713758718273
1.6172433045486396 6.257668674863049 -2.5551169075678497
1.7546180193349956 5.498881855563121 -2.6951675524285927
1.6457736427799188 5.513256295628474 -2.6850688060522088
1.8385656183164611 6.825753295042759 -2.5183442831085308
1.8248445947801901 5.337320961832335 -2.662206923843918
1.9300976846142817 5.171128118321342 -2.4440216662387155
1.7597861698632729 5.491557166458243 -2.691870908137204
1.7260033344915817 5.111192067450393 -2.6435191795101454
1.6007064339699122 5.0814498782654915 -2.5994347959782726
2.268837125295656 6.293318290802543 -2.533885747520938
1.5927597541009992 6.191688670021021 -2.6492322614228927
1.9338779481786257 6.2478345813405785 -2.4513721034000038
1.6493139059377788 5.223840977887504 -2.5156589141417554
1.5913619881676988 6.15623600138075 -2.619991650541938
1.7009597940230496 4.8070333564903525 -2.5748808883743814
2.067954080810095 6.05376249997177 -2.4413691525199575
1.5948293272822753 6.1481271694219775 -2.644148579100283
1.7828748953650908 6.787669832751867 -2.7123916091069864
2.2685445786793688 6.780723389896691 -2.582035561897059
1.6821437027152932 5.306300205239497 -2.4929453695711823
1.8526742837616719 4.936903463884497 -2.4853051646126287
1.6963089662999988 5.387132783564682 -2.4913343484613915
2.1098086060018826 5.5459845021166565 -2.5203833092302634
2.09699786047803 6.000482024514239 -2.4444602068951387
1.7518228412162482 4.931643497970614 -2.588715236395511
2.030048439166709 5.352268841385923 -2.540212956615959
2.161456976777088 5.891587458733835 -2.4866314713216857
1.6027156599303365 6.048230870034624 -2.5905635216560654
1.594244408484348 5.773645050371629 -2.6395046516408147
2.004358491570456 5.3704200445438754 -2.452666347149841
2.1458034717317798 5.780890326935184 -2.4941621558008418
2.21375885194003 6.194119616541929 -2.5324122380046
2.232682658853947 6.647674309633539 -2.475322711075637
2.2300100070700912 6.216936657720446 -2.52329281346814
1.995245010177808 5.938534184544931 -2.66395279220321
1.6474914391207025 6.544070324107416 -2.6167516728946056
1.6242351640251003 5.251723370733466 -2.611506879421976
1.773172100428045 6.025191713864814 -2.4874236374803704
1.656003770994027 5.085600103551508 -2.5285175873828347
1.620404865038906 5.8671351037142205 -2.6648621654896907
1.8218115639159786 5.215534001874112 -2.619998186468833
1.6486623951155983 5.744035971759415 -2.672762844005141
1.8417217801752708 5.0614355365383705 -2.584553307767873
2.104669819981643 6.876795871997472 -2.6193042653454635
2.0380724392003797 6.433713885348835 -2.4549258457820216
1.7088883040235836 6.375876212041526 -2.7164318791186535
1.6760383817515143 5.165532890075812 -2.519878731506858
1.933936159654123 5.730834614530314 -2.4436949397875063
1.6689542080370705 5.291132494806407 -2.5126303786754116
1.7040545231477324 4.954462111850115 -2.5422939154312383
1.8097112148280479 5.068259850523134 -2.594476124062414
1.7692349755161567 6.716830651637837 -2.5565840878583916
1.6063449845073028 5.7341031063736585 -2.632456622336064
2.0880673366773976 6.135066412929627 -2.635437141866122
1.692253677579598 5.006366997114048 -2.5860754734604794
1.6286821099594178 6.389492023522706 -2.6052934096604696
1.7175799324851524 5.5791488189509995 -2.6765988707709587
1.6410977821615842 6.161395030874976 -2.5730689444223525
2.2603895704943335 6.680597076878099 -2.5646088886784115
1.729849594761889 5.783696274624784 -2.6912167847993076
2.2229159987322182 6.837498606585644 -2.562086416591042
2.0211133383789655 5.917471338245037 -2.643822436876684
1.6068639271910823 5.95647531055381 -2.620368027145666
2.0683083599794827 6.726729370287919 -2.674784865074309
1.6560685686909544 5.06637022406724 -2.5745933936339394
2.178805100884138 6.554454185261593 -2.6321119296664803
1.6757798714271257 6.068393838594033 -2.6897662179439887
1.7481335987285882 5.090120573244289 -2.607660719928523
1.745088275549907 4.9715936152828135 -2.5083316767382664
1.6096498832642223 5.558857029466271 -2.568243784041646
1.6117242862355836 5.838133392742192 -2.633222751741867
2.1423144301798818 6.052663443705513 -2.581797601516839
1.890136766615902 5.492496089428029 -2.6454993316826156
2.000047752894763 6.590429456195453 -2.7056458950289715
1.7781876480922798 4.9517652655801365 -2.545545453616207
2.125955955640851 5.770276121111477 -2.5002339196984456
2.241814379679682 6.528120625525636 -2.5537621845001923
1.7992669642402328 6.548769624451213 -2.5189664670729552
2.017209710264388 5.3552842681295365 -2.502160788096906
2.176949270196122 6.114319187620707 -2.5452935023207797
2.133036665718452 6.19192282144577 -2.4709091316736966
1.7257866123557526 6.010404524510496 -2.5123246219401825
1.677865307767104 5.130824194275335 -2.600145627376111
1.79113206951283 6.653956415593189 -2.5308825382801716
1.692404413523734 6.677506290502164 -2.623225118874255
1.615678465280081 5.892061529311016 -2.6215406270734647
1.6726038475782523 6.177765747619633 -2.683794451021401
1.9435264828254315 6.300081459644613 -2.4600624465989003
2.2274932622257477 6.274825183988366 -2.5092020795687864
1.8389323911055984 5.168790750197874 -2.5936703233994898
1.92230206556036 6.193774851112757 -2.6980445418076027
1.83528839112622 5.46359677255524 -2.6509315938425466
1.8356268141444843 6.233290473681734 -2.486441385028198
2.2184309615042466 6.385799975679653 -2.5764194842040222
2.082554291429201 5.743865287692361 -2.466873202408298
2.109421737557761 5.820471269794082 -2.483001468429272
1.970124802707894 5.7189172315886285 -2.4465487497854324
1.6175923958857958 5.903731007520632 -2.608346076619219
1.6440814997193942 5.368477753687567 -2.551140454515768
2.03222960236982 6.840785132428978 -2.5044899677536026
1.629427646518868 5.413951628507145 -2.5650959005475644
1.6782013134484353 5.983534918523987 -2.540519631390641
1.9171295327563476 6.25265557126787 -2.708445374957198
2.135381127660736 5.980305182804019 -2.559165443801316
1.798451820484035 5.857546329499933 -2.4821222858261387
2.0588988977240303 6.136372233521623 -2.6415610905893288
2.048912840426291 5.587544138831522 -2.561430713168576
1.76982154792281 6.7547786955311775 -2.67923685399106
1.622164910264322 5.574411033171695 -2.577153662844208
2.2137170442752447 6.671644736007732 -2.489523441069828
1.7821783745062918 5.516859848544605 -2.4720176924872357
1.8058945704327967 5.300382988177764 -2.47150234593449
2.0686611488910747 5.746388213206684 -2.575528991024233
1.7680246188438518 5.878658027628752 -2.689888667883473
1.6546313708514186 6.039855354964147 -2.565628406949356
1.6838706086915998 5.270973719644806 -2.612582880747993
2.165179633838897 6.217487443763941 -2.48193740994451
2.2139224011676992 6.589632252097332 -2.488907735871518
1.6670801999914358 5.901114599918785 -2.667619489121704
1.6406376814720014 6.044108178092983 -2.647773857334347
2.096176712668718 5.786716465049283 -2.5448180022222617
1.9385445237005285 5.335775785234703 -2.4681562562168584
1.6368848545435095 6.336247781287286 -2.6291274711149435
1.9043935675444907 6.005589631488915 -2.683332311124527
2.117669848191854 6.061054664801416 -2.4815354519560966
1.9970296673132921 5.391988113742418 -2.518340720159741
2.056020813982447 6.22592074720259 -2.4621666190817884
2.1594592177694745 6.517225425349357 -2.48277929551385
1.8240154116594485 5.612006322600522 -2.6620015856689427
2.0520673972391004 5.765107682610643 -2.4657964454286567
1.653581547285633 5.834670441658094 -2.5613891578415204
2.0999890421423295 5.779106089553427 -2.5239965474362513
2.183953280994182 6.396760279669982 -2.480637442163011
1.9009066106235584 5.392449252892705 -2.4686156744972596
1.7805738617069848 5.241225573564061 -2.4970576139992726
1.8839256606228068 5.2345880044681365 -2.4906222122668535
1.767494971332037 5.501812943143559 -2.4818938880709664
1.6827383765028414 6.167901339148289 -2.5620046873136024
1.9065586017123175 5.26794649668347 -2.5631572158912874
2.16922751244139 6.751311485471643 -2.6165418793442017
2.006875514972574 6.811829745665779 -2.677383463037578
1.8102373766788191 6.121286522212385 -2.4987432023743086
2.003476525225937 6.508528522171269 -2.6860028526702195
2.017565569089009 6.899866147834456 -2.5637835925138814
2.1987352685740524 6.765001988455503 -2.5171451913472263
1.636207831755914 5.70433000375549 -2.6204581161645173
2.008063438930031 5.457508215851732 -2.4794906864317983
1.9890245009709564 6.4388408736389415 -2.6891919764847643
1.773860687960851 5.474607460572311 -2.6511800614790544
1.8703547120719368 5.609993165127138 -2.6475621731018846
1.9967528751624126 5.610206740917601 -2.4594327008606385
1.7753926779049705 5.144886102627957 -2.50909365238184
1.7165109159327925 6.653403209949605 -2.6174598068952117
1.748890311410349 6.320117248844518 -2.525696699894752
1.6807986019281365 6.399881866848206 -2.668379646334385
1.7578746112339103 5.49485072436965 -2.488549457194516
1.751421446113339 5.195088412474345 -2.587084282535105
2.0823844864083663 6.158347045164739 -2.6170758915950536
1.7718219582940207 5.143405334243672 -2.580607515091784
1.889744330994099 5.215221375764017 -2.533431577112612
1.94783257593106 5.46232556925831 -2.4627378242078324
1.6635872227906756 5.346817621138042 -2.5822583099308245
2.0544343975738206 5.882795651696973 -2.475390109513134
2.178169156798311 6.809196014896816 -2.519027938842312
1.8639645513034044 6.669889181106638 -2.6970568799600967
2.0917653708929684 6.843744965294842 -2.5201577047751034
1.8925905126761884 5.979570498912551 -2.4767715319446477
1.843825501175612 6.83435992598309 -2.5779900909357787
1.643342605048582 5.512403680619313 -2.574536930714049
1.817233378852924 5.106113151060984 -2.5242694775527754
1.8191367637561862 5.150888675312707 -2.5084175336825068
2.2072859761073778 6.708616507464766 -2.5665810790075714
1.9796719312060524 5.629358157107592 -2.4584447536256997
1.6616581544775424 5.544765119030917 -2.5496415628908893
1.781237916977474 5.444269925213749 -2.485762665265939
1.6673356573476552 5.395280701058339 -2.558889603120218
1.6498984133524055 5.50912649722283 -2.5641379596599583
1.8952175274066745 5.5092715591915535 -2.460219736442472
2.1874689415669675 6.482629695519273 -2.5779577647918934
1.9785604961512813 6.158885288193405 -2.474739621968632
1.6505069825266725 5.73347159060616 -2.57640702699588
2.111449013035716 5.996166888526471 -2.5576033477488482
1.7216163383526988 6.3481262020560205 -2.544763063186449
1.761624080525335 6.651546759134748 -2.6789117240941014
1.6933608858212528 5.543753389745952 -2.641538016019803
1.6967295562971805 5.285165380938594 -2.5347660994144467
1.857314508516645 5.185603629571986 -2.534829308310596
1.8142207246159243 5.978647161410153 -2.683338523404612
1.6956036073976173 6.566429697418503 -2.6452884526206866
1.734132500473687 6.464613346594679 -2.687286605489625
2.066890435566954 6.025511295752404 -2.4743472791944594
1.6683285798856056 6.169426723390073 -2.593847598190619
1.6633580121408955 6.377517804589324 -2.641643384978699
1.6759683488478956 6.126501029330332 -2.578817058261693
1.8846196377563538 6.450758906065061 -2.4968654427578665
1.6582129606994545 6.29437645656269 -2.6028054221443955
1.8026494317758148 5.521226441413847 -2.4786423974514715
1.7384417702083037 6.466028329571289 -2.6879922869829347
1.9710959752668562 5.428247523231482 -2.4740056002331925
1.763201568059593 6.5127875418426155 -2.5527950418685244
1.6627989706994428 6.3171475722988655 -2.6466910085807807
2.1114390411908923 6.593026908330989 -2.4803739460521124
1.7646487455963402 5.2024731020642765 -2.529507469498729
1.970471698754308 5.586770118172675 -2.5964463568759664
1.7081073970659533 5.259920981180192 -2.5726587632250237
2.0547277531319947 5.670306020924917 -2.5477163933593037
1.809651756154744 5.20187877219319 -2.5669511559347944
1.672897323424126 6.381123282186294 -2.651702915107035
1.9480299883497383 6.64610145900749 -2.4956208124393813
2.0500683107164344 5.819221158088435 -2.578331123345401
2.0237351354876782 6.242804581684714 -2.655192627703995
2.039231099205753 5.608776609001757 -2.487212275964885
1.7797516376114966 6.2790652783973195 -2.7015024910023175
2.013296941894805 5.637988404156723 -2.5772805492679955
1.7453824461893799 5.2098097010268125 -2.540403676599491
1.6640053938795454 5.791050463030923 -2.5752227835101715
1.7989573186118024 5.880240834440608 -2.6731996351874505
2.032040191763483 6.211172668844773 -2.4696913392309785
1.988890752928092 5.720640419728868 -2.605286038280058
2.163093054459643 6.5518341259334925 -2.5956424601440244
1.7382727985540107 5.257873595999127 -2.585586880049509
1.8397677088941609 5.212170091437082 -2.551660902117904
1.955129588038596 5.620093381465123 -2.608355552126274
2.04089317810849 5.64964464754362 -2.4869925647760227
1.7768191984328205 6.728180921826521 -2.607149422758148
2.07453133009426 6.085306032773958 -2.5993877304122694
1.847353496071742 6.832334134594259 -2.5902921297171417
2.085296803489304 6.000137674844339 -2.5827007894149236
2.120888601509037 6.063778208500988 -2.526008891239404
1.735092952710945 5.889043442199132 -2.667268435246201
1.7707278574673753 5.23386770321804 -2.529401669059527
2.047115039245673 6.181942625292935 -2.6311603551009455
1.8303189286076633 6.7319235813806575 -2.6689917666238716
2.011861832878673 6.693747097910354 -2.673558555298426
1.918880437408879 5.96271691411975 -2.6592282224860018
2.0526159054893647 5.662589565677177 -2.5105554844058062
2.105292615746281 6.778202749440242 -2.6301267888780644
2.177585504361746 6.764816590533062 -2.5349362775495785
2.037417595343222 5.589065451195432 -2.507337801448542
1.8032092800478146 5.678539145207692 -2.489028257182786
2.012475105919916 6.345883719367721 -2.4683731622333087
2.104218788567329 6.006142063223754 -2.502076128610993
1.679697789816215 6.314127548006738 -2.5867151201414083
2.021168520450445 6.846528301339079 -2.5499594582564677
1.7721670760562414 5.255411888343172 -2.5829716128902955
1.7935662808824993 6.497869768641793 -2.537882210000243
1.7092512244702935 5.605919566999077 -2.5273725574397337
1.6925646945446897 5.403853296936448 -2.550562621583426
1.8793012422450963 5.680794414442536 -2.4727572406634444
1.715421592589738 6.411114577338281 -2.673788307860498
1.8378545336476697 5.334615750880113 -2.5957571173729805
2.013741247747243 5.6071187051394755 -2.4800768688894164
1.7214565372700037 5.352905870635089 -2.533230257730909
1.9065234595513232 5.63194918604766 -2.6268528179903496
1.6950667975772067 6.231349020835585 -2.575491388554167
2.059759105877381 6.611405315581636 -2.66041729497615
1.6943748482598187 5.562667697124125 -2.628742219575679
2.0635033382780867 5.815688798479425 -2.5177130516028106
1.8644784306544615 6.572479490678225 -2.6992567734630706
1.7893779563798575 6.764968591503848 -2.6236264078550002
1.8499078609887045 5.247022211479288 -2.5536015021320644
1.718741699576426 5.6261102587542275 -2.644431586303056
1.7312170797110438 6.622348396241155 -2.6532183357647634
1.9569046345424832 5.859683837228484 -2.6332651921517014
2.172745343330556 6.809438075615236 -2.5548440531754046
1.7294562544521548 5.909126243766673 -2.534457471210117
1.9922917571296415 5.931564458205141 -2.4775822120115185
1.742172957300792 5.326922237954252 -2.5242933608605096
1.9130482855083695 5.457986483996402 -2.4761227355640165
2.001101444981259 6.174716653225867 -2.4820654576760837
1.6861137535090645 6.1241104272546405 -2.6437806829987363
1.8033031239113986 5.475054691731751 -2.632565966995924
2.1564704284419984 6.715233131728821 -2.529171934392912
1.9784552429562212 5.515412349373159 -2.5707408711571094
2.061854136322874 6.062743411680047 -2.4880817002956346
1.6949102898298998 5.475407036038716 -2.535750058935633
1.6831267735089575 5.766587476673385 -2.6310190709226484
2.1916467113747187 6.612737465933304 -2.51208147871045
2.0466711949114407 5.817376353732703 -2.5675509485423036
1.706378646435321 5.978951083817293 -2.5543252776116145
2.1548405235834447 6.65220903698242 -2.5051291566143226
2.0255170983835877 6.16006062361047 -2.6354411477148414
2.1162627810745 6.692232638922312 -2.6286213929769664
2.156957765160983 6.3379545533512704 -2.5869588652757094
2.0882450928238914 6.111114001812454 -2.582615107105391
1.8331450898215822 6.338042158927966 -2.5038865690569287
2.1319164987056105 6.203028739068481 -2.5486362327674166
1.8585289515885033 5.386033877497296 -2.590566303093172
1.9744551158369217 6.7829738348371125 -2.6656230379119004
1.6814947116820416 6.069376167828237 -2.629892208404832
1.725783245155322 6.579681766317885 -2.593059610931717
2.0713005340657498 6.000022067712322 -2.584085727602078
2.0664150699643407 6.093510954933942 -2.4914511342324794
2.168394688709447 6.466628532728121 -2.5174835637728834
1.986159527278338 5.709972328643243 -2.5956627461602597
1.7218392137713163 5.367565639516368 -2.592863503861105
2.0723185726427995 5.923974007124929 -2.504372873409719
1.7156437629450474 5.292328822258477 -2.576534276152076
1.8837171759881537 6.768760086346695 -2.6682964687147206
1.9316851282436205 5.491369508795476 -2.4706184135821427
2.173877759365842 6.450009272388042 -2.533711582085646
2.1285589198198993 6.560721418295946 -2.620155938014446
2.0862689324583776 6.776574485135873 -2.630502078586563
1.6786132709522221 5.926186210381675 -2.585506692342097
2.121149356437381 6.291101351831479 -2.4832599152865673
2.018457796667194 6.846864711394759 -2.6071302139894064
1.9301404443498082 5.519304284607752 -2.470236223522609
2.037966459046368 5.949740433328355 -2.489359649524788
1.8970244854129994 5.311750278822213 -2.5507312969206026
1.9019801044015958 5.835770135941069 -2.4825576830947886
1.671244331029278 5.728114835009109 -2.5945871735368193
2.1669447259656645 6.290510686295293 -2.551275549302345
2.0248707909470003 5.591447311819472 -2.5097353737175783
1.9935232271678553 5.511796149704923 -2.491803357954115
1.9044170120262247 5.293160204343739 -2.514706786601808
1.71458336174737 5.774044068766795 -2.6430622471142
2.0088995780787338 6.351410443909556 -2.6660950739437794
1.8116241275046137 6.802982174455188 -2.6349542519506213
1.7258443090090525 5.362438634608294 -2.5895073319095667
2.1087741904194885 6.169307210575381 -2.5700033337158503
2.0861104076866894 6.5877387173916135 -2.486237869358691
1.7076091885832865 5.896088488596555 -2.647256448346675
1.9510413621572438 6.4258818105143005 -2.6834083186163675
1.8448930431255544 6.118334614455995 -2.504022747024276
1.8118868005146402 6.791473276760405 -2.601558698060033
2.116322643196702 6.448023593905224 -2.6151870023222425
1.678301919121843 5.859522090163639 -2.5843184696562593
1.7960531433241713 5.60463631859275 -2.640422866813357
1.6780749113208677 6.287684842122635 -2.607363036171897
1.9133400353417043 5.9707451518879555 -2.4852004205808256
1.8318007452806793 6.709001680389785 -2.659569866239858
1.684820981626748 6.379305332931642 -2.623994229575828
1.8386454691851972 5.88491694257403 -2.6599896576279614
1.7133910905229535 5.644332531359442 -2.632846574274261
1.9504605971736009 6.709894453335815 -2.5196354584244895
1.7414663916304438 5.366373146872891 -2.5923197297995797
2.072504014595517 6.683524806795998 -2.6440194185900014
1.8121319877321185 6.00475560177052 -2.6718352284836753
2.1349578163929546 6.810337030240368 -2.5915349316849023
1.9774090107132087 5.575728121673695 -2.5673708853416546
1.88405045525041 5.5992238773232055 -2.620625335863604
1.8570324123901676 6.584522495868745 -2.5208549070320485
2.006307818993862 5.616874551123882 -2.550823347256764
1.720060448101824 6.427214466568685 -2.6594937437797443
1.7859468776700549 5.671538205535053 -2.5031186655059843
2.1824700606311715 6.641762774496801 -2.561673835846894
1.9194914772314444 6.1708689204833345 -2.4939879864816312
1.7284905915065312 5.698657195194794 -2.5317992250010315
1.9784838289945443 5.845671600783391 -2.486229966881954
2.1685719850369525 6.331741456841861 -2.523534722018657
1.8908856030868495 5.42134900750739 -2.484210380898097
2.0584348573143414 6.820452587102754 -2.6256394119947606
1.9685288457029348 6.785216486682244 -2.659376348733862
1.7108794952036983 5.896803732805919 -2.642662703066799
2.0296218866594 6.829694034415301 -2.6213992513396587
1.7935730990133898 5.618268097691212 -2.500416939277347
1.7033709824378924 6.0606818899063555 -2.64184920709425
1.7607895081383873 6.368137493416441 -2.683429215246213
2.0898184110387126 6.1885689225760645 -2.5084685564815823
1.9447173268105815 5.69286350606947 -2.608041507759582
2.0807348296899555 6.780249678368309 -2.5190498719587513
1.6938692124575803 5.4651391178456254 -2.5692525134078696
2.113032107990395 6.574100584885544 -2.6244888871067795
2.096425455714306 6.173597827802867 -2.573569070370947
1.9326606342323187 5.428851901501805 -2.561200909928977
2.1060259610615635 6.2811599060478915 -2.485093241526433
1.739249910316049 6.600771798330436 -2.6232530154984146
2.019854733457179 5.628826700659161 -2.534236415467902
1.9104513899176525 5.432037719703957 -2.4875118139621852
1.6858919411167124 5.826918568335019 -2.5988841239133933
1.9208694555186256 6.843399928921651 -2.5744889814842877
2.098286605187291 6.621223588816294 -2.633160028091466
1.9995666343591028 6.413137773533875 -2.4850519182009627
1.7682156725363258 5.295799121319165 -2.5800915065714785
1.9921301816361208 5.683783808397282 -2.5783683440882466
1.968321820568333 5.666798545348829 -2.589436458562645
1.6908482663654467 5.658223102683407 -2.568165674785537
2.0743753127073883 6.590770908639363 -2.491003733684405
2.128144842423704 6.479201603766096 -2.509637210488827
1.8172210868992087 5.743504987846155 -2.645001249665932
1.7729533164282731 6.049630083084107 -2.666173512589454
2.0015835959739183 5.833005426020879 -2.4902350763578083
1.8854634789068105 5.99469239536611 -2.4944888050466543
1.7141087201069523 5.513564890285067 -2.6132900063429543
1.8361605803141123 5.512312622846009 -2.489008848612686
2.0632320677051696 6.522618259447851 -2.638122380743784
2.090871507183298 6.0362849739394075 -2.5414374504880732
1.8030416248179852 6.139509767213475 -2.671509528709729
1.9516558682779699 5.572526260300529 -2.577174957208373
1.8424466863429974 6.691646574985198 -2.669463795884714
2.1576047255383255 6.343313954328295 -2.5650860998436293
1.7676369869603636 6.497123017128119 -2.5667126766699906
1.993073125419038 5.524765717098754 -2.5104376796109085
2.018724002402354 6.649642868297259 -2.6568040778223914
2.1557218303788215 6.50729883099861 -2.557172631531169
2.01488805777407 5.6438624506589115 -2.5110263416697642
1.9616645572352172 5.9561523002424845 -2.4869984540871357
2.132910416836471 6.7635312890150985 -2.580536337087619
1.9717608383901462 5.56182365094092 -2.5594558103125395
1.9760722774806379 5.923988450629027 -2.6175887747634268
1.8813860925650627 5.407791832065572 -2.5718859819981272
1.859272599483167 6.7412974429490875 -2.5645644724806926
1.7744619165216478 6.676703353452466 -2.6177302975109384
1.9811611948256327 5.76396235277026 -2.4888892245728744
1.9786367636313011 5.545696855470213 -2.547227604929261
1.9406488267025581 5.527687488062314 -2.4835622661908765
1.7203900994229953 6.2983614966071855 -2.6605581566941274
1.8251197508322337 6.2981139820635885 -2.6859515362654713
1.882317975514344 5.380444962175337 -2.522078183142322
1.8127426090141694 5.328633154599967 -2.569619917296386
1.9389065476419693 6.025547830437713 -2.6449308220749366
1.904168631014684 6.592774435004133 -2.682185560993324
1.9883997076309248 6.292474116388237 -2.480778883010937
1.8865168404978574 6.652231930979368 -2.529954439613113
1.8528574597332086 5.94085783640555 -2.6540112154606206
1.7142852741088914 6.195770928884668 -2.591569519697699
2.1282587649751896 6.489566292831864 -2.5145202809387452
2.0143190202843737 6.627419704525267 -2.4989299786222854
1.7347690874101147 5.79165381098278 -2.6352070307535707
1.8624207371200465 5.903893071597932 -2.4993302849858945
1.9244083306767135 5.879193304336757 -2.6307682970523114
2.0401456176819495 5.940814684058887 -2.5073757185868564
1.8025636671363245 5.6877442071315985 -2.638360526144971
2.1567296181412665 6.6106493493329985 -2.5849807530287086
2.1252618450551495 6.252107801115574 -2.578385239441673
1.82539560462661 5.388100175593971 -2.5766427024457075
1.8710743668695724 5.690575510746033 -2.488550908540626
1.9883532458941882 5.992115904618896 -2.6186466840436293
2.1537197296210984 6.462931870790054 -2.5489457456483313
2.0208760403213635 6.397512143698715 -2.654044531089948
1.95801628145706 6.285184222659755 -2.483913632360175
1.8088301488063419 5.850686752127835 -2.649288961121348
2.1388101254595258 6.517805431458739 -2.5796592048007225
1.7176483189282568 5.8185456223340335 -2.6289488678032824
1.7268238823653266 6.143374204839974 -2.644323189572477
1.8030005579538577 5.975073439626679 -2.5200878742369515
1.943222480838624 6.551042661331465 -2.5142913472068535
1.8278593732628472 6.6653552155496945 -2.6606244531001173
2.161496445008116 6.691912257124356 -2.560923448600689
1.754771878878139 6.567989961651101 -2.6547746605239717
1.804455595788585 5.4026927600752295 -2.5898357045864913
1.7127569946215493 6.172603973890384 -2.5962285013924777
1.7428655679923304 6.483050046787904 -2.590879098100867
1.7061612100435346 6.040689787589724 -2.5869014937008057
2.0158587601947806 5.6904237718029185 -2.5158548608292417
1.8669278448630526 5.864237759644595 -2.4980428243805495
2.0712831315215894 6.124241469021718 -2.5769193965066464
2.1061233152108474 6.27913215589817 -2.5970761037197407
2.124781144646895 6.724816905607348 -2.5520612630309993
2.1073228685599017 6.440652124726722 -2.605384448192467
1.766261562280346 5.7676495239671155 -2.528224378770111
1.7934143015588049 5.517670557668469 -2.5048598721228776
1.9752963826028034 6.8000405291784025 -2.6486399613711233
2.077062212098774 6.059815584599417 -2.54016154047635
1.8231012400533406 6.7134546581490735 -2.628335895395444
1.7912095125088296 6.2196513409258145 -2.6732172180642824
2.0673026948091606 6.822625800987223 -2.547421380587439
1.8144833718398674 5.343705649043111 -2.5668085144148467
1.9250718436857577 5.4834915383459695 -2.5729852419472365
2.04883798719644 5.916327009944691 -2.5237514672486325
1.9251764470510617 6.590305316668422 -2.510653285917922
1.7032683513391103 5.651186656309055 -2.5808871354931804
2.062761473353137 6.645915538115851 -2.6376445516556286
1.9366620092205449 5.698967482053549 -2.6019654243799892
2.0556288146560435 6.2202664355097 -2.61250920502151
1.9502083515398159 5.586415828501806 -2.570484521556867
1.9412754933943712 5.795276020879346 -2.4949412865227796
2.0034861404517548 6.087019551235104 -2.6153941190050363
2.136191038142168 6.397054926781173 -2.5807506546353705
1.980849262743634 6.37643684192855 -2.6653842283361886
1.8950139675192017 5.410725872757567 -2.527224019127111
1.801952415831778 6.4491128548631 -2.6765414640677285
2.1110441143323095 6.811652212717739 -2.5778074336973105
2.014949538021465 5.889820390528686 -2.578054619758123
1.718362140864871 6.065800355685499 -2.6288260621030197
1.9974115872574127 6.844573205319938 -2.5766604384669036
2.1525921541317894 6.398730318277394 -2.537798164498691
1.9917040613606949 6.19045352853526 -2.63337940872738
2.007453410016672 5.710562459505505 -2.5119240938676555
1.9306474209747333 5.542632373119286 -2.5750417037247724
1.8795278695930415 6.7424595542442525 -2.559514466899003
1.91271509865358 6.023455095779031 -2.6460618277766503
1.7994070944571217 5.393174906634856 -2.554196146037544
1.8429050725044749 5.52493510251029 -2.495993220136677
1.7941189954905783 6.483452479940542 -2.66855610562554
2.076467195161201 6.410978730950755 -2.4965871441096095
1.9896050632932791 6.767258175007411 -2.5353777611506088
1.890435239668725 6.4310284292727165 -2.5133169924320855
2.059766530190453 6.701484495444408 -2.634477870995821
2.080990597449679 6.178378002133887 -2.535476081230019
1.9264289566573636 5.650172114013163 -2.5933966091519522
1.872268041498438 5.465236105119589 -2.5019349452379633
1.8597445293232937 5.993619013381744 -2.5088089819184316
2.0602115556284586 6.531441496969771 -2.5091598417998355
1.875218010821139 6.118648445381274 -2.6582967032019957
2.1173056887431594 6.631794723467857 -2.60384944423283
1.7186192329834098 5.625571127890113 -2.6028336156300274
1.762356859379667 5.770645747804408 -2.6302746758675895
1.7137859520370924 5.97006176404218 -2.605603382022263
2.0468758603950548 6.0891796493040005 -2.5199970963971685
1.8598939096650642 5.654077808698115 -2.616645149787006
1.7705600343377212 6.606371716120794 -2.5928468054553426
1.9435530288898115 6.813184642063187 -2.6392260516517982
1.9793776362536133 6.596811479078342 -2.661358961321321
1.772479708954576 5.5375147408930765 -2.5243060737010365
1.9703123100100732 5.646639916441307 -2.5046375063237707
1.930535644150533 6.167297091204152 -2.648625613122749
2.094720029351654 6.690948093797052 -2.5184099114275416
1.9568616163037493 5.703550616531695 -2.5835267447061763
2.0126589375348862 6.668243001191103 -2.6436199967002443
1.7626250177507174 5.770681537238923 -2.5391224082774615
1.721258753887068 5.665344280021536 -2.6000996566623025
1.995765848381723 5.823281962845301 -2.5116717503376313
1.8488233327123624 5.5227770535737495 -2.4983445063000778
2.063706524414063 6.433213005339427 -2.5018174126547317
1.7273082267134534 6.147177084938054 -2.602207019032
1.751028569487463 6.442332551492182 -2.5862818233512646
1.993397963754775 6.656038124603782 -2.516300823926429
2.1081907539781097 6.423703541582702 -2.510786446878588
2.0312730023640926 6.819509759579698 -2.5587220866881326
1.7754323706809974 5.53501986640755 -2.524340935827229
2.130945590548733 6.400332890173036 -2.5218863069552837
1.7252041945164962 5.520286743474031 -2.5857535052988325
1.914524703150493 6.155275329058117 -2.649891226760671
2.047945600594235 6.05853187589846 -2.5210399336086393
1.9060547270233452 5.459853337866417 -2.526209412660973
1.9913692400313006 5.6901677940806685 -2.5435761943744626
1.7664552488419862 5.494810658775314 -2.602192341066411
1.7676244333526596 6.213761417701517 -2.552094128343064
1.9022623324348897 5.735401338812456 -2.609794644444853
2.1231206192060137 6.620530216675136 -2.5175806027203853
1.7785643394349537 5.529735444893138 -2.5239830546876942
1.762753822776384 6.588051349431675 -2.62938173020841
2.0172346576311613 6.186796098615013 -2.61072321317101
1.7326832127764766 5.5456836393221405 -2.588327838108665
1.732719958741447 5.710919181650242 -2.60949769347109
1.8659305879762313 5.773330625904926 -2.6227430023356018
1.738812326704524 5.8490169918729435 -2.6193841197252725
1.8291381906034303 5.41073357558545 -2.542220704481752
2.0392309959545964 6.08965738493396 -2.5238961126096204
1.927765680066571 6.7161283056160475 -2.5541559023495664
1.8489267548451256 5.98725235567673 -2.5160129894740093
1.8774485575379503 6.731140112238679 -2.5794015050368317
1.724543514093643 5.8358186380046595 -2.5922665317677938
1.8640816924184826 5.483564260975536 -2.5000383413962526
1.7593408952371132 5.458108010580499 -2.576201194276619
1.8980062959673627 6.201144283813168 -2.6549973277231143
1.8512067048882919 6.754004505455679 -2.5981148548043285
1.7377078273050661 5.539723619260838 -2.591667339507797
1.9362802208595078 6.436034846708658 -2.666136082744675
2.1307039782606134 6.656417105689076 -2.5551363038150847
1.904641989453384 5.726278434317162 -2.6063321490238547
1.7721315674883735 6.215637513008806 -2.5512572639202307
1.7611325048400337 6.585291693670721 -2.6191590324124867
1.9770310882471362 5.631617759700157 -2.5286925472738986
1.8850755338020704 5.871137957778934 -2.505694626343946
1.7628395288503689 5.446492478788586 -2.575067956323048
1.9929827161263645 5.710113696888703 -2.5323038099010287
1.8991162892161308 6.20850857805533 -2.504897383892222
1.9267955176952398 5.740376633271366 -2.5004327900202648
1.9759195952904 5.879353964073277 -2.506586445204311
2.0494465390265497 6.4230116004665865 -2.500857586696822
1.7381944658525241 5.591649611054258 -2.556969072314642
1.915332916983817 6.682715068141127 -2.53613401954652
2.1124009224654983 6.681664123958207 -2.528654376853863
1.7378031538173353 6.177470501970441 -2.5978278559054893
2.0829347637647273 6.586399013848038 -2.6193839839669066
1.9271862571797118 6.245934363931074 -2.5059197832280917
2.119205807735527 6.312212330119964 -2.5243364753738176
1.951980050931768 5.902602532855269 -2.503741923150466
1.7362955697765425 6.332704432769683 -2.6447209950290995
1.94603908465759 5.5601587946504045 -2.533731289704952
1.8365170769603385 5.9795045049366635 -2.6442084485661015
1.9188826937493315 6.371227203514625 -2.669962462651384
1.8466219995273567 6.653639351279623 -2.6502356951374972
1.8745906334958053 5.5571737213203765 -2.5893301130812114
1.9256551201201577 5.474796060227337 -2.5412699034870947
1.7771100357579355 6.1719864043460095 -2.6474878453662187
2.0099828009354064 6.006181373346546 -2.5916297672747435
1.8381704524595204 5.495534245962837 -2.5927756241981124
1.794572857140561 6.125220645936128 -2.650423671039772
1.9885292156810197 6.076733337332304 -2.608068100234
1.7700360960221 5.704993919262939 -2.5367222354310393
2.0377039313092213 6.29418538128245 -2.62541561878641
1.9800819116154385 5.686447157043315 -2.520341350774041
1.895187276932774 6.1516298757478065 -2.647702864503594
1.7494511976354685 5.972922933743426 -2.6285107804183836
1.9006087578841386 5.9902896003492625 -2.507433315017229
1.775882117270456 5.703342308545013 -2.618972329852551
1.897063677320918 6.3449813431751245 -2.671384808519816
2.0349239846890743 6.005854731973671 -2.5671833368467922
1.7829115827419741 6.412082760828169 -2.5596265632216504
1.782989331756087 6.066451144141899 -2.6434864299520235
1.9724301639069797 6.820596036716147 -2.601430178231131
2.027094480300046 6.01472518197298 -2.5775194346006414
1.8144341308714513 5.43698945211453 -2.572975565043542
1.7499515173809461 6.452869777083755 -2.6170280507942305
1.9149994213671306 5.6297949611535625 -2.501084080548043
1.9272589483794351 5.895421691896233 -2.615023840601032
1.858045247236789 6.365272832222917 -2.518262917678867
1.9559509374228141 5.7467845279567396 -2.5768006660624376
2.0644041377516196 6.6568032344925 -2.521892577247018
1.74032085739637 6.150469678697732 -2.6068291982682235
1.9947940139791194 6.817209801684849 -2.575748131949463
1.8093325756039187 5.953343064337733 -2.5304402952237828
1.9371188476296164 5.535846865804398 -2.5234369477834964
1.776222528564984 6.529302792767872 -2.6227938502499257
2.0608643896997165 6.313882648371999 -2.613125029141486
1.9034242104616275 6.587151899423417 -2.525827870461155
1.8681347305913767 5.455599634021533 -2.5256250477314244
1.7577046651066137 5.581783435903995 -2.5937549623798013
1.735235105344317 5.950386408451559 -2.5999501797664655
1.9793563050366303 6.805446588245658 -2.628647146649925
1.7382297287563686 5.898332063945495 -2.5755477653680394
2.1240312585824928 6.373393447456977 -2.5179215225487255
1.8037073311340346 5.794115399707138 -2.5319723275916974
1.7639290951320619 5.599047921893179 -2.542277384028678
1.9373733419195895 6.014677761146962 -2.503166118629145
1.9872421115950276 5.840954345128931 -2.563103626643745
2.0586910244822176 6.260242214254706 -2.6097941345413096
2.054327276297796 6.648275476901354 -2.6265478316469073
1.9741251344558224 6.446846660415429 -2.6531768340924953
1.7464237689343434 5.558066985406454 -2.5708102313377066
1.7993653595819117 5.607176574766897 -2.6074621235748605
2.0071906525553715 6.73203178011046 -2.543813119709461
2.0265918396880367 5.977886368795995 -2.5493809770369964
1.9870782268719984 6.722628445465171 -2.6218335082913287
2.1094465283210986 6.497900910529733 -2.5398764723098846
1.8302427090961673 6.515071348912212 -2.653984120862348
1.896408920853788 5.47704407683095 -2.510894049539985
1.872095930426813 5.75086982809569 -2.50928553509101
1.8765486542278387 5.738498388771233 -2.6101873719949777
2.0645943164577627 6.379831506154529 -2.6188521620514047
1.8550776000724603 6.171191441481543 -2.652429508881995
1.8446515147284077 6.307686112591356 -2.6702548693821226
1.8808641911053199 6.666482673074813 -2.5549858984943294
1.9142916514030845 6.80972095295969 -2.606454575677879
1.748886341589277 6.273394933992474 -2.5651304050145347
1.8075344556568151 6.2132352514940745 -2.538476344764301
1.9934212161317866 6.682780791913904 -2.52359177296324
1.9018401517042935 6.688341465104374 -2.6534714635942
2.00570735184742 6.702308041544246 -2.6366260280805847
1.994277475449932 5.910932236034421 -2.5196105677486473
1.9355639261320188 5.612353222128204 -2.514027428813695
1.9882753705746607 5.887527638808736 -2.5733921267651274
1.9526376068169218 6.572668346452604 -2.5138794702742895
1.8193208524604034 6.169420400117151 -2.65137577047314
1.7763482639605888 6.202957055998372 -2.642977157781785
1.7575167154761455 6.007818906545278 -2.632818361451492
2.103634363810376 6.260019511062339 -2.5669923389961564
1.795367106782811 6.132545570743046 -2.5501780344575558
1.763672250629151 6.026995003977891 -2.6348293592213814
1.7901686713716416 5.7991635072866465 -2.542608925437197
1.8456853780490157 5.673966150260702 -2.610040953111154
1.8605399455639389 5.895830782209529 -2.516332269501007
1.8860426170029454 5.488303656050268 -2.566783522949925
1.7699339711088515 6.332118420658116 -2.657387016180337
2.0191561463324073 6.795198357830623 -2.6110359690957248
2.089902933471145 6.650192676242742 -2.5279470602895286
1.9992072687493692 6.081046909200075 -2.5181309297301144
2.1328065827175258 6.619154170755193 -2.543573974040587
1.921967456054021 6.317597843870309 -2.503230501701948
1.9090987696991837 6.390849011038351 -2.5112010572407124
1.745034395132711 6.0576549054270865 -2.5888541751343785
1.983560274369586 6.305049529329123 -2.4982000339035038
2.1180426915641886 6.345295104040017 -2.5652171936564314
1.7738714794457295 5.671051590435716 -2.6084961258837485
2.0616093595306832 6.770083681566146 -2.5683100072904823
1.7467143305955661 5.75881843757835 -2.5945743531297536
1.823593623256016 5.467167282797214 -2.570686265584075
2.057198655824786 6.799447781914944 -2.581000442986727
2.090885919032768 6.34696464414915 -2.5075025342391086
1.8166797963052141 6.27918072538127 -2.6666173355826572
1.949961386870476 6.156880621830819 -2.6292443355190955
1.7610688375302996 5.5880610876311705 -2.5819840571831216
1.759621307160344 5.515293580650059 -2.5551017139699157
2.053721006227202 6.7760050704986465 -2.584358397107891
1.7815941138372402 5.570105996454026 -2.545185653547227
2.0084968365999547 6.194231248161737 -2.6061242780884086
1.7591867744765857 5.774668977625691 -2.60376417201701
2.043607552073073 6.52421525595706 -2.6207473958142744
1.9363626236144504 6.800434049006603 -2.619293956473128
1.7870999721020242 6.210624690806212 -2.5507368634632295
1.9271234014079348 6.519969421243676 -2.655949927389719
2.0238701714705063 6.172352591361578 -2.5224648242219825
1.932696809359395 5.637150585924714 -2.5137402877032464
1.7794852883175234 5.655048260605621 -2.603271507724679
1.8344209188232652 6.0131970136438735 -2.641660923413604
1.8010438686735986 6.509312731065509 -2.6387187294683896
2.070761113365143 6.653499983508114 -2.53005245924847
1.7908187483065987 6.079419229839879 -2.555651380939876
1.921467577337807 6.715193646096562 -2.574575896773731
1.8653284115812605 6.029489895716164 -2.640446625090287
1.9602645440416986 6.8135349218575465 -2.574324273975077
1.74122006267664 6.031831513494922 -2.5934927997323545
1.9044509200181676 5.8342135912109 -2.607252243595191
1.864701742273394 6.219557666255051 -2.6567976498114727
1.8183466660100873 5.773399601515079 -2.529883211208934
1.7651605952214564 5.948163501135183 -2.565102493757929
1.8777633691212325 6.407527277257442 -2.66700510719775
2.0307981061689286 6.058966286191299 -2.5397761869195383
1.916044257919059 6.6453219132998225 -2.65475696311841
1.8866404146319362 5.888257539539477 -2.6192746293666063
1.9304311653480308 6.782959768802716 -2.615730817865331
1.837226486068245 6.5166613603450045 -2.6493136800037718
2.082487162562596 6.6540043383763745 -2.53492360888114
1.7627631855987778 5.978223915635095 -2.5671347818042625
1.8296789716633404 6.091772633401603 -2.643097787967494
1.9643849663661026 6.659294837171612 -2.5334952816278804
1.7660501586922859 5.557758159427987 -2.5727023997860843
1.865975811152425 5.767375159898695 -2.609347032396266
1.7494156821063038 5.947197061958327 -2.592833939446413
1.8597510461536957 5.769799248633774 -2.5187321489511065
1.987885143988048 6.775919957853967 -2.6133939080634505
1.7682197162605253 5.80874534898825 -2.566728612333746
1.8869930971970463 5.563112571283625 -2.5195091616414413
1.7553279320494128 5.621536356153603 -2.569034225155657
1.9001111131703199 5.5841934147184675 -2.5221015022022097
1.7762020041666235 5.907980601935692 -2.621112873418408
1.914975807375946 5.70879462590924 -2.5108293585168973
2.027601987791704 6.064055722259852 -2.552687325475807
1.7566007288326622 5.7635797090532055 -2.5924467753110485
1.8044045731440415 6.613584026999755 -2.6372424497969797
1.8659543982927798 5.90480126074962 -2.520600095360594
1.754793028427395 5.694609402091532 -2.5907593357057905
1.7930386484749656 5.617880808968749 -2.5982082859708204
1.9835651896161597 6.089177722410662 -2.5998825143085815
1.8230146774589246 5.7959752055938445 -2.614061389859817
1.7757816791019283 5.547845364728527 -2.5568411840165304
1.8551885196476214 6.197087389761032 -2.5332979664250868
1.8156656582444413 6.607488120886211 -2.5794811257339094
1.8319042431009538 5.641116417117781 -2.5998323208973355
1.8657289675294573 6.606611869854925 -2.5495515281250354
1.941694689959324 5.640424165065828 -2.5349830703795684
1.7819851103451154 5.507959784420656 -2.552765107135341
1.9431896972626697 6.791618446331758 -2.611715427550057
1.8506460401276463 5.638151368436958 -2.517745179626259
2.0052624100382177 6.426498682988585 -2.6379073400866484
1.7777082432492541 5.740283672362227 -2.6045775389869465
1.9890605805324533 6.789924155456742 -2.609449755347641
1.9778756604193046 5.882769739341912 -2.5657659290595203
2.0523486166973512 6.334268753716888 -2.614574998771924
1.7661284990378703 5.6159040322481975 -2.5795230042260417
1.8976949774148073 6.368626151548523 -2.513995910424702
1.889627362252354 5.518169285604376 -2.559409447815848
1.9589510483630073 5.743041857625904 -2.5455763503134206
1.8095104215514453 5.508745307007013 -2.5363740731006996
1.8805076399089176 5.794035766462832 -2.6029438869181907
1.8489567991552858 6.684217297426501 -2.629402064362272
1.852934611954108 6.616774128279146 -2.6548267345426435
1.7889228029851645 5.759409002613943 -2.546269065167449
1.8482773455020758 6.232641294554995 -2.653233313517886
1.9289026306040034 5.911699035157884 -2.6039784205804386
1.7835797976812036 5.495085530933213 -2.569940036749072
1.8443939744799005 5.857296346870788 -2.621965675395217
2.096731635018491 6.474537003836484 -2.566938614305096
2.008837567896768 6.144932555108532 -2.528194960229084
2.0806812964645522 6.361150423113088 -2.5972314581429536
1.9993604991134146 6.714707008751313 -2.563698348737274
1.9746491818729108 6.783987926380515 -2.607214797727549
1.8537077653579603 6.60500042372141 -2.6541113197333965
1.8182255498739064 5.615104051827065 -2.5305593049556316
1.9874709451517756 6.123208964290402 -2.5197857673388095
1.835053268906719 5.66393639078541 -2.5989691814314946
1.9856470966288275 6.7699462107638215 -2.567416370627554
1.7726797937152234 5.746282453836029 -2.5608004777781703
1.8972690449260152 5.764159714335925 -2.5174523339502946
1.83705023690215 5.569823456561772 -2.5791175777951487
1.9970694103690563 6.50246793577872 -2.634325126170947
1.8842887896080822 6.278599620100774 -2.5132325937210753
1.9034694576174114 6.749975088533424 -2.5854909157645145
1.8833859186030675 6.475560071283104 -2.6579337652300126
1.8622209461184518 6.32833047133232 -2.522642081159184
2.0944356504034394 6.452780090990326 -2.5417454610723547
2.0374395435671873 6.6485520649455605 -2.623014750496294
2.06006407040302 6.468504364061072 -2.606681031991482
2.048332078252822 6.708311698775017 -2.5470079089823825
1.7894954445712128 6.484432965659482 -2.5928674186728027
1.9501670177633115 5.762363661570101 -2.5279844153755953
1.9596250453178545 6.049992755919657 -2.6085205019803586
2.0346185880336582 6.554807414143082 -2.6296523820064115
1.9249586749470295 6.236235028970489 -2.6426747308568164
1.9504008968649122 5.94751158549008 -2.519784098320654
1.8350139452254617 5.656134615466067 -2.526462161234102
1.753284627545007 6.0341758955292395 -2.6046322708190357
2.0579528302058785 6.744187747107882 -2.5741733698914535
2.101160980041456 6.272053580129231 -2.5533305231389143
1.8368065788720966 6.106204618593423 -2.637024435437515
1.9400893721511934 5.774478675650785 -2.5692103887792017
1.8196601630410911 6.317057123575063 -2.661346045515428
1.7727330803468893 6.0414703969449715 -2.5685659291579794
1.7946965629239808 5.740671382202736 -2.546579227504872
1.866276481820209 5.765938049848328 -2.602795756511797
1.9286280753696192 6.451909797840542 -2.6547320234847827
1.9433635553190183 5.792338092579504 -2.532386504358586
1.7562272872455382 5.853288403624652 -2.584769711925567
2.017951313796782 6.157467729412845 -2.582429110925341
1.8482927763218817 6.462041400964239 -2.5477675897227003
1.7632594924186606 5.699918777930115 -2.5823566957139974
2.068823621427642 6.440709081664114 -2.5972740853150076
1.888521861511487 5.525280430506877 -2.5517494049954648
1.9793681944726438 6.537750608317994 -2.5299208576290626
2.102466590220896 6.318339769317734 -2.5411494218837736
1.9467460225044877 6.42967137010526 -2.5172060917235797
2.013232932868428 6.106714064869237 -2.5703084878165323
1.9267529832925856 6.095325493805451 -2.520507274064497
2.042195752169744 6.671238498414983 -2.612220839926926
1.9386528206006113 6.712481244948311 -2.5678548683323097
2.0995284548125563 6.426769527669517 -2.5664003131769757
2.0942997132337764 6.412763153074832 -2.5325737007890528
1.7606759906977292 6.030201485374563 -2.6139786251128436
2.068318856390439 6.595971424619112 -2.6067387278616563
1.7908262465499014 5.54096645066484 -2.5649012642344236
2.000526319051366 6.722494255041286 -2.581190043840429
1.8021708304388913 6.52925143116157 -2.6116018463831026
2.094534403169087 6.407074671095629 -2.5761685107465055
2.015092815482497 6.053158551129488 -2.557469573402818
2.0326151565595216 6.388200893385505 -2.6230136854188615
1.9770611540961696 6.733120101945403 -2.569187091174082
1.8663703286306546 6.642572387475962 -2.5634279147363634
2.037253177881416 6.192620127919811 -2.5527315626589147
2.0098052690730137 6.060323281354341 -2.537336032194009
1.955563735615411 6.716871984687828 -2.584664222776647
2.034593201746595 6.279392260116873 -2.61268340128717
1.997898831786037 6.762277674392404 -2.5810356246423756
1.8293626639538332 6.073359853890421 -2.633348089997746
1.8087051798944587 5.484291451341398 -2.5535775150206503
1.800790694582978 5.821943998018659 -2.6090361932932593
1.9273633244780939 6.288380735040611 -2.6513334481306243
1.8614410078548809 5.502084650409474 -2.5436085820104912
2.05820249603156 6.677683976721585 -2.6026424608088496
2.101586195074786 6.6370877982760685 -2.557278481755148
1.8671811220396957 6.4910754309921845 -2.6516257269201606
1.8046785705334956 6.523047792910008 -2.6092860748103925
1.869042952138862 5.6968062919172695 -2.5206437633119525
2.0525727089564834 6.708025633187398 -2.5569171858942195
1.9503019031845497 6.7324005528237745 -2.60074673717123
1.9857577800866653 6.010525126028101 -2.5207477227157784
1.9883866893026254 5.972650741588164 -2.5670434056787252
1.748984378915595 6.347694678157607 -2.6081545674854443
1.8333577872852855 6.648402611898121 -2.5929888764700957
2.0375599464934817 6.443534021273445 -2.5212497606316555
1.8440660441630348 6.653397990761736 -2.6027714886607405
2.000782329740863 5.988657771078451 -2.554146140774395
1.9405943740312646 5.795467777053733 -2.54366034834951
1.9880702565049575 6.274405467999799 -2.5009121083611205
1.9070427779271717 5.842764885318189 -2.5264324050831526
2.0546623072174146 6.514494009972687 -2.542427920760626
1.944501910603357 6.736217056460594 -2.595546669723594
1.8418126751008845 5.74477920808034 -2.5315194991124796
1.7866059040140145 5.650015228924856 -2.580250568591921
1.9414439179510503 6.037749479815489 -2.517286912708471
2.0273675746473443 6.567174574130336 -2.517399307160212
1.977725782595551 6.116232307278039 -2.5228576247881023
1.8900448452345002 5.6852808386242355 -2.582980253107424
1.8688582794728916 6.633858810370654 -2.6447439239314017
1.8001353373650493 6.502056612384294 -2.609112169781095
1.8495714535114707 5.534190039156475 -2.5378346261893916
1.907195541175751 5.821017138864439 -2.5910869168999424
1.8170638431332464 6.199090694598594 -2.5561467763985934
1.7944997807854188 5.872602366116533 -2.609920119241558
2.0967599664181478 6.55342940757008 -2.584630478538146
1.965969523977628 6.752693549990132 -2.6131232169199263
1.9786566282940172 6.3209727650614145 -2.638325092362636
1.8663017859192188 5.90708873343418 -2.6145087598028227
1.8561745319776444 6.641617201925988 -2.571652320408774
1.7890773276615581 6.073045677098563 -2.620309734679969
1.937854569858907 5.715577755368341 -2.539359278891544
1.9207510571125526 6.100990012433098 -2.621151200385657
1.9004661720493008 5.918198770272481 -2.5226189084476225
1.8533940110147924 6.493077536703915 -2.6484863114620847
1.7802734141584635 6.122559277941507 -2.6191996793459555
1.909238964195385 6.137627050153206 -2.626976070326566
1.9297850296331927 5.721639737021833 -2.559653452140286
1.8923622780963474 5.634624703872705 -2.527207264653166
1.9330819635686187 5.813515354137639 -2.5419949560187423
1.7967842267240925 6.179216923029717 -2.6273123337004094
1.7711067981030912 6.409775125663107 -2.6249535716036956
1.8111776390255927 6.518011387262696 -2.6225346744669142
1.839697726576519 5.716650673273794 -2.5308525205414707
1.8738312547051104 5.617362334223126 -2.5712288354708828
1.896439681021699 5.660222887544953 -2.5302878580623593
1.9797018404673867 6.144906148091112 -2.5984898013808038
1.7788101148427615 6.096651631453968 -2.611507367845008
1.805965465457608 5.836688269159579 -2.604777603517596
2.037341055178088 6.472680744753914 -2.5268453127479114
1.946881156551996 6.624739497255073 -2.5331180599776415
1.8425612067874395 6.307738996684477 -2.6572840791769394
1.973429829059495 6.305877769200813 -2.507502242551844
1.7686694336593938 6.00127897074852 -2.607850545183183
1.8903715700354358 6.679381161253897 -2.56763630353111
1.9338172681270627 5.766217206241627 -2.538791918622785
1.8176490574036497 6.493754160100058 -2.58137129057987
1.8824321102254458 6.386177976763787 -2.5259313274179593
1.962141603605097 5.863939347051172 -2.540829270740561
1.7832800807672657 6.23278954393057 -2.6300874937353513
1.8011857108583904 6.021323230698342 -2.5545167102611988
1.8391624307834964 6.641737561152059 -2.590578107439797
1.809018289199206 5.772219901388692 -2.5964003180647395
1.9259711337357492 5.807237423881935 -2.5606557275647504
1.9415671725461447 6.202766784994482 -2.5253361386958426
1.9942763342963752 6.125212044434319 -2.586512063961943
1.8321692424368696 5.984972136675159 -2.622857475549445
2.063920377821354 6.384225261763065 -2.5999001854649544
1.7925629455011995 5.836490737539764 -2.596203930581723
1.9961208558026282 6.098101543729923 -2.576964323993412
1.9494069369682507 6.4790620009149364 -2.530448523863575
1.7989057269825603 5.719125549120967 -2.5908505315504198
2.0734111436154907 6.633854509975476 -2.592618156244642
1.9732052136666436 6.746797180594667 -2.56942269081578
1.9642753513172435 6.687772510482745 -2.543695121123786
1.8385533693543825 5.598541268018376 -2.541588128291619
1.8752189348326636 6.626342316281254 -2.6463840518829835
1.936241149302877 5.84383468164204 -2.564643016710325
1.8816934264427343 6.042130417569646 -2.528697193176987
1.9506907851252495 6.14762746433605 -2.5296991768490846
1.8735401123192374 5.964706735000723 -2.616358503738362
1.8346406188779423 5.940150854707852 -2.6158184952481296
1.8238191288451624 6.518806479703951 -2.5869716215483356
2.076552971905426 6.2630146891293 -2.570660958838798
1.8208417629056723 5.6838564719048295 -2.540229868412233
1.899871602976452 5.65471664767952 -2.5412075294329872
2.0009129160165324 6.75517095810094 -2.5954761495183662
2.053906920179948 6.303843490504711 -2.5926390837566338
2.083872743181631 6.598329526171879 -2.571283022447318
1.8391081110045997 6.5247596143024404 -2.6363581355320385
1.8990886870551504 6.4921625058131305 -2.6471899751452836
1.8934076546115355 5.657871618066995 -2.5611775537976023
2.069245016994735 6.314965613649172 -2.523845973628511
2.0834083576070195 6.5534430117162845 -2.5908715565353324
1.7898702200991226 6.104169075753509 -2.611682205761462
1.8351807017684552 5.700349091558687 -2.536435123714818
2.05065740590508 6.326442633707775 -2.5120273884932747
1.8153969552440365 5.714286728892372 -2.5456916670090877
1.7482427413537245 6.273816032772201 -2.6096128620270607
1.9085418731427888 6.125713375891438 -2.623755304556348
1.7569194807710926 6.327327134631348 -2.6146018475329553
1.9112290285544626 5.739273687020923 -2.566048869285645
1.8808099012196688 6.691281840067019 -2.584989279701375
2.0756593008227746 6.58154169234531 -2.5963190249482686
1.7684303629604297 6.337584601865563 -2.5809961452948755
1.8032383332027409 6.109686093453048 -2.570844282164467
1.828886021581528 6.4075857493511945 -2.651794919448342
2.0089370177902106 6.423286943938374 -2.625805448002493
1.7810060609889673 5.858547210997203 -2.576401947209905
1.816647999449184 6.473830663693868 -2.6368863178472317
1.9008580116530243 6.66229905962706 -2.5721119605153353
2.0012000505590595 6.204177720834286 -2.534430012099217
1.8876193436265143 5.818011139284998 -2.5900221513616906
2.073091466753179 6.697403134376078 -2.564661503380579
1.9091965145514258 5.753610852144536 -2.5680338125883218
1.8451430901394767 6.09319422256059 -2.546092444967465
1.9487732935352984 5.874246291452786 -2.555992699121993
1.8093235237559964 6.05805391985426 -2.620636824228324
1.7527105206539608 6.278588983661541 -2.608540594745942
1.784701590742924 6.130249481451273 -2.5963290125519816
1.9733465234573193 6.283979557594137 -2.6325387049157047
1.7810883095203511 6.02299059412614 -2.6068973439134733
1.9975801365052241 6.6164707317057845 -2.632480302980863
1.7977028845359055 5.828591715928018 -2.587593000987048
1.8278542576864663 6.352692463393603 -2.5444199348680954
1.911397161156428 6.146142335912934 -2.621035094726689
1.9127929345273684 6.32440284291348 -2.650889764087385
1.9815992074920235 6.188685943127721 -2.597134479149127
1.9210566858540916 5.872658724913322 -2.583004518320078
1.8018244101155987 6.382505946716674 -2.646592901156907
2.043728460542381 6.513798946700287 -2.589421813589641
2.0728095432468523 6.4081243284055125 -2.5822091472527138
2.038487957754692 6.279022298005524 -2.6015799370213317
1.8033254675286319 5.719343953572576 -2.580273517729397
1.9750460617779375 6.23574985371772 -2.615702254025182
1.8040837193791377 5.6865086507888485 -2.5606256819018447
2.007411915600718 6.557046390500013 -2.6288541350531522
1.8893785118145954 5.7505727548580445 -2.5740193042778174
1.8030795244206859 6.4619292897976495 -2.6279143750019123
1.9507985217470571 5.856053567816222 -2.549771616506683
1.8226449733072227 6.525189155740774 -2.610103577615554
2.082534996047035 6.347873170624508 -2.573213509186723
2.0666405628075175 6.699007842838726 -2.5736816206484034
1.8413952157621594 6.4052348469713865 -2.6511749267003366
1.843430492912226 6.601908689387438 -2.6318696513451147
1.8977194012558265 6.508668751029324 -2.6404329791742422
1.8203595839289035 6.1041296418128415 -2.61974887469622
1.8806246407767007 6.121236286058553 -2.6258792413268432
1.8834523766785292 6.4721765575717995 -2.6465307247232572
1.8293387560515377 5.8812639594145315 -2.6026193084112768
1.9224217363394807 5.966557038840784 -2.596294263327572
1.836837500453541 5.834088090073101 -2.596620978944885
1.8959958438185165 6.532644900267995 -2.637860313034394
2.075893939672908 6.295319789883871 -2.5549799681038095
1.8101217899036615 5.8433872528750745 -2.57393173979088
1.962420167155467 6.358584292400518 -2.6404539756816727
1.8967516780346079 6.419393515343261 -2.650160501943165
2.036422039583002 6.23879295840362 -2.558070279834604
1.8521900938224862 5.771438527939032 -2.546193525394446
1.8344480585975629 5.99166557715558 -2.5481449689485087
1.9029115084078105 5.833400448734205 -2.539473940543994
1.7850834584575597 6.006745624542415 -2.6051779507870574
1.7976042747400522 6.065296484801106 -2.58002513171213
1.845285834093795 6.343209745988121 -2.5392427525852206
2.0366122952940775 6.7032045529934 -2.5928446927445647
1.8756394822055578 6.552237569632253 -2.6297081753621296
1.9522938982574178 6.6505421139378065 -2.629752233747194
1.8627174000547833 6.564268062241692 -2.560375820114839
1.8992402650293467 5.722889326732435 -2.5570833675293043
1.905765509171734 6.6926973404196 -2.6206759924886156
1.9598970302159524 5.984154713461701 -2.574066820917035
1.9379346184363 5.8836077473865975 -2.5657838452733
1.882063891210717 6.606051846262459 -2.5572571066724805
2.0556806533001497 6.424836128607181 -2.594428824243181
1.7931432917777734 5.853370008323318 -2.5819662939155124
1.8018796165393742 6.170548754321853 -2.6131907057725567
1.8762762321091038 6.312575176800976 -2.5287939376233046
1.926550682522198 5.944217073539205 -2.5392645202778352
1.858477964548316 5.755952043664559 -2.581990221219309
1.8134752107659124 6.474119101662599 -2.590238374638552
1.9669510761269158 5.994507811307301 -2.544711908285375
1.9504373591976951 6.098645910888354 -2.536033194519473
1.854044521906479 5.821436206137653 -2.5896249745827546
1.8605844283538442 5.900162418970091 -2.5411167800966696
2.052295440945956 6.635993618363389 -2.5439567420281586
1.9183537457590751 6.63351103149951 -2.5501328173928015
2.069656276908343 6.459627590544634 -2.568260283672945
1.8299805131371605 6.612983540777034 -2.6143400997410544
1.9304489661402862 6.526430468047144 -2.63485720778384
1.8361932904191156 6.109931088745838 -2.559632946429911
1.9464550009707235 6.1183841521071285 -2.6049110076419266
1.8750932799197053 6.2737078593467395 -2.6507441306041626
1.8257928956001805 6.418438996560147 -2.642923731730879
1.856914868467674 6.385792847767515 -2.651788492719764
1.896449222831743 6.5872738934754755 -2.5490016131417375
1.9326583773141528 5.866093256099191 -2.5495345657133095
1.8312960741015347 5.713389033103942 -2.575571480864765
1.9558738717318993 6.575756285784286 -2.638977498284611
2.049710397607156 6.3208112496656454 -2.592336305311072
1.9938761911684222 6.39675002208978 -2.517304294382601
1.87738173585078 6.6440880529895425 -2.6255127583935387
1.7878609046810063 5.999590456797874 -2.5914002624237638
1.8494277959440941 6.036728136007895 -2.5438970313733824
1.94389102788248 6.562418090147138 -2.535037866321855
1.8087441515743397 6.103149241992465 -2.60736966718485
1.861527968214241 5.8627913838452415 -2.596124969852614
1.8599958591539378 5.766021192501103 -2.551729944516862
1.868449342484083 5.838451538513063 -2.584408763032277
2.0406980759504005 6.303072640114287 -2.591747434800159
2.0596308786481954 6.554042534703049 -2.597755128150909
1.9061767492383916 6.41192568838591 -2.646815524772811
1.8554075995378378 6.340810762109143 -2.65115901046508
2.056686464112439 6.632918614259859 -2.5458290029112227
1.9741495666389839 6.055849570667837 -2.5503043783148214
1.9142899373183861 6.336615502979169 -2.5200483435127383
1.8609694509486001 5.932964719309721 -2.5479745359726027
1.8176841577736171 6.572574115931522 -2.6049084067886303
1.9372646499906576 6.15878302435781 -2.538079130284091
2.024575855642228 6.435891094196657 -2.6071668244330013
1.8615159281734353 6.4556000029300105 -2.643142979606055
1.8526699862720377 5.716889942958895 -2.5515302585933908
1.9333349115008807 6.163764626891332 -2.611356300536668
1.8151769008588854 5.949858411993546 -2.5767287705991206
1.8813437018581234 5.866822069209219 -2.5435460076215968
1.9128799021846103 5.95696450735734 -2.5386535541718915
1.992046031181573 6.587773822446609 -2.6281208170816033
1.9485719570849818 6.154527576843683 -2.601193659328205
1.8168254127477867 6.042736083578266 -2.565586155729835
1.8501210839802433 6.569348515482655 -2.5694318430314853
1.8321827714872216 6.585605839558284 -2.58897604712124
1.9546680034612787 6.171609550114791 -2.600492075606105
1.8854845798970266 6.439305987909129 -2.5458654412307604
1.8436461543633214 5.993900536670191 -2.552304280422997
2.0588486079438857 6.457631823440383 -2.5720803567816155
1.8052618228148773 6.304894562338109 -2.6369625285946503
1.9999502719613238 6.380827465996708 -2.5157290681427646
1.8298149110800384 5.874149226501819 -2.5655630034002814
1.9402786458068355 6.52442788569196 -2.6301095876501037
1.99272746909734 6.19002400480834 -2.552507844952972
1.832817872703272 5.953755612321535 -2.602965740509111
2.0508191944062464 6.3953680065206004 -2.59326149356702
1.8902201758908892 6.02445737561918 -2.536324577790567
1.817495757356653 5.898220529908156 -2.5722649331609024
1.9418676698157817 6.128441283728602 -2.5405582347384956
2.051508655173273 6.331053115619158 -2.588127698172804
1.9982855023669899 6.548786324179546 -2.605412439067262
1.8985594971304662 5.87539844933359 -2.573385139046791
1.895815723017853 5.89431697659765 -2.576762824166814
1.8556385913145697 5.850818904560813 -2.5617061017441687
1.8197709172769048 6.467840685924519 -2.618027176035076
1.855525269718556 6.011658306113801 -2.6128977957181556
2.066252800656555 6.403598296954396 -2.5697797790848176
2.0207574038540423 6.238321076056699 -2.558108274306571
1.878285261148751 6.2518791071566575 -2.526866965186441
1.8457218568479121 6.494985774163366 -2.6238967716026145
1.9001882784433715 6.62446330392389 -2.5593117914478016
1.9132792562791203 6.015582887389528 -2.6016337362235085
1.822647637559874 6.049847144265977 -2.56816573145342
1.8815100902978303 6.640787551283326 -2.621159671793763
1.9654385879195428 6.5987900742178525 -2.6249025019276386
2.039093608925305 6.50861380871705 -2.571844000578361
1.8451757931757622 5.964729788267759 -2.6003953845346763
1.8484765979456874 5.899409938375201 -2.5918973485072736
2.021626017177168 6.292957870009633 -2.6016748538583356
1.8772011365560344 6.434896200787133 -2.6412774920666116
1.9235599226592144 6.659890486771944 -2.608349743095842
1.9529648866205744 6.180879229700222 -2.59600438711223
2.063609807556447 6.403381255844538 -2.571169253351766
1.8448475755524238 5.8829192732931155 -2.580012094097115
1.9631674470273321 6.05378152805739 -2.5581933415221556
1.8443976005844296 6.193726203103152 -2.617807962137568
1.8881014022267801 6.362731963900292 -2.530183399934037
1.9448154308282415 6.078155319152435 -2.579795036926196
1.7989580524037903 6.2803862954159655 -2.634255681779274
1.979812492720051 6.517523155026092 -2.6163823667317136
1.8419410420463938 5.937139618638699 -2.563155246433789
1.9703140602645837 6.130670690676713 -2.5553594197587204
2.0752466381068766 6.36299614357346 -2.539733317686226
2.0023763129009455 6.638308869493858 -2.6127497901746835
1.8985595650320326 5.907735809881674 -2.576892639089025
2.049909778143123 6.442864359474164 -2.5633568591968996
1.9308621760697136 6.142801313037905 -2.5991189945574176
1.8822637360726167 6.346463475267722 -2.532595107048527
1.9385348271430356 5.990590989555596 -2.5757338957635745
1.9095613160834173 6.686880556234784 -2.591727064996364
1.8699202198807592 6.5452069579726 -2.6061762742671406
1.8585434641247516 6.433397570165164 -2.5586473604317668
1.8744610570709086 6.006553091614579 -2.606988420658854
1.9034064133327269 6.073037195777665 -2.54785078815776
1.951600658057704 6.532303101536975 -2.6206777134512516
1.8608411076500535 6.594826680574663 -2.5842550780543476
1.9973082797233506 6.491019930140115 -2.6094023819914494
2.01066641000632 6.593409944481309 -2.610597008667866
1.8983078277479524 5.94368527461125 -2.5781885512586715
2.001611023145746 6.647208747746667 -2.609104661121009
1.8440596562271543 6.423065309711644 -2.5618396295810912
1.9789991246300125 6.415009852639808 -2.5279146759829345
2.0300426434288585 6.302266314212869 -2.527597807325095
1.8538278493787002 5.919090615584841 -2.558406898757871
1.9645827032136711 6.140930489372147 -2.570785028495858
1.906874222483336 6.069869466963076 -2.5503486972881406
1.8370441904643413 6.077934344687276 -2.595200728130568
2.071329404296672 6.362061218972116 -2.5395186288155314
1.9702788227380765 6.650614536683348 -2.613241716582135
1.8358936805303734 6.570930745972575 -2.5917020101508217
1.8697017815835681 6.081136950016445 -2.5603729892295766
1.8205327206400892 6.459726966934904 -2.6033866763466245
1.9408953537345288 6.46454045985763 -2.540931335356038
1.9281235856965655 6.0786459017932115 -2.555537778393154
2.037311236424471 6.451196212138119 -2.583848366678188
1.8651009568625052 5.938609755943284 -2.5620579410346713
2.0686425892605893 6.3723140109529695 -2.544963619043344
1.7752888739149326 6.273925257839316 -2.598654008056725
1.9503635192361437 6.176141259589647 -2.548981063002209
1.9798825616140954 6.392541554275962 -2.6254969616781265
1.9673134104363845 6.481520995388104 -2.6204202842797772
1.9103500252598176 6.103572371598647 -2.551453969052147
1.804606867122854 6.4111501898713446 -2.608812539444337
1.8499901857338017 6.100700155395511 -2.567553868004328
1.9413623999299954 6.61900073863958 -2.6305708360531623
1.9383331737612672 6.2128900918663295 -2.6170545236397853
1.890936081453788 6.2290872644377355 -2.6254258375851043
1.9134618211073224 6.455103369156878 -2.6356872617296485
1.9204768001087233 6.100780053508977 -2.5925059269607718
1.903871423078766 6.08821458340442 -2.5575390040513177
1.8911019573585244 6.236372321178612 -2.6245351027515254
1.8441052236472188 6.047365646927034 -2.5662180901940554
1.7933605940816575 6.349301332619702 -2.62120674511118
1.9254256888508892 6.178241403129842 -2.5502470684089107
2.0215694816611505 6.416982789094764 -2.6010813286853045
2.0501038832173055 6.42756705513988 -2.5724831648617865
2.017839547023756 6.4332308185732145 -2.539269672173867
1.937986463155596 6.024220844034216 -2.5455943265415266
1.8515697172165693 6.369758316612845 -2.548597359104044
1.860506145061509 6.147751940815243 -2.56795346315589
1.8476742191551339 6.058738959934338 -2.566946282506988
1.9070367140194104 6.151037813955244 -2.554948512051881
1.9837027801850995 6.295387976412841 -2.5216026367070015
1.9950645088374697 6.439344550979678 -2.61147640231317
1.8816299744846243 6.2984246924758125 -2.6390389576307847
1.9715638456249405 6.201090684664033 -2.5584941841219204
2.047206363410723 6.2509976328447365 -2.564780696777785
1.8388820084376203 6.020720438706729 -2.5638016814798714
1.856624731872419 6.0369672832789725 -2.5558951733168884
1.868152568986892 6.469466239022882 -2.5670700974861465
1.947285182661723 6.3322631459858485 -2.6312682697089955
2.030270433737514 6.386124815928766 -2.5997045918183135
1.898437222040684 6.538585012120029 -2.5779910726374284
1.9430967316072152 6.562827064076066 -2.629727457852903
1.8756142840484427 5.9664991277214945 -2.5629738810758154
1.9623445824594477 6.356577182323445 -2.6293059175045235
2.0541104622100947 6.571511775564895 -2.584442242458895
1.8483058245034436 5.983685124924015 -2.575015980481232
1.8907270107829193 6.287037607675414 -2.637820824803005
1.8428393795937046 5.988047740439356 -2.5754451517552135
1.997857430143553 6.507543101257438 -2.5957274311164245
1.9186924668065457 6.079131979361023 -2.571566728733975
1.9142832379010102 6.5472143588011145 -2.576198334441778
1.8072166168656758 6.3934610947273836 -2.5915980557580953
2.027371887883726 6.447739607807181 -2.5867402820783685
2.0410433462128283 6.256734845861452 -2.5680529119545206
1.881983939186218 5.976348776086403 -2.580337372759918
1.946934638640528 6.618067744628692 -2.550723378737123
1.9412503912392935 6.598578837782711 -2.6190216709078182
2.033057278512161 6.379743718269055 -2.5976926009378447
1.8663968497979786 6.620490416542638 -2.6096343423436936
1.8460712721765618 6.093764669264191 -2.587315669112165
1.8553275851807547 6.572814065662314 -2.6222054351501587
1.843735167022202 6.1279089419189114 -2.589057908902902
1.7989367269081251 6.251280587225422 -2.625644307868476
2.045817257459818 6.326436950067238 -2.577384518661822
1.88279573633804 6.110184687024686 -2.5680144667457463
2.0457786738433983 6.260482522948456 -2.5517214320529407
1.8427304720148063 6.341539691788558 -2.638181635756907
1.9167139580584946 6.490344368271353 -2.6214570143892564
1.8683554261564983 6.574089414397662 -2.6221930413084342
1.9866195659735215 6.501527609278597 -2.553419781007169
1.8764891369202954 6.623679892166344 -2.591210587836166
1.893560457366003 6.0420906481927 -2.592571673954361
1.857432205171345 6.142557809455241 -2.583248992065778
1.976411973394029 6.551410400122945 -2.592234965684783
1.9367930659029378 6.113106604780279 -2.581922802237848
2.0226951716258363 6.331178147829821 -2.5953753417710974
1.9242762782360048 6.007874755621472 -2.578837107846181
1.8199464843859834 6.37273817881861 -2.629910070565841
1.8611736662593301 6.142932830840742 -2.584891222748828
1.8550539919858346 6.468460799613473 -2.5814059514836973
1.9790892381008867 6.552110144306987 -2.5860711344095533
1.8784841649288204 6.496691524416828 -2.616033458006134
1.9413217640586002 6.346495709903115 -2.52599794489797
2.0583456545886754 6.369716151660876 -2.5574455027450917
1.9076242526510794 6.102539870127666 -2.5796067895456622
1.8906648070889687 6.580989681701827 -2.5669628919413916
1.951012079346512 6.229349536734771 -2.5424160919561527
1.882716585501746 6.0996656590200615 -2.5735473041218677
1.9444695030361157 6.550338129868414 -2.5832746776509374
2.0148245976354877 6.615725226926235 -2.6013167944431657
1.800253996117557 6.29692419875645 -2.6099942768513
1.9772268981486998 6.204825129982412 -2.5553719797991676
2.0216907470875736 6.350373400769972 -2.5966326795835633
1.8580290643070994 6.257808464129332 -2.6347887240623162
1.8488279310655853 6.3120389201180735 -2.5534471291795144
1.8596297266000081 6.1623162312115545 -2.5746280157961374
1.8562472958846943 6.354339021840204 -2.6378941812403722
2.000890966680705 6.2529513814682485 -2.5975415984955115
1.8273872516717207 6.400203049950434 -2.6215578114958333
1.888741810775651 6.57215456284017 -2.627203488370882
2.003521079762764 6.28128719140847 -2.5980891776975152
1.8489658792817605 6.228087670954611 -2.613799192106727
1.9312507945937432 6.183071379846998 -2.566097199881794
1.9150480100335239 6.130170861591493 -2.570239657603291
1.9221077227003938 6.113961857380804 -2.563217871471455
1.9339319215746216 6.324598069308566 -2.629345630299764
2.0278565397349304 6.622421310167143 -2.580018242120107
1.8742876064366887 6.591232924793793 -2.6082538691817394
1.9905497886970114 6.440072980753673 -2.54677423568309
1.8928365671202574 6.621503636793398 -2.6070578330912055
1.9697748445725036 6.647558210356204 -2.5737540076483123
1.8689326895125333 6.03435774316086 -2.571071958972147
1.9364674024431832 6.300487333601256 -2.5316209270051475
1.9521629437921886 6.53969674269986 -2.5875010252987902
1.8077393618820887 6.374168590406393 -2.613220467669203
1.8359285030434584 6.416915941576547 -2.616331593650224
2.0001999169221314 6.28112730644472 -2.5297660448581425
1.8589427993797205 6.43760526224969 -2.6195644647102183
1.9436308822019872 6.283956886523593 -2.6213948943329757
2.018244974193471 6.457710684555924 -2.570390988606957
1.9902037256473153 6.274209417165862 -2.5258167437672436
2.018187458600006 6.620833561656857 -2.559552644705719
1.8849362882352443 6.3789391739549135 -2.636595885912223
1.8755682160620326 6.5679325592300355 -2.618490858136442
1.9511069808660664 6.3534536534652855 -2.5280563015841597
1.8376455737003836 6.375348379184733 -2.6310133556584043
1.9042902206865246 6.163187683224799 -2.587417058892008
1.997170203859536 6.63452232380568 -2.585056023682026
1.9124174159606473 6.3866744903583434 -2.6324011886851304
1.938381537034468 6.347655083618598 -2.5306427268302567
1.9807531567445813 6.4228797356350515 -2.5412152652910254
1.8498031047214556 6.453413097453593 -2.599764912159122
2.0380203732884197 6.336319720460946 -2.5410431247474787
1.8892920184746416 6.200614470079101 -2.5912071810717747
1.8875855717312553 6.592259421810282 -2.60401512357876
1.9833261660576909 6.26617488348359 -2.605223470828049
1.958204955651246 6.620286549760824 -2.61360587949884
2.0158311473559354 6.625112962874003 -2.5824013822392984
1.9231953485049664 6.579944484158522 -2.5608208032888036
2.0217121633029995 6.555280700904815 -2.551942521348673
1.8647644024653602 6.473749718787074 -2.5955961001814156
1.8877894010709504 6.197318357527229 -2.5774319537588184
2.026018015715877 6.311354181297343 -2.5737971678769505
2.0349330074834384 6.273663885314253 -2.5529550264575005
1.8719067398968487 6.238163870268618 -2.5655881456967924
1.9673205931480722 6.636315284420881 -2.595666375668862
1.8443648059996023 6.325955960853664 -2.5597867571630477
1.8995431475031448 6.165269547835557 -2.5730857567833034
1.9064001808850888 6.616330988846332 -2.6120012467071936
1.9266861286828387 6.257054649243729 -2.530766584085557
1.9348766947964549 6.611201857788112 -2.6131581857716677
2.0141632830595197 6.347461060690054 -2.5339069746959395
1.8568069640138072 6.352800110949823 -2.632748179687111
1.9302809746483258 6.619901000301059 -2.568528530666031
2.0005183592930424 6.417581706646033 -2.5962745271950616
1.8791966575660015 6.453568937619853 -2.5736085080324878
1.9094873264182048 6.595252678981041 -2.604918451486774
1.8391059870429576 6.220144706142529 -2.585102241173656
1.9379195256490735 6.498067360056552 -2.570185456451056
2.0175679168859912 6.555362721219176 -2.5540158637991985
1.9696460203097121 6.420682941893961 -2.611596297287695
1.9494322234136314 6.578644933061699 -2.615651926896699
1.9698588522951608 6.604466687412895 -2.605855947370668
1.8788365767841173 6.460362496091539 -2.614572104989297
1.9009329616589488 6.45736859323675 -2.565529404313632
2.013582052940698 6.329638697453247 -2.537250621643672
2.023395884892719 6.310690941678873 -2.5506732005075197
1.8945788223211646 6.380002704244051 -2.5444623289495576
2.003170373884542 6.44638626144806 -2.5774905532702324
1.959097018262138 6.631574949908236 -2.5797782205001614
1.8715248197500434 6.571388146629307 -2.5957619715905413
2.0232450413863527 6.3184405275809254 -2.57581245296492
1.8143039055617052 6.294155189652924 -2.6078543045804734
1.892591311701251 6.445648442965929 -2.569218503893584
1.9476698172825508 6.565500707569892 -2.560446256663091
1.9695167283233128 6.421055816433933 -2.5447576738156767
1.9274461142051593 6.265743163921583 -2.531855940292649
2.0133274339810305 6.570738855801327 -2.592602541354784
1.8813304441342935 6.559785585954291 -2.5967989895428913
1.8863602394676318 6.4564160252352485 -2.572904339099918
1.9739222884172314 6.56919854182647 -2.6097501723596865
1.9521687406112282 6.632995319452824 -2.5817963731153046
1.8741657317313654 6.4677356554543035 -2.5998349329766066
1.8303481434817832 6.3877254164663295 -2.6096072495784113
1.9655948057811594 6.476923336946953 -2.588063959324213
1.9458710514979902 6.217760555165153 -2.551401823070403
2.0185118881944812 6.3101514076537395 -2.5505457289649467
1.9387928657156763 6.343540700822328 -2.6224685432532184
1.9092707601261147 6.4919618663514145 -2.58693148107351
1.9293495507468719 6.383480512451257 -2.539771294008185
2.029469233050179 6.376955308719954 -2.581569037535139
1.9278207192848074 6.500782431481726 -2.596317569114027
2.020338058885625 6.340467406443008 -2.5420966798758897
1.9864148647631432 6.358786217445658 -2.534153980517178
1.8783227245704284 6.414371607598875 -2.5648469268870366
1.923411326530149 6.353480107498408 -2.5369806639521935
1.844567092275981 6.411295284713971 -2.5971805296861668
1.939205613675786 6.554009928678759 -2.6164264597739217
2.0037480388422404 6.320807635222444 -2.5395499329636926
1.9311578923759083 6.393463763937586 -2.6212712769195665
1.8886594942615045 6.259169501788431 -2.6252399154436015
1.8268442747528146 6.2718197949295025 -2.568824847416101
1.9435671109125892 6.443681759854874 -2.607189923323542
1.8945871526077815 6.561363716657371 -2.603123314436666
1.9003889284953845 6.57376673699765 -2.6135206737257164
1.9015912028964426 6.424874377495184 -2.5589395748198145
2.0263993904473274 6.389976995699605 -2.561326494156658
1.9722913664558994 6.2990438732049325 -2.601446100980734
1.9932362774189212 6.420386652519707 -2.554483662815886
1.9349504128351447 6.586963965347661 -2.608692437439912
1.8242737243312375 6.297268125715989 -2.5919046402155765
1.9682047709789479 6.3850734774139255 -2.539337951234617
1.9884172910833315 6.554134664894528 -2.556015345783237
1.9150205975476688 6.423206272375426 -2.5571579063331877
1.896085461142295 6.557715632455886 -2.592834093655317
1.9504095822376253 6.218135065007061 -2.562558150206872
1.9589448920050705 6.296574144218592 -2.5387564219973435
1.903142847430865 6.571137352433247 -2.5776971781369022
1.8807663757752935 6.415104114189268 -2.6162251046788896
1.9790875574508138 6.56548658895915 -2.5902371789447263
1.9318121484426483 6.590863628470136 -2.578895268381664
1.8377904321831575 6.330324478583952 -2.614186559954015
1.9060656181941114 6.5533315147916875 -2.573687706640392
1.8758991969198742 6.434515440614495 -2.598304566639076
1.9294987455733472 6.483308892939232 -2.5948108089526047
1.9878015383670264 6.361710222331363 -2.539621879858885
1.9646994737604115 6.436454654622907 -2.5961872745482384
1.9082269489752917 6.463965110778529 -2.6047213840387533
1.9114295665513512 6.580712531289468 -2.5984413123010395
1.9029412805634627 6.424870943335841 -2.562993620987016
1.916261188342344 6.5817730368739955 -2.6000002339898627
1.9004729860886425 6.207904629598465 -2.558960507920295
1.9603939940791888 6.280209955423741 -2.6035779610520695
2.0060529945478 6.250515271420411 -2.5565947008519023
1.9017177978311006 6.242255926709337 -2.5788986897013704
1.8671636102334954 6.209193566405304 -2.5960433639921456
2.0119290463743957 6.316265146262141 -2.5681071996197065
1.904817720626777 6.377043372535972 -2.6235056267586767
2.0094689150594114 6.383001967706642 -2.5832551889207274
1.9014788522665507 6.570265779954797 -2.591975025439261
1.9692383536336728 6.582748093756935 -2.5686146883279886
1.9332436761812837 6.2688262509730635 -2.6120481103666946
1.8532704068508021 6.318138108898968 -2.5689267398227837
1.895105284422166 6.298631203758395 -2.6158530012365584
1.901315143637503 6.220053512973591 -2.5755427290575468
1.9325283819256072 6.5675203528292965 -2.5733655831181066
1.9574023093033057 6.380380285022211 -2.5422558765695356
1.8476361135911337 6.384466759142414 -2.59437919809773
1.982256037963787 6.248143201293611 -2.5433386269913285
1.9395020749613474 6.584117742126834 -2.5890637884535748
1.8986090164548262 6.330730292161511 -2.552523573782645
1.845584293334149 6.372544277012367 -2.5876453691181394
1.9503236798912726 6.3411951877748045 -2.608582505085936
1.9750251203485711 6.271175261889508 -2.5933454250953587
1.8838386785359877 6.389848708538382 -2.6134965716068272
1.9399522397804159 6.436711303192847 -2.5870077592772853
1.9304713982914379 6.253785656186508 -2.6064897176762023
1.836346912467335 6.248243899795247 -2.603112509599486
1.9786162524039774 6.295057674287223 -2.552855161606856
1.884087739770779 6.395673036130053 -2.609437514573132
1.8738055987391515 6.312957492445873 -2.5673634950784336
1.931222315306333 6.380061687853449 -2.6136539672644243
1.88682681754022 6.289288611864422 -2.5594276755429126
1.898302705574455 6.2919677161904675 -2.5544695298820193
1.9765277201286104 6.258883434483717 -2.5507180591356167
1.882133601000502 6.4099429648031885 -2.593608967773773
1.9585122997427726 6.410222878801127 -2.56606603117803
1.9029281850913493 6.400547648841883 -2.570307934891449
1.9330741391438266 6.38416401930078 -2.5542359353305075
1.987456396292869 6.37090662402866 -2.553907894486791
1.9740819868805217 6.400834480969838 -2.569863469928366
1.9917046583286604 6.3262416747040024 -2.565620242868285
1.948531292729813 6.418295473540597 -2.5822997523599422
1.853473969853567 6.355160934187479 -2.589976730110866
1.9352918784025954 6.421958891992793 -2.5778361556825926
1.8573512488714927 6.27706805675288 -2.6038989876707297
1.9325887229451872 6.306688380541322 -2.5577086341657753
1.8836130823965438 6.255807613144748 -2.5610522377637253
1.9584560678973761 6.383939500215229 -2.5564648240076373
1.8639649084388006 6.357893536040859 -2.586015279615741
1.9871130520703142 6.355478189197476 -2.5576677965782495
1.9656319331053507 6.391161242447071 -2.585562803171358
1.9142299943976504 6.310905914571485 -2.562140266183603
1.9099576842055772 6.304326019218242 -2.5951925547401964
1.9672912496365167 6.376987928477043 -2.5934681096846735
1.8670799984622217 6.253588123257905 -2.574423662737863
1.9597770657531384 6.266280362712851 -2.583008542170311
1.9741881710489566 6.369061414998722 -2.5597902519857287
1.8870771168273286 6.300324262921486 -2.578490321507495
1.890866739257921 6.31339996673149 -2.5753742502167136
1.8803784556850105 6.257695288464016 -2.59781837637708
1.9679166541407311 6.337784805196649 -2.5563398530330703
1.9695413904476105 6.358908478982759 -2.5622907591830244
1.9692428131198236 6.27148854487658 -2.559609054503431
1.8795992881409371 6.267902556791809 -2.5722290019477945
1.9448528604465414 6.287120545152686 -2.5807236888721032
1.885943673751588 6.331190904575356 -2.595279764095427
1.9520510951660772 6.321256661250984 -2.5650436440545725
1.9730776900893967 6.36585168494727 -2.5648595121196456
1.96502766632928 6.346859212231367 -2.5650751390582616
1.969045924760394 6.346238465599616 -2.5663286463892794
1.9606311390876145 6.336333034752644 -2.5610459637799208
1.9376841868628438 6.277504891584948 -2.561330571013108
1.8737053781122301 6.26394779989748 -2.5876119066080654
1.9414859945588931 6.316374272927529 -2.5671865537592193
1.958171460284282 6.3450901230139 -2.573519383949418
1.936196353347557 6.251765033768057 -2.5674119897185443
1.898594262707325 6.269394470681618 -2.5734635691129797
1.9009391630716281 6.345911411514639 -2.5759260492436233
1.8921689289340868 6.3555729068830695 -2.5921358509000334
1.9314134081229037 6.275191517178502 -2.5661551677753067
1.9053910422063747 6.248570621000046 -2.5786640352556702
1.922869778241827 6.356357330825354 -2.584715402183985
