mc σc log_fpbh
18.393239260602932 0.5633667406595807 -2.6427054531502563
14.030191667791065 0.8723304404444775 -2.609843061580666
20.191017901164713 0.6987645493504173 -2.906321490024565
18.159251944404808 0.7646424222300815 -2.6505040851999793
15.371652692132303 0.6945482508043492 -2.8127276731153756
12.83989447180482 0.9083167444176744 -2.7224823409851893
20.410316456424944 0.7633441008144889 -2.7457957310743684
19.949166629154046 0.8162511229820734 -2.8044547784134513
20.860398721308172 0.5762575697680529 -2.808320463105928
14.752230997649734 0.7576218581815009 -2.5967086907455945
14.912658196442575 0.9256657437822291 -2.703562966940415
13.678262109742283 0.8301421981970201 -2.7538058243749957
13.974559886749203 0.8210021066981461 -2.6132960305318864
19.596129663997303 0.7917344233320127 -2.740703707682938
20.547980712720452 0.5699535352163766 -2.7835157740619314
17.931892814557344 0.746992414790295 -2.875562317360716
17.520641914591106 0.7449498440207644 -2.640772972298416
18.035351544213782 0.7443984276748193 -2.8757624488532034
20.420572014847973 0.7710868507937388 -2.826679508484708
21.327236524994106 0.6456081414029736 -2.8376995680622445
21.174901143637367 0.6969248372723996 -2.770678665970224
19.195375195831854 0.6952979785800136 -2.879889611433792
18.197339221243116 0.813809737698614 -2.848286846757627
15.194860991960173 0.9081516237509032 -2.7665888074837133
18.110538433282386 0.8584283594561353 -2.7719994046166754
14.59964172294177 0.6828670753588079 -2.702576898088817
14.624994668152436 0.6786436283378189 -2.6465338599137276
18.134013357960946 0.6810593192505519 -2.6426647583736282
15.581939041981515 0.6295034631485288 -2.6919915950951236
14.635763533740926 0.7968406958102079 -2.619282934697684
16.515929339914422 0.779098482325014 -2.842928503928638
19.417050971793365 0.6783136521832673 -2.6796182751226034
15.839798318955825 0.6317109736996472 -2.738560708800573
19.476005662875735 0.7725554750386747 -2.8512762352325565
15.968062735742661 0.7959532355810909 -2.828876278433549
19.46995455542055 0.6306921329009144 -2.8613507843035952
21.14493969474535 0.6559025515125642 -2.760483246836994
13.681947622226664 0.8672289877328957 -2.7265345084488173
13.777065089697517 0.8518671957779285 -2.736589919449143
15.348588503415039 0.7805714079166408 -2.8091149267996167
18.45688133153712 0.6269453219322693 -2.8483015766619157
17.23609203226456 0.5840136696871724 -2.6864287348280884
17.89028426291647 0.76073650551957 -2.6670813210988866
15.747905066597747 0.7387024663128418 -2.6143893365016715
13.716113213592322 0.7808920778988055 -2.633097609851357
14.402388348266706 0.7223793356668965 -2.6229610513105417
17.52321275904582 0.8328384795266099 -2.7097154264714787
18.013375638252345 0.5913881585190841 -2.6664521452689467
19.699475216001463 0.6996083977776555 -2.867414610427299
13.596721901153176 0.7774758719093092 -2.662814961291719
21.084805650001456 0.6637380628367705 -2.7680649219510522
18.7733362016722 0.7098211464074612 -2.6731042626314947
19.371639271677644 0.8013403187687506 -2.8017278954078906
20.868044171781655 0.6510472721768342 -2.8404936551991233
17.13866588448071 0.6035431753557909 -2.6541325655788626
13.999730517321263 0.8653834564936915 -2.665584380743902
14.730552238539952 0.8966512487792492 -2.7130268641513613
15.069153353635778 0.865055416496052 -2.672920163985533
15.440750689506313 0.654307139071225 -2.638617331223443
20.555890346370866 0.6765209611342243 -2.8508980746695523
16.642904382681316 0.6303497643448653 -2.6347488142560036
21.041138392678523 0.6890461465489066 -2.7872357721144825
20.612178688315517 0.6752818509933304 -2.8485596442339007
14.291514372100147 0.8391955878062406 -2.755741008008182
17.90464961322315 0.8382587550492547 -2.741984426723827
13.54397408481314 0.8312326705140511 -2.673379294404814
13.832697570773789 0.7820803723098604 -2.6413688095250927
16.592423069619475 0.6046545360050093 -2.6790907393945944
15.835014235749524 0.8660006760890465 -2.6964894520043448
15.295263202170903 0.8307685884032008 -2.654105741565391
19.320498802238262 0.7960990848241617 -2.800591320740369
15.651957213438516 0.821878242237341 -2.8046424415982334
20.058080390238302 0.6177831727241517 -2.8380063633489767
19.969354734544165 0.6937300354780462 -2.857696895435873
17.366674921252706 0.587106575110802 -2.7320577308104874
18.235375214561927 0.6878636206284643 -2.8584606424614263
17.849876144380886 0.6947162257752505 -2.8542087862567236
14.80932548894642 0.7284643883969522 -2.6212364204276026
14.662256027025343 0.7230869191154702 -2.6257186483080783
17.222090179503063 0.8445275128144012 -2.723918272710269
18.913761603070604 0.6447530140636271 -2.852598496683741
17.599590811416547 0.8100306390174647 -2.8299477451048274
14.342609662602879 0.8245491496662569 -2.6468525193931183
14.658953677414717 0.7629933705064559 -2.75941545628248
18.464228629444904 0.585081155389102 -2.7849363034285344
14.00452981711931 0.7738639682543601 -2.6419320242306625
16.019025257949444 0.6458879001513946 -2.755995864551939
20.930338768663454 0.6383685554189772 -2.8053906887988935
15.448468049567738 0.6497740499057757 -2.6940693996368426
20.96454672843508 0.669810176186745 -2.799473078863026
18.260421110078532 0.8272730350949118 -2.7880705751605865
17.54159459036622 0.788882719097336 -2.684846060147448
18.580738880832193 0.5850140892330531 -2.78466254881538
20.89411898034632 0.6359252913528324 -2.781013891953918
18.71398876528513 0.7960809035347775 -2.740959814991742
18.707745918640747 0.5755365932120196 -2.727642826508088
15.380964861222765 0.7223086665743954 -2.7805415855002718
17.98125725768529 0.6281198463462794 -2.653873316182618
18.383031798695015 0.8128954194000712 -2.809167380677461
14.381504122764326 0.8154610076476928 -2.7469375688295408
14.037016383766636 0.7558698249571953 -2.6682014367702216
20.367103631864598 0.6038156986318841 -2.796546117046602
19.15143112985185 0.5936966183991278 -2.70319909202104
14.254037756025227 0.8480931576200231 -2.6757736596936286
15.768848878617177 0.734169763856456 -2.626645682095197
18.054772227841283 0.5814443718734883 -2.7255893888713474
19.57159422124976 0.5833452929512405 -2.772434145292733
17.610401883046375 0.821367480244608 -2.7231639704679287
18.436333155123144 0.7620520886992316 -2.7011971879021823
14.112898024592615 0.7516039195592703 -2.674624209875965
16.681588683577992 0.8401982144354421 -2.797424659281005
16.966521330128217 0.690387845506827 -2.6357659572560115
20.560716592056796 0.661420753757147 -2.7542142031140138
16.780275521876735 0.8222082111146507 -2.694598371676874
18.134597973823784 0.7331708683592454 -2.8488234999758983
15.438361320689141 0.8697737901270878 -2.7316054515565344
19.795420212443346 0.6923195998833058 -2.846630448055762
15.754087157092107 0.6442125983382654 -2.67239343548999
15.30666112049076 0.6722514766698799 -2.7176858738493683
18.024575549650596 0.663771934039646 -2.839781853181049
16.14648419731246 0.8406804445558659 -2.788826433968577
20.71879905208934 0.6652054758776231 -2.8055874533717455
20.619861409755806 0.6279480686301725 -2.7752500882349995
14.681008264405266 0.7510798277175187 -2.6349942473101313
18.31654202467545 0.591086760896412 -2.7765410673375825
17.493698431803736 0.6027352275144481 -2.76531289540058
17.67235277788336 0.5923145619567948 -2.7456583349276564
13.993800108360361 0.7924107577975835 -2.6733591689684646
18.426601272980335 0.6026137257222769 -2.799264192272515
16.692318433784468 0.6376513979881044 -2.775858026875822
15.270210719063439 0.7647037843922145 -2.6354296605986782
16.92899006975621 0.6052391106881053 -2.7155260176412552
20.223532656128434 0.6429798121113005 -2.7347639493736384
16.4060610637709 0.6298643433935857 -2.7422346270383704
16.86159515594773 0.7728706585488002 -2.825380819531494
17.736045362994943 0.6027984102588926 -2.7753397347557263
16.143953695351456 0.742143880703521 -2.809464279403884
18.729385260065243 0.7981361065678885 -2.777914149723765
17.92578523615593 0.8137500507402934 -2.8029837695652997
18.83157651583151 0.7792964079480733 -2.8182688491740246
16.13393921534734 0.7035323708916661 -2.7982980073954344
15.983755180746096 0.8178140959503654 -2.674795292708264
15.4292032656127 0.6771223856166491 -2.6447364452369158
16.412372892161947 0.8114094188452676 -2.8053624222761044
20.66913229615926 0.663184202314776 -2.787053381153327
20.491216839448143 0.6321705476790704 -2.8047608621753346
17.833273144143472 0.6080192539196261 -2.6737085384297967
19.457604650595854 0.7517236975365171 -2.7511918549694157
18.96758670896306 0.6284003545905104 -2.8293662506599966
15.508135349819728 0.6684191801376561 -2.724654173101708
17.97225494776408 0.6078108420007783 -2.789701636979875
15.96712649879345 0.6533145501181601 -2.6502756613377954
20.006982571157856 0.647032741024717 -2.725961738657631
16.787253912398064 0.7715228233678831 -2.664086983371707
19.23170628958143 0.6153197380486976 -2.819006933206325
19.247433165922736 0.6733481780284187 -2.6965535442315396
16.197643477455177 0.6511359190053181 -2.75676535595054
16.2736501833847 0.8321290469808339 -2.698994794828516
17.537444403106843 0.8249062639876885 -2.7437905055872527
16.885268871182333 0.8042652402215131 -2.8105563961617435
14.386312456944815 0.8299879570648588 -2.718374485574686
14.206695600904265 0.7794485750399519 -2.697803901301694
20.51970551742832 0.6437640477306296 -2.7715321969812825
14.203856899300295 0.7972828042310411 -2.7048761964670325
15.783704331915859 0.8464991330857264 -2.705750194031264
17.65336325011217 0.5939472628193329 -2.723035781618198
15.885395584429483 0.856170443281101 -2.743871920752158
20.062964050333903 0.6056359659423433 -2.77992815119432
14.949783279189186 0.7165236295830845 -2.6431046604642403
19.510832938240668 0.5919767547747983 -2.7496710676206773
16.723012100825095 0.8251696725234338 -2.7072072236497733
20.400338552979957 0.6361183628160593 -2.805131914636799
16.254332617247773 0.6313956688216473 -2.7149437259043756
15.391648197380581 0.7545017305628168 -2.6384716806778297
19.152954948102476 0.5913921788844516 -2.72928442943975
16.461881027021754 0.678264258170837 -2.794180557180206
15.947382208753947 0.8119907231340768 -2.6746668643077696
18.4663784006266 0.7983672823482133 -2.788277772739026
14.690556650939849 0.7390683092632745 -2.6472796519031805
14.946311766678166 0.798002934288807 -2.7586125210052868
20.488761048530154 0.6450366457817673 -2.7966773270013094
15.1645422220101 0.7670696411803832 -2.767489276910614
17.31346518791565 0.6220289532633663 -2.778441608742536
18.149523660113815 0.6307199613867842 -2.6687796495401095
19.9811345936198 0.6305849682746155 -2.8176477929221315
18.155184532669963 0.7909171940188859 -2.729535514585478
16.466816919766323 0.8053559047207386 -2.8018895720013606
14.304693682849145 0.8026128623068597 -2.6719840154331913
14.956780515408669 0.7564409237945999 -2.6417305032902454
20.459674458315682 0.6599349718616635 -2.8039066623550113
15.243615797761802 0.7391437597897645 -2.762890953152003
14.369977322757082 0.8251388229314299 -2.692006017142127
19.75116359527658 0.7372636245762394 -2.8046968798793763
19.980842942452774 0.6967343013226414 -2.825712947608585
16.25240547458047 0.7549228172127367 -2.806169460463668
19.07523938566398 0.6787660265803713 -2.8420803525519975
15.057135913323158 0.8443937885325824 -2.7013064525322648
18.794501993768144 0.7434355361395534 -2.8328202594076783
14.747603443120257 0.8323342311361798 -2.7326274880197117
17.795020076805585 0.6103576963834714 -2.7788537477914153
17.596665590537512 0.6002217321297683 -2.7012472848122373
17.647159003214313 0.7349882386053841 -2.671594123308127
18.229306746497137 0.7680107600665478 -2.7115888707531557
16.10537110321333 0.8443911124778432 -2.7234750038194946
15.071655613086635 0.8480831148646727 -2.7177643794299353
17.522825202220886 0.6699739969530182 -2.822097134790895
16.361018713746738 0.8236067351667402 -2.699615283702991
18.626726939280438 0.5959265757464547 -2.7106730491215627
14.437327827247 0.7955441048024108 -2.666886230443463
17.360791511715377 0.7342727165142308 -2.664399716987747
17.863730798495645 0.6076984256202155 -2.7758493781686138
19.458446922898027 0.7177599377621092 -2.8310169335113633
18.00070139354594 0.663010080761616 -2.8286346795891375
16.89605466089899 0.8328059696563641 -2.7382416693547107
20.110471539614593 0.6247175810861473 -2.800254820296103
20.40542759067958 0.6527692614383953 -2.7743159579999555
18.21298856434823 0.7520988981017042 -2.831179443184082
20.106748877028068 0.6492498416893363 -2.8180156322361256
19.296476967943512 0.7526153320030942 -2.80872472661805
16.12359202440228 0.8430573016114559 -2.7272869857299593
14.827442329980933 0.7871011282581952 -2.6559195962816085
16.112789844308057 0.8451842095963016 -2.7467431012951624
16.75653763066712 0.7014052809806736 -2.810872784740501
20.336044520386377 0.6376711639436049 -2.774246215533162
15.099868480558051 0.7355269385751237 -2.747635434187763
15.97976316232977 0.8455989632757082 -2.732239205982614
15.753629257061302 0.7592175169457827 -2.7873639481179007
18.69130034047348 0.7729378122464083 -2.7440089882714602
19.439486604242102 0.5966454097148135 -2.757523143505213
16.21377255151406 0.8290527345782958 -2.776625574162488
15.327240576787444 0.844472868034652 -2.7365789826889504
18.75761869079582 0.6868042811395146 -2.6890401418295298
20.391654565717907 0.6636316166134693 -2.7847083169743287
17.430440364252945 0.6052310130761345 -2.6995121142885603
17.042146285589787 0.8284937669013362 -2.7439592958718144
15.727367054443873 0.7981640790579239 -2.7822822543756836
20.18764461494735 0.6343128535143058 -2.7574214170148035
14.71428167678842 0.8202753398397084 -2.7296171878553954
19.448409041272292 0.7477919523989457 -2.770827172556505
18.211497527569705 0.7755285617283836 -2.721894434081861
18.134668690886066 0.6944195688368466 -2.8362515656438334
18.960475505036072 0.7712671200629644 -2.790775378095502
17.608522657419773 0.6191612910533036 -2.6741526889023737
14.561186557694244 0.8043154860092679 -2.6739212477381087
15.040467223985857 0.8228393493928217 -2.681845219415176
16.19304180808146 0.6513652917446745 -2.6591637961607955
17.204230986818537 0.8071752377007755 -2.7147583585860815
14.417114280334372 0.7681332127685482 -2.6819684638482504
14.885853121962471 0.7441809701074684 -2.7335646601886543
19.530514458133332 0.7138467853668233 -2.7362219385639444
18.77854195370163 0.642349248575449 -2.687035071702749
16.763264492441127 0.8323287453247079 -2.7410595691401047
20.259078290773544 0.6344651970180737 -2.783396519943632
18.97987577282022 0.7196806912556722 -2.833477918952
14.709322476658585 0.7972931501195575 -2.7324953551317996
19.828780579370886 0.7220513375238721 -2.7737997208252683
15.199375915168238 0.693961719865978 -2.708337371323074
16.96169126011141 0.8085612271887943 -2.7948166289797927
17.024686500733303 0.624597950040527 -2.673739383819135
16.26902002152997 0.8000288366934498 -2.6813730917521656
16.884099558062893 0.6580664360379433 -2.7894700967019452
15.442522664123633 0.7242507010223853 -2.6430256994509875
17.028464807173336 0.7844154228331863 -2.689447892980284
18.994159350370214 0.688205702225539 -2.8359664111843235
15.03111530208831 0.7801445524309748 -2.7507217846730248
17.849624710225427 0.7084869594689316 -2.671410307420512
15.55573725910323 0.8142429011987946 -2.766370065752026
16.333252846393027 0.8350403521701649 -2.7334964064635154
18.980513354821525 0.6018913558484736 -2.7224534959116546
18.593966909931417 0.5955433674734881 -2.753933991919375
18.489917756029996 0.7625451727321417 -2.7271563680909843
15.65946326459132 0.8219693628923205 -2.7633394801067626
19.298139394021966 0.6766960800979914 -2.832369722802736
16.7193399875592 0.7126442154616185 -2.8079546447981714
16.755612787176254 0.6281508317483427 -2.738454360248962
15.745273885019385 0.7372784594246956 -2.6452242514347413
20.255026717163513 0.6513848144311325 -2.7803231711001577
14.81389423629826 0.7929359019576185 -2.667907162426208
19.16338577972371 0.6495217128728399 -2.7026145029260293
19.745447498543943 0.6662331861641594 -2.7307857283724166
17.712574528990693 0.6389232496850046 -2.80100371218077
18.459804090436766 0.7260162038331629 -2.6989584874416064
18.17868239081809 0.6926474011668097 -2.8325439282229183
16.0320401842437 0.8363667045436578 -2.730588639416723
19.475960376317985 0.6076826042041203 -2.781107628884186
16.202932090992682 0.6743986073611219 -2.648895758733688
19.168720973385472 0.646425207610684 -2.704104452640598
15.499017755767959 0.7499156399759352 -2.768160816140764
15.212052747561364 0.7084830966705312 -2.656491115903858
16.382743077119486 0.6967265042594177 -2.7895554451675384
17.436326960662683 0.7935355044008221 -2.800572614633471
19.82515276916253 0.6988071410000183 -2.812815263438983
18.297670199676347 0.6062879678266891 -2.7740923735727714
15.697487971974189 0.6651738189101178 -2.696513711542094
18.045514588739096 0.7220524408792168 -2.8301132167782272
15.001755334908703 0.7097658648896439 -2.6870992962568927
16.030716176519462 0.6615768979540285 -2.7375830775838934
14.794455820819259 0.7294580967248938 -2.6857740963040104
19.63756577440831 0.7197649613468169 -2.7595930722938444
18.5684771212157 0.6693057094837689 -2.8298867691506366
19.8292899906575 0.6902687007191646 -2.815554079803057
18.692278870743046 0.7670513630289965 -2.800675667259849
15.589537707271932 0.8254636682836647 -2.7533483013821654
17.651069230383897 0.6044358781968414 -2.7245899367518813
18.324395921652723 0.7456388175519889 -2.70817909636654
15.716796967477514 0.8036112066713295 -2.6790875800223577
20.176009225642844 0.6532605494431533 -2.7731600244720456
15.04569672217687 0.8215743989617866 -2.729898528589496
17.811038492473138 0.6891721300004557 -2.8251023249103433
17.42427278106289 0.7990866257580003 -2.7927957118167406
17.42834495124625 0.7987455665754908 -2.7930643512849516
18.149820318147807 0.7603796936560573 -2.816682470523954
14.69754487284493 0.8074096510536048 -2.705395629130943
15.085753081852083 0.7930761756895324 -2.746369900524748
17.807294762611107 0.7698672020707148 -2.708560267871359
19.430113738494953 0.6559455123250929 -2.7172340751667847
15.913956450600356 0.8281695072102878 -2.7535350158765306
17.010138165683145 0.6496474728253167 -2.7817050143201323
15.919004343233086 0.8048484530633794 -2.684992519395208
15.375924447560108 0.6941875104144312 -2.7180204825030945
18.965606605041692 0.7566731717981 -2.795072734724747
17.08935821511256 0.8051820238688453 -2.719841025793254
17.730047699995744 0.6661789943111553 -2.815003612891723
14.712981319599756 0.7554420173775768 -2.703593154824797
17.431763941259696 0.6848025574847889 -2.6606364331808985
17.023699068848572 0.7283517517167146 -2.6630081088323863
15.671332625539991 0.8247175846447746 -2.749896479076501
19.41032567823349 0.7369233808797981 -2.784987692809552
19.351731723706187 0.7401846304575304 -2.7788006603089697
16.560901626011674 0.6360039568310761 -2.728304802374691
16.981286442038414 0.634658995852956 -2.7600442794064186
16.17399273711158 0.7765675433022041 -2.6702319972673596
18.929397917426428 0.7534809719307226 -2.753428284549216
18.280983327732148 0.7303745468552949 -2.8259251909417964
15.842334025545238 0.7125016204681334 -2.7680874742399864
19.83894162854061 0.6906415800111678 -2.807763938695534
19.220692116180473 0.7312588700309316 -2.810995732607692
15.793821954818064 0.6744935362369153 -2.729503069670662
16.195964958142092 0.651809963763569 -2.6745889284043116
17.472526751716632 0.8004087847079547 -2.734307279435546
15.232314416359984 0.7876951454801246 -2.6692542005708644
19.951536637172325 0.6849967664805892 -2.7998258030524785
19.05747065150154 0.6045184847149735 -2.7669759763622883
16.191805828647524 0.7408377836153711 -2.6548720391222855
15.801836511804535 0.6666052123937185 -2.679321867050108
16.12174362044958 0.7484788792539656 -2.6568163890910528
16.302318143729252 0.7535224652851046 -2.794032482342016
15.13635047459335 0.7560150630591354 -2.658191215429341
18.229349507412998 0.6238580772778417 -2.7927313149459017
17.67990138327699 0.6167231302471732 -2.6909750192491133
15.430684490300873 0.751927720646846 -2.7590527047649682
18.28300721202249 0.6273826148242906 -2.7974344681760837
15.302842362725869 0.7284820543133457 -2.654287722820068
16.447999384724945 0.8215890739866002 -2.758642235997331
16.991921135141094 0.7326385414686062 -2.810838861204224
16.207448975774987 0.8261931496773205 -2.7347630459278496
16.450745366943547 0.7307905248281424 -2.79662467767679
16.663050900108207 0.6528221471168943 -2.6623220453658236
18.997949055072997 0.6461853630857308 -2.817373899897853
15.934124792569536 0.8049554183931983 -2.7690854317342692
19.973588680931847 0.6725756643906582 -2.7650149392261154
18.06881321591751 0.7562273491661236 -2.7117260298236
14.898845330825734 0.7962847000849613 -2.6856407831150593
18.00824409627509 0.7259395081515195 -2.6902894207171233
18.976650570707918 0.7233331966532065 -2.7278879397655738
15.233686152226982 0.8030789816156764 -2.7413805472022146
15.498500798193383 0.8208650556972077 -2.7106916965677814
19.002568336964615 0.7475187492322014 -2.7948916160822552
16.137514145194963 0.6532667109745337 -2.68685032531713
15.197223988264382 0.7873648973893806 -2.674119791654372
16.572237975147125 0.6622980581429649 -2.659526710765941
16.11471747284891 0.7981000789277175 -2.7749925369359185
17.83651101784585 0.7802621525387127 -2.796294690035348
18.565481887556963 0.6230692005006849 -2.700434160358214
17.89098459529687 0.7668357486034523 -2.715962087578787
16.169993156763137 0.8196644760001166 -2.7214010265327193
19.66125053651048 0.7100859601017515 -2.790355470053734
16.578885465827444 0.6984041269374025 -2.790288970209976
14.902462815487107 0.7539426608576802 -2.7144557354268475
17.32871589512438 0.8037106688747792 -2.744238493305313
16.599796265441952 0.6495342818087816 -2.6693208625502107
16.68027844086984 0.7795367371761801 -2.6875792983169293
18.60856378767088 0.6559681570147812 -2.8179768647002357
19.957285424319032 0.6641865243738926 -2.790093911378454
15.40875860600431 0.7895596000772961 -2.75305422481149
16.412545071885226 0.8188100577785663 -2.752166620201557
17.582374601537857 0.728036227309522 -2.680384784992793
14.844032844403314 0.7911615395032949 -2.7052263788614854
14.967254481012649 0.7725605404265269 -2.6739630271123835
18.731476175632885 0.646008843143721 -2.812995522442542
19.58764276564795 0.7142289745861656 -2.786810264005104
17.540663176006802 0.7967001479255248 -2.744555374186475
17.431053918680455 0.632621373416423 -2.6786157843999048
18.161750918035292 0.6435442007607064 -2.8046412014931077
16.61188809213649 0.7398601853700729 -2.7983186318368034
18.37902212123059 0.7535300252403254 -2.807884117190044
19.530603831114053 0.6799735239327581 -2.8138350345365666
17.11916252217823 0.7367944133344625 -2.8092514308810896
19.87809934689933 0.6717833596994004 -2.763558720689609
16.770637116642767 0.8115947205366597 -2.7342961319836405
18.260490517588163 0.6826214931105984 -2.6851666272045733
18.981119016701975 0.6138004066208669 -2.727470400373485
18.08226543276123 0.7033992271485632 -2.822413236407899
16.895845256638886 0.6959103203562743 -2.7984624225848345
15.371504815458877 0.6973960631402006 -2.6969444012648065
16.836217857609455 0.6438761801534029 -2.6733505450036823
17.617732993562544 0.6275787043550537 -2.685029297023174
18.33168340020455 0.7533307706587086 -2.8073740014158313
16.421941085590724 0.7589209491474507 -2.7911659252180425
19.878999970631813 0.6487667704683932 -2.7847817936639006
19.467499722237143 0.7175653587584592 -2.767167852844932
18.345378113296263 0.7089262147358261 -2.6967245530878183
15.0279485711295 0.7872360963155445 -2.6837670012815713
16.524620825800234 0.812935709107454 -2.7281845488172793
18.30011970643541 0.6987814314742131 -2.8228221939310525
16.05943170201067 0.8093324706582198 -2.759112488800956
19.836420008162285 0.6611775005450575 -2.759558266154201
17.996561429837595 0.7810291860093284 -2.748957632152594
18.79150480367152 0.7550522021616468 -2.7778430013144986
19.206694921781533 0.6548718234576637 -2.717272258487097
16.327272958150793 0.6965625398560801 -2.7758614698776762
17.401545488774026 0.6272738942102466 -2.7591094812677195
15.277344224967775 0.7400925705677722 -2.7364056840370825
15.263506876651766 0.7119036774086033 -2.676366109755639
16.25958648446595 0.6740330493866412 -2.7551391616438052
18.278905722633592 0.7709942174509798 -2.751004766269839
15.340756220130672 0.7741340235403127 -2.671509476050992
17.88246667918593 0.625071766651948 -2.6908569710956334
16.32027905984317 0.7120854085103425 -2.6554226644477477
19.614731397611607 0.7019848932038839 -2.7948034038798246
18.769914903001705 0.7436120217450677 -2.8021646417928707
19.28090110126272 0.6534575881824024 -2.811388568248163
19.010813930904902 0.7414869860957833 -2.7616484573561086
16.070814549322147 0.7058015428623284 -2.6547514508876087
17.297636422466752 0.671444764372475 -2.7984295554590135
17.9490387741509 0.6455473799405307 -2.680184330656079
15.52220068588088 0.7677166957279556 -2.668009232954672
19.365158725165905 0.620099233249919 -2.7463877890157153
16.998496678053485 0.7297894098947345 -2.6698431636803415
19.301195079752652 0.6807878363619246 -2.7270533107677783
18.165752281914955 0.7721745209851377 -2.7451596754492282
19.57760136900353 0.7017542245442573 -2.7971623969235866
19.441293825771815 0.7180000158796096 -2.77204058329876
17.311516097023343 0.7470425687380845 -2.685816817321254
15.130224809395031 0.8025859383486637 -2.7134973751419666
18.217583169681177 0.6913599282212171 -2.6879794572959113
17.489233995731205 0.7876863350451409 -2.784041783444538
19.144126181867122 0.7326514961732705 -2.7610855838425508
19.314926867891053 0.6625689882720961 -2.8126667215325476
18.58478694281564 0.7489218867073231 -2.80137023261302
15.520127743528263 0.7045024776947518 -2.727776953795603
15.733849074608814 0.683346677274877 -2.674418587276767
16.67795934873596 0.7069160446855975 -2.7922916760042247
14.91140583386447 0.7665769802692338 -2.7018465260927136
19.77091055970854 0.6506002976618214 -2.78938261682415
18.56647508896506 0.7557046632688406 -2.79307902184952
19.710208666208516 0.6894693659838612 -2.791488918043017
17.37214749700037 0.6198113831046025 -2.7298391011403984
17.250225050619594 0.6720484817294076 -2.7962186582455972
15.853350728113119 0.7686260547531685 -2.7691632597286713
15.43762684025776 0.7348659546372185 -2.7430735680958347
16.916914790307846 0.7593945692132991 -2.684216221215081
18.412902135626744 0.7658530615426185 -2.7595581088644536
15.533200527126496 0.7136319460076063 -2.6628792494864375
15.848204407494123 0.676298119286551 -2.717512579828825
19.597535864440236 0.6395424667240459 -2.747709572180601
16.567605139826757 0.7143511022296021 -2.789836235976065
19.75645249649425 0.6663464262745692 -2.7933227047522884
19.089836317632688 0.6832675181286939 -2.8167942488406603
16.564013582091654 0.6939682928599106 -2.6580711563556956
15.349923705027056 0.7074958220755286 -2.7053243435937797
19.684005636281952 0.6627971752726478 -2.79768400326111
15.167346024411895 0.7957783842349825 -2.698845057512923
16.237301793908436 0.6608222843393229 -2.7298295559660213
16.290961033647473 0.6523769507585881 -2.7057049683926224
17.958277404555904 0.7131355488876209 -2.6891834052038535
18.83868819746651 0.6311849165307072 -2.7956842252684364
18.799008114592418 0.6589389886482079 -2.8134750182953034
17.942633421390035 0.7761380696678233 -2.7422187383414607
18.86756980142506 0.6422691135089994 -2.7086305624139784
17.697071626271796 0.6834800504909654 -2.8103673446622253
19.2150473156564 0.6431448679945247 -2.8030016782157055
17.6675637683404 0.7860372742721434 -2.7439468489872865
15.79788304736584 0.6760539106975078 -2.6951409730963887
18.05099901360677 0.7768180272920053 -2.7747973189526416
16.249026794870566 0.7773902811937874 -2.7777693607481293
15.959779318886124 0.7479295212252347 -2.771929992741385
16.957221044506447 0.7735188964435322 -2.792077557523389
16.834359845497833 0.7501159150156141 -2.7973949799469358
17.921161355245466 0.6837901157320306 -2.6800872457806095
15.361201118249808 0.8012333376178008 -2.7021002775421357
19.68241810300558 0.6567324425947876 -2.793615339038534
15.97277455915915 0.8099070801338701 -2.744602419170339
15.715105278934805 0.7780455391110763 -2.7596114174863375
15.029446827575656 0.7741810712348495 -2.714041729934695
18.340233633772854 0.6889295482080525 -2.818388500933785
17.036710187824625 0.7945275291994651 -2.7246445898456537
19.348691623339594 0.6433863144361789 -2.7995733562079126
17.174957340524386 0.7994278196139315 -2.7506585042069407
19.280330969511738 0.7229195069116102 -2.783820342078097
15.95926306319511 0.8120082185703317 -2.728364205613852
17.631448336346544 0.7842144982251374 -2.7392022299922445
19.238325960500525 0.6189257626589956 -2.7629024599674183
18.810485627234918 0.6168338280430468 -2.7274686579201886
15.309161527538716 0.7155184404017028 -2.6797366653715056
19.207584496931965 0.7088135544398521 -2.742602444817522
15.640588377803093 0.7425795657923214 -2.754658364731327
19.12871232818324 0.7226390216863436 -2.79771273396571
17.340311759975705 0.6227631720975982 -2.7281275203879867
15.973719329555566 0.8005003076597841 -2.754825163293594
18.56809622167595 0.7569890849581372 -2.7654616542701045
16.11460048924121 0.7635767858380781 -2.7752450758217693
15.382278857063902 0.7886937475031855 -2.7372254882165983
18.4555721960021 0.6180919555563348 -2.7712461548197513
17.191279007866285 0.6279137844521361 -2.734254976098589
18.101401673081718 0.6165295046734566 -2.7579523379118163
15.263607610801172 0.7297537750245506 -2.717751325786736
16.791024650727223 0.6713747458985503 -2.664577880878484
15.30742283618162 0.7279498879666874 -2.7211290551999685
19.258551398036897 0.7207361343442619 -2.7850451580024185
16.372743903447805 0.7799618698374444 -2.7768353162736146
15.911280523493616 0.8046258607900822 -2.7113176367598038
17.168399972638383 0.748949653981848 -2.8008190810348443
19.35004258173311 0.6661209696360916 -2.8060732409057776
16.983780911271225 0.6376357143336339 -2.6894848580119506
16.76323847871315 0.6895217934702886 -2.6623490592435086
15.257467790243156 0.7369688333494284 -2.6749516105150386
17.250989208763873 0.7479999868820586 -2.6894231824758195
18.186152659038342 0.7651300061831369 -2.7470438033310014
18.52069944882087 0.7506707671171824 -2.7906876873385094
16.448827247561013 0.6980471342303749 -2.7754589801844043
16.421911152349793 0.7203851599415796 -2.7821002924983933
17.498741085498317 0.6624686190187175 -2.7932655282694596
19.564313129701134 0.6400688807113982 -2.777278767015469
17.191960183454743 0.6330200625788688 -2.7451864339714454
18.737301393737923 0.6181183388934787 -2.7290437893462274
17.342940350068353 0.7902253820438276 -2.7436010436618288
17.423318762414418 0.7357306867288709 -2.687994277807748
15.519461579765267 0.7536675617976613 -2.746276234204867
18.68790489256267 0.699144122736707 -2.8145839837497633
17.028987025578473 0.6735409082008675 -2.784426336673336
18.571622114823075 0.6669089676755425 -2.7001966189255984
19.29989532950316 0.709118758519061 -2.757868819348114
19.31673056048075 0.6845631470438845 -2.739011614079753
15.881450795594468 0.7864582131230117 -2.6915890862440612
17.864650913834748 0.7666843967943721 -2.7310194348023615
19.43908546621101 0.6337677826567634 -2.7734501081053042
18.79299808425663 0.742654248952591 -2.765941407375373
17.34660883800867 0.7409199087483924 -2.68950816434295
19.313899118875582 0.6734170721412029 -2.7353914205655516
19.559294648328322 0.6510457375650119 -2.7537592715730557
17.912013135890554 0.670906397380277 -2.8053252590448126
17.14977668033587 0.7896588865405177 -2.7699160304450787
16.262472852538274 0.6693954753706116 -2.7374790368778825
19.57615792621248 0.6477745222994534 -2.759171926645694
18.061216684496998 0.6481448976792149 -2.7951840140827757
19.354516245221692 0.6628936267703935 -2.801065735716779
16.366629401917276 0.6700154061564016 -2.671990913677071
18.78556942028655 0.7423199808892399 -2.7768151238828516
18.945462821798152 0.7307260611842851 -2.756886605037442
15.132441025821818 0.7579743047342457 -2.7077888794259244
15.524392608584371 0.7768011324360781 -2.742936513070667
16.51911979061502 0.6581728068012693 -2.7402956077418503
17.419970887477085 0.7711738508192663 -2.7168982263152888
18.263191638444372 0.7607815689987797 -2.7516516066650425
19.256398258469815 0.6726211192905025 -2.733018070028432
16.250790845242925 0.7691366830125016 -2.77335152825204
15.55811286784396 0.7314512039645439 -2.6692165408372213
19.141779359614105 0.7210955411893171 -2.765622695515569
16.97159080568646 0.7145693179646863 -2.6709422177655537
15.462446765676294 0.771517655023713 -2.683086038457278
15.412973043386966 0.722735042651918 -2.677776560772398
16.958429481969944 0.768128484566742 -2.787346860526125
15.394354263130872 0.7849388301566688 -2.7283643427485367
18.080430954413956 0.768764210928045 -2.7629749891991144
17.150478903506844 0.7727525758036587 -2.7095899518576516
18.42593729725671 0.6247548040725791 -2.7133839928992836
16.239323089942143 0.6704256101160724 -2.6773092509916596
18.465103633663812 0.6155475528510809 -2.7376045585535986
16.315302750700766 0.772117538560222 -2.6878703946427245
16.817566860853994 0.7520165526051178 -2.684373017806684
15.937378515259686 0.7362459829483606 -2.6669005838562096
17.514937787170616 0.774673666301669 -2.7824610816265465
16.560813690376783 0.8004795356287477 -2.735811238774488
19.51429775217276 0.6873198804810658 -2.7845740041225926
16.904621646160805 0.6552305787341535 -2.7600453649768504
17.996284604188748 0.6176461482662273 -2.7282009567530103
15.711581492070668 0.6912695214825787 -2.7055693452073584
19.48114146359586 0.6802379296985612 -2.755509376363139
19.302511491357393 0.704251229376374 -2.78981761064182
15.960954892336927 0.7969610773939403 -2.7452615120711488
18.583805840813937 0.7016571510434019 -2.8116591610927015
17.723454489894017 0.776137893891234 -2.7718122939392575
18.200452847364836 0.7297205251444935 -2.7132975619557085
18.915804833268012 0.7327261131599858 -2.7780176654224054
19.271037942575703 0.7083514278784407 -2.786444306245693
19.529386855738498 0.6515725303863188 -2.7811475570516153
18.48219243357967 0.664859181615166 -2.807177491445727
16.486424166929666 0.7511714542117724 -2.781910321044457
15.69698652610504 0.6921577230262193 -2.6988853359503366
16.70926506034923 0.653138709768121 -2.6828931309012756
19.052467584441114 0.6865341373766806 -2.80681906327903
15.594024769889291 0.7061133022140911 -2.7169750510068256
16.8219301102789 0.6966455437083574 -2.7850566108914085
19.084778116201445 0.6960072973874712 -2.735320735366534
15.373756058293724 0.7762154576599817 -2.727240588381465
17.751981272498618 0.6938634770701699 -2.683580661367971
15.58853673673007 0.731787926556802 -2.671310943969183
16.682717216525134 0.6496033342990434 -2.6906673115675517
16.079399795039247 0.7350532424373327 -2.668310777241701
18.386484818987334 0.6781125256885965 -2.8098056271373153
18.49301322801726 0.7010544881666353 -2.7095020510988426
15.647691657971208 0.7019262900461603 -2.716543039248315
16.42738577493288 0.663035259645181 -2.7360841402851523
17.718400336998876 0.7496317677022867 -2.7106523871693655
19.415318263249144 0.6404931826649878 -2.7735704646677974
16.247349870177064 0.6832172418392263 -2.6700059895051593
15.39000165231486 0.7244313027892892 -2.711370534271
19.263101206557042 0.633035724768384 -2.750567223500792
17.608366504318898 0.7410719589445968 -2.700547278488157
16.656957331938017 0.7868091153502954 -2.713220696055565
17.996092100338977 0.7210486422681026 -2.7014192854570505
15.273775902399613 0.7459625711426401 -2.713359636046302
16.88364405985942 0.6634918108430017 -2.765825917312214
15.651454169455917 0.7740248982525646 -2.7450643900265566
17.078118191655264 0.7896768469553135 -2.7589570846831286
19.150133697593837 0.6558866847935825 -2.798251978446135
16.568107445731652 0.6747883204955973 -2.759820886028506
19.06148159107741 0.6812611812910371 -2.7283864951217938
17.953138537168275 0.6740768229097437 -2.8036345953452484
16.02363683542182 0.7984725398326887 -2.727484815655938
15.59893357746967 0.7827593334096584 -2.7361488247342356
16.71252023181456 0.6714874819204856 -2.67165483777732
17.04368949147277 0.6786303746378337 -2.6710799475763176
15.265230463208104 0.7655063415140085 -2.7105724066021746
18.69954936335995 0.6208354901175351 -2.7575852013307856
16.194698429000084 0.7025525461846861 -2.7588923693558174
15.71682339851697 0.7880924785302637 -2.703626508909559
17.9446181365117 0.6829946591439026 -2.687998930732376
15.605754294795965 0.7896140065149301 -2.709888752289781
18.09853824075436 0.76312330965591 -2.763116231888088
16.632968219020263 0.7950491074699072 -2.7443659217205627
19.19327348608553 0.6976039016737229 -2.7946893038843448
15.3461899015148 0.7560906020222816 -2.6880645969947787
16.923539199581743 0.791061868271893 -2.7513006593642695
16.48714266245296 0.7527588323028294 -2.7785943113159446
16.042758417293292 0.6906674820783445 -2.7384856700426448
18.75078578077144 0.6409713977907437 -2.7901696505208378
16.699815595107914 0.7452451910619152 -2.784851032260787
19.475420309570193 0.658833016129853 -2.778300620624405
17.83629923516881 0.759012422031442 -2.7290689614169787
16.27237982390041 0.7822752449618697 -2.760888099256208
15.819947019906511 0.7778482616413877 -2.7479067044312333
18.321132396348997 0.6600034175276998 -2.800403773425903
16.524633241136627 0.6808733494294947 -2.760321133064517
15.652574686709263 0.7377168673116835 -2.741066647057884
16.05917035679594 0.7494621754128516 -2.763962237475795
17.06018739877097 0.7632716077145644 -2.7032237267345893
17.653137768203493 0.6276045379352072 -2.745253384659679
16.634246075086082 0.7030477506319397 -2.7774713892673857
17.011898915967997 0.777265616223956 -2.774170536780913
19.320581967876443 0.687451860694143 -2.754815477833117
18.811673484398355 0.6234143883128251 -2.748888032989698
15.874111437832655 0.7661087681465487 -2.753525257234797
16.396564704379557 0.6824846104803411 -2.6718494550249146
18.655061645881155 0.6579017924939593 -2.710233445637101
17.858557860955322 0.7506364344136038 -2.792447606942739
18.67412090918767 0.7257476731537766 -2.7401084985713613
18.969220098081053 0.7185260705248072 -2.785877584404412
17.515077397495613 0.7774748475088975 -2.7521111670818112
16.10761719973732 0.7667740149598833 -2.6877311555944035
16.764009744666545 0.6466768952015868 -2.709143608698442
18.041916099113323 0.6252880148404562 -2.716479302182964
17.55362574261078 0.6338991172524377 -2.701291534709255
16.695219537796415 0.6786892322357923 -2.6717648030121617
17.4396898806259 0.6334168656137359 -2.7456104138113657
17.839807554735557 0.7453637941851468 -2.7164137158675423
16.028064445558563 0.7440682364883618 -2.6754931420982793
19.05065559366048 0.6394818053739677 -2.781734581987669
15.43979757505539 0.7606374662506482 -2.690521877573535
17.43359313614883 0.6304022874746987 -2.7158701229275217
18.722435612193348 0.6326955958519989 -2.725020533898496
17.075453126074876 0.7244689141351042 -2.792708134405838
16.53593915095413 0.6556382185353977 -2.7034741965049145
15.582883963855668 0.7685482407523268 -2.691358631785357
16.109001346861277 0.7894869705447449 -2.714093229172156
17.005632290283998 0.672665097213799 -2.774451117613584
17.645295480494482 0.7727032695688185 -2.750607277911446
18.769881162757343 0.7196108678346841 -2.7419061988082003
19.213309545253978 0.6878250630982439 -2.7480908221757874
18.076441931810407 0.708373519738133 -2.8055924987705976
16.652093319613385 0.6587639036878611 -2.7388600014396847
17.327950746581827 0.7181324796291444 -2.684818317771567
17.084023450172843 0.7336612683272291 -2.6860831288970624
16.434060985310243 0.7926035945811993 -2.7353341582879174
15.991896108970833 0.6959606947033006 -2.6764225930485672
18.040730274666515 0.6820909547781425 -2.8032553674393057
16.473312450147915 0.7661166447389895 -2.7712353327991757
16.517100384573425 0.7531281639869118 -2.6855562015813987
16.68038426658319 0.7903715436640285 -2.737160831678663
16.879429841349157 0.6741714937618402 -2.7697660516332574
16.837311100955027 0.7552607781631516 -2.7826877908552516
15.765943947291046 0.7217611993301121 -2.73843416752587
15.913031616582808 0.7904055158928939 -2.7201338692374133
17.478192608343434 0.6683484595470376 -2.786943537670396
17.920447189822788 0.7506785579436508 -2.7892063887717518
19.287468094638875 0.6901037747316237 -2.7841289487877843
16.69861908693552 0.7411451001136793 -2.682239255293116
19.418700398918528 0.6722266734045074 -2.7673146372120234
15.645568057540642 0.7206502466537092 -2.7268960736689722
18.026047646585475 0.7489175733666116 -2.7306910752432962
16.97563463264584 0.7285272472683263 -2.7896075642795353
16.46995923986053 0.6636037266743499 -2.6892439347513584
15.909100001902592 0.6988221172764935 -2.67893220909985
18.25834320877498 0.6677692204676771 -2.698704821265485
18.7456025512175 0.6284340235767951 -2.734818100217663
15.756392181410261 0.7130391670495534 -2.730363587439104
18.134209388394442 0.7536677609377613 -2.746913617695409
15.57170126823787 0.7765790422243899 -2.7040396087445817
18.712796976390415 0.6846124452196971 -2.8039362284060694
16.231612719009632 0.75188101471413 -2.7667487867458718
15.91034854972687 0.6878253672118554 -2.7048700701162884
18.38115037365093 0.6343008774445277 -2.713889541408857
18.601153106138803 0.7043365833593026 -2.7218491848350945
16.97464076174445 0.7147754538807528 -2.6773538398616665
16.046100716306803 0.7688884697138033 -2.755881898964417
19.336836952381205 0.6658260623831236 -2.753690432128542
16.364856844667905 0.7654031021143134 -2.6926330249440946
17.220209404799363 0.7590661360297537 -2.784461404664172
16.51403276782131 0.7893309176372202 -2.729314869425943
15.42579205666577 0.7388717425502823 -2.694869203959831
17.070411304259324 0.7001253152908299 -2.7878955709074233
16.250105824883565 0.6835767054977816 -2.740624200121294
16.386038238219598 0.6673901711840274 -2.726970348479676
18.12508961149289 0.7031149107420214 -2.7026656464181533
18.88913899042187 0.6362698995457352 -2.776753236451809
18.61895550212361 0.7023089813239618 -2.8026808244642876
16.80014974738635 0.6815076512405289 -2.7699958845285395
18.05890793482748 0.7068590071773185 -2.8039189589847933
18.60555625074005 0.7365749254149198 -2.7723329230489853
18.66084461475387 0.6716056351640524 -2.7139867762899312
17.272473541543327 0.7361984550459135 -2.693617907549886
17.466904390451393 0.7682268146226439 -2.774482690611719
16.812311283404085 0.7280893532656231 -2.7843524584140935
18.938254644605585 0.6794325904760522 -2.7992053592381785
18.682766031697952 0.6282249543464147 -2.7629763376146252
18.128197037957953 0.7554569149000397 -2.7586970142071783
17.38200396551613 0.6796871379541837 -2.6799410172719345
17.581063092294457 0.7715943402454638 -2.7506950134784347
15.614889498440206 0.7759129720548625 -2.7059065768476245
18.83241632631031 0.6408288541384668 -2.7821343304972346
19.165751780929 0.6970956743374279 -2.7581073464858106
18.604368610146004 0.655912422371932 -2.794852031610157
17.861755063530516 0.6987318460712129 -2.801919927764575
18.603167674201785 0.7124060812736488 -2.798752228259709
19.227771894917463 0.6864789674461272 -2.7545180551705712
16.14548505466535 0.7345503091894156 -2.761534040872263
15.539631137970657 0.7656952092178542 -2.7242261335469227
17.10500885422489 0.7477126185062188 -2.6970556677341695
15.97700160832482 0.787329097072758 -2.723760617930627
17.745107725181384 0.6661646947508855 -2.687810964721301
15.734350417448928 0.7076431797987517 -2.6881753905896164
15.736838171366948 0.7520336075707916 -2.684458652181653
18.133284609230863 0.724509006286952 -2.7989865671589866
18.337383190438395 0.7448784639890604 -2.7530465789038363
17.31256436722888 0.7771183156735025 -2.7499935025702094
16.782877307321797 0.6616026558282005 -2.7484167400662813
16.56638119968774 0.7826439000953234 -2.7553657521690456
17.056849538745197 0.6481273444697636 -2.6946375474918325
18.395763122496543 0.629832624092212 -2.723403733708387
18.457552316684392 0.7031599289270053 -2.7168872148205896
15.974883918698394 0.7533868579598989 -2.6839719653607883
17.008475796982665 0.6758361113834798 -2.773240750399953
16.659105455813453 0.6909050085945999 -2.673296709436179
15.492742537166958 0.7427451124136625 -2.6928917701120527
15.443277991731701 0.748083071569258 -2.7053176589959174
17.051051165992156 0.7774110622381698 -2.762836830289167
19.2054705866993 0.6866976154584206 -2.7842205142264653
16.131596643214934 0.7779948474587394 -2.705203631276703
19.165179048941752 0.6541193302279084 -2.744317805660095
19.135416879162726 0.655312711879055 -2.7843784897483235
19.231187625475084 0.6474233013774148 -2.764505975638012
16.621726522675445 0.656145096216446 -2.7118955234226174
17.093120107693725 0.7696281300824492 -2.772245373184419
16.219009938973784 0.6739393622050979 -2.7097872442681945
15.578611090087204 0.7715324651639306 -2.712813092578336
17.38815134370235 0.7012454634538102 -2.793629241891275
17.014539186390635 0.6628789934555915 -2.682500228711561
18.46151812863024 0.7358661924264788 -2.7485096685405486
17.93772503574052 0.7457482650868249 -2.7873311014803352
17.841279866616162 0.7507395306443531 -2.728614474050854
17.902578604482095 0.7305266402383545 -2.796149873231226
17.761486287930786 0.7351128840338131 -2.710314449240683
19.273287666317447 0.6747467309277919 -2.758591123978531
18.0904740544873 0.7470353520524355 -2.7818050816007824
16.304140612848908 0.6982404888191663 -2.6745827005534486
15.688230325481328 0.7178556000379627 -2.6878053122046834
19.236858890401876 0.6687336757739696 -2.752083579071251
18.702248605489995 0.6354697416725931 -2.7720030948023346
18.009440996560826 0.7210752242862347 -2.7986227929453498
17.0410392781423 0.7774288857689492 -2.7594728272608644
17.286455235329917 0.6863102377126824 -2.7864687818336797
17.912912894146643 0.6780532045210405 -2.7963456333777827
16.37937721584119 0.6991624244346488 -2.757742181366888
19.191584777286067 0.6850337456751944 -2.755912204474927
15.968662156779486 0.6894081530536433 -2.7014898445958693
18.40647606712769 0.626667264304259 -2.7461042536946114
16.90996267735791 0.7309218996857113 -2.7839765253194635
18.318989218100285 0.6530669383779034 -2.7887679028000556
18.592420253231737 0.6589660872186056 -2.793279705065742
19.091462736269555 0.6877675277518118 -2.7878939207306597
16.399788758491304 0.7850336222394646 -2.7285957060460793
16.416500431636283 0.6951126375030046 -2.7568036149231645
17.98496848771449 0.7288519855831 -2.795465167539699
19.045061474492343 0.6891874129556173 -2.7450004481751806
16.066429092198668 0.7840611391838371 -2.725099886106359
18.327749167331895 0.6616659605575075 -2.793686684915966
18.947266049574775 0.709348383171623 -2.7577574131298626
15.807768226631751 0.7758610447583845 -2.7303087615676755
18.393008952885815 0.6313414752586769 -2.7631712797883514
15.696727426696132 0.7166424120745839 -2.7165884423133173
15.8124493794502 0.7765382473919453 -2.710361282895687
18.078779306292724 0.6357599758176262 -2.711803463158919
16.0094932630713 0.7202581381578653 -2.7469138270509603
17.07970388613903 0.6438716832231538 -2.72751329763829
17.036852944895692 0.6613627321628064 -2.759210584450141
17.694021318820393 0.648519680527454 -2.77167401335677
17.54436053804688 0.6654139845859076 -2.687040833763897
15.775494629657253 0.7748558980371524 -2.7108693597478064
16.065117495652174 0.7797457487562947 -2.7135507560980727
18.371833407337803 0.6706443219087295 -2.7968933284521875
18.41960135180051 0.738950137851583 -2.7610827724862634
19.17651805324836 0.6630379809184783 -2.7807626551425324
18.571184104363745 0.7246966802459686 -2.7447454319165105
17.918219477739072 0.657554783751025 -2.784797822334065
18.679601163098077 0.7113215822812914 -2.737670970788015
18.29059263166961 0.6429680685726613 -2.711452985918455
18.263855946393434 0.7416829715025901 -2.747451242981713
17.870684791766415 0.6510236911604084 -2.6976624461047294
18.76372518674816 0.6335179881122355 -2.760500824037754
16.391102890895212 0.7200691216502441 -2.765178395628562
17.30075930724987 0.6478457750345883 -2.7536176426658616
17.797297144391674 0.6305435883812165 -2.7339212600221376
18.766663061236912 0.7126601140835153 -2.746347010730674
15.752510934545843 0.7731996448387796 -2.7216042785414194
19.0305681347508 0.6676457108763035 -2.7387069530256145
16.690564054261582 0.6840559538698792 -2.7614457371698604
18.170289538706065 0.6302188342932251 -2.7526427347833113
16.782290260562007 0.6625075163375523 -2.689197369811648
19.062634914407823 0.6658709381487139 -2.7410195836559503
17.450302097877078 0.7574834365842851 -2.777986571633481
15.78584225350599 0.7412881447256949 -2.736794632853419
16.959082324789566 0.7058990607102494 -2.781275251957033
16.249803668917856 0.7490011902158871 -2.6870148469158166
16.836423029001764 0.7065080375187736 -2.7774564474144463
18.572388232556058 0.7181830553841755 -2.7388072113077855
18.77642528890054 0.6611048279063849 -2.790463958457652
16.629199167082298 0.6760382158108741 -2.7504831134614816
16.18916135812291 0.7565929582613604 -2.6916138221573185
17.033544531555542 0.7652116218068327 -2.7704620438235343
18.92138926484818 0.7034806845707154 -2.751718499381937
16.841246412410197 0.6569865623184035 -2.7370746503766057
16.146714431061973 0.7808983088421463 -2.72794428756473
16.55251384045969 0.772449064752227 -2.712261408398441
15.643747807276188 0.7617379827602933 -2.716944249401858
17.172546072285858 0.7521829906469375 -2.707885552864324
17.03043510111224 0.6679835878617165 -2.6839819971502004
17.7330000510627 0.6370435071288216 -2.711315092146548
19.176651281712978 0.6730762885693197 -2.756587509122232
16.010245856575523 0.7011793558135873 -2.6854405193986572
16.36103738532743 0.6723192296792379 -2.701171459899804
15.711714033986542 0.7560411160734105 -2.7286440679358086
18.754928214200433 0.6580609657818187 -2.787733842136289
17.05156254170364 0.7701854377119015 -2.726401513118197
15.675197829060526 0.7602062887670509 -2.721523957286234
18.739907600964607 0.7035394418503994 -2.738267244581758
16.929565050937974 0.6857688254386533 -2.679411714984092
18.00926915078049 0.7482646488465083 -2.743838277101798
18.747474232098348 0.6808276582221003 -2.726839867292008
18.148037220046152 0.6853271902024399 -2.7972148299674493
18.562315396551124 0.6606447245484434 -2.7167698025154268
17.381759880221225 0.7684045962252095 -2.7457943901783968
17.19721684312011 0.7232900795644985 -2.787010859751881
15.713617830483113 0.7198770875648541 -2.697925607394933
15.989232464503756 0.6964007231536119 -2.7173122130948157
18.286637016503743 0.7312778524309453 -2.7846126880603674
16.015605509126285 0.7161165431015 -2.7407525994477817
16.018207194945617 0.7668133449173569 -2.702204125038591
19.06026701139497 0.6559920745128737 -2.7762200430543107
16.91333477687677 0.6509867439200213 -2.714513817892846
16.987535200019693 0.6919994071446885 -2.7759622996374436
16.473742969912127 0.6848707400458329 -2.6817270188975657
16.486188033028462 0.6729709690247864 -2.7329235672431595
16.942586829730224 0.7627845442481581 -2.769296839380565
17.84744965928646 0.715309011647249 -2.79504961073615
18.2010996442786 0.692242117626886 -2.707917537562559
17.02456008838857 0.7290344456657801 -2.7826948452420446
16.407566906853326 0.7791415851378425 -2.7282872422998716
16.41251479046394 0.7791098462320832 -2.737032896294055
18.891906648966824 0.6406385646530031 -2.756462106407377
17.301218173843104 0.7473447957331468 -2.781242593398738
18.34039207260614 0.6939020326929397 -2.7970282765309418
17.530889225035175 0.7223421722050307 -2.7910924997364823
17.596595043799578 0.6737086789516137 -2.689884902940117
18.507708016500665 0.7293120775692405 -2.7701303144607405
15.861953930046898 0.743573440437397 -2.6895524280871532
16.57390324038925 0.7533601164915436 -2.766695566235474
18.942441568681147 0.6643129691384215 -2.737642208696431
17.021676728241374 0.7704434418095951 -2.758849861411709
16.48676421565572 0.7786027753701823 -2.7334651030035464
16.302057406827288 0.6947279264878121 -2.7438171085393837
16.530498600257516 0.7342507418161758 -2.6852628987148
18.59506065426808 0.6791512287408427 -2.7208024598102725
18.118065801367088 0.7439435956932647 -2.748945064613726
17.180003437903707 0.707219197612594 -2.685923554108123
19.078589523463535 0.666667173814795 -2.7780706446038663
18.603295011570175 0.6346725876821483 -2.754141653711071
15.942427367903003 0.7023079569520355 -2.7166756272340473
16.875975591332363 0.667539290593733 -2.752049707300398
16.705642383595944 0.6669855804836496 -2.691699546720291
16.968902740814766 0.7446158737270799 -2.6988853422997874
18.017501983929954 0.7483659729620284 -2.765669798672027
18.698967115436318 0.6375972104370251 -2.759701983804991
18.667963710153842 0.6920902192230961 -2.72952228242349
16.230574542408846 0.7747095191400194 -2.7387389322062523
16.149539328539248 0.7698362408632878 -2.709238462364728
18.449555151304462 0.6372766025467071 -2.7637598938756653
17.18986831076906 0.6855392611198584 -2.683866359663794
15.675833254745148 0.7514389079096119 -2.708926150113475
16.917267788502485 0.7570400807834764 -2.7084758079863667
17.297503480799058 0.7244072545935902 -2.7865997404745366
15.671954624144309 0.7436912311322499 -2.7144427174781205
18.110091820849448 0.6669813596345513 -2.7033766505600916
15.937676759207783 0.7625875427060036 -2.735632568503173
16.303986913222232 0.6872112515372212 -2.687855112828565
17.788439104638712 0.6354155427410273 -2.7240389814887207
16.305243586827814 0.7010882400056847 -2.74729651897091
16.513944905219425 0.7656111118692477 -2.708912073310822
17.766565108935048 0.7057773523651456 -2.700466011427328
16.597366528936952 0.689524169750634 -2.6813347608987117
17.38433442516965 0.765290330392254 -2.749066639810496
18.05140143906672 0.6573476681571515 -2.781548155188562
17.931553367359918 0.6814393472932999 -2.791591375722513
18.079212263481864 0.745005413252346 -2.7641755958416656
15.963663707436494 0.7010985060642911 -2.70022382516466
16.343033376716598 0.7649843644381732 -2.7060626798528267
18.552144050812593 0.6834977772844638 -2.7932941294682196
19.008019017942154 0.6596339256848613 -2.7475239250735033
16.65911328896542 0.7050920405066905 -2.6804395428556145
18.88669473709417 0.6973454545665896 -2.751337129538852
18.347232820720627 0.7251054936092078 -2.7386101444013438
18.278476541887514 0.6807802940693874 -2.7102127778907343
16.03867533049522 0.7252831750440912 -2.6848865329818374
17.96701839973028 0.7306617139618752 -2.7867007838821176
17.808098088875695 0.6730773585160159 -2.786283150141407
17.940099081151995 0.64226613561314 -2.7625118554341217
17.388263351902147 0.6682463129333885 -2.7730698881561837
17.264894284672557 0.6524623173258838 -2.699119660869907
15.796562733599549 0.7379911379890456 -2.6942693282501358
16.301019143690542 0.7088962406908563 -2.750733794041691
18.223488213370715 0.7226974243052067 -2.7289908624888737
16.315417648762107 0.6998555744584963 -2.68263318394325
18.718266316009107 0.6664625982073475 -2.7277435781143344
15.779253892756453 0.7208287500719643 -2.7083802875461815
17.591684231052014 0.7189054489682093 -2.7018363627163966
16.985700458585413 0.7486199342779479 -2.704326245963494
16.91031944237713 0.7646203814711833 -2.7619836843435888
16.452718161327265 0.7103872433843502 -2.680931899969135
16.0987938151787 0.7720895717420969 -2.724919971462544
18.196495587524932 0.636465894915586 -2.7559555871137604
17.023697413478033 0.7208222812142773 -2.689217041960305
16.43155558939022 0.7194211463312781 -2.6822533551683874
17.973937212968057 0.713281837012448 -2.7924679165138424
17.10111203578471 0.7230067450027386 -2.691715690149356
17.978359227680833 0.6389484426774888 -2.7564155570329802
16.701772553960964 0.7723609444013592 -2.72819341073916
17.38205315330822 0.6535974454917528 -2.7574736635575845
17.2154313511149 0.6969191026388846 -2.686504256535805
16.309245014565203 0.7174648630019249 -2.6824673818195865
18.432460928522865 0.6896052368704085 -2.793122459584861
18.33948064527331 0.7075718629646445 -2.724181156045086
17.781267750914882 0.6371574037994147 -2.741108798605498
18.724482393192282 0.640746888466238 -2.749911073138052
17.23293105242982 0.6801265325261722 -2.6866521428170387
19.04592841926304 0.6806974468639058 -2.7645782930931295
16.004202853761733 0.700379421244217 -2.7024841594605467
16.568659604229058 0.7657641017076483 -2.75447073834919
16.454926371094544 0.773987138657625 -2.733415366443679
16.515848488293283 0.7061479639476629 -2.681526440432174
18.523894383376067 0.7238087693538192 -2.766428689121593
16.593832126211474 0.7218837686470324 -2.684422941546731
16.276323497908983 0.695617362366326 -2.6866046651747277
18.46528549652503 0.6361167144191601 -2.7480037247305913
18.671145648601016 0.714970959308079 -2.759476457262603
17.229436521111822 0.749626008717272 -2.7748836810247592
18.587903414013525 0.7066676979253821 -2.7382517176934558
18.646367104205247 0.6768957641106025 -2.7892292621471837
16.709517078901996 0.731143169478971 -2.7707109179679907
18.700217232896364 0.6674751598122295 -2.785908163763373
16.502090452958385 0.7013484833586854 -2.681998275768747
18.321942562269335 0.6363952198601376 -2.734328734438021
17.207353052628093 0.71506898583503 -2.7829802692357255
16.88198910103418 0.7614225130186799 -2.7626984754481603
18.208204068714025 0.7093215364228221 -2.7200358297520753
16.35739204362631 0.706569313586588 -2.682813372081783
17.068319526868542 0.7239449257346903 -2.6925382937436657
17.21405964556205 0.7245434438414499 -2.782434605954226
15.880320820433766 0.7163947424358456 -2.698176934099826
17.29659687059989 0.7406532461140526 -2.7084423387815804
18.746092926784698 0.6467088608637477 -2.7406708514612665
16.693949675611602 0.7699306473988436 -2.748589814539498
18.53644946547584 0.7143603585288691 -2.7435738381398753
18.66418634324811 0.6888816788200741 -2.78853334303448
17.31885518126394 0.6974517196793955 -2.6893891745493663
17.69647369188944 0.6994634176508328 -2.6984680874023734
15.937982115820851 0.7305615241265088 -2.69129089802407
16.78338579336813 0.7069885601233952 -2.683567542400244
18.779352206278837 0.6560522562273522 -2.736264491169004
17.535710790985405 0.7378128468553694 -2.7145257546584594
18.71416355466897 0.6645732684272172 -2.7303958374281216
15.996495697461878 0.7291745160710251 -2.7369643497994587
18.419891304000338 0.6412994785788579 -2.7301692740583494
17.492434078484475 0.6470935374744091 -2.708027511641366
18.470830419364567 0.7233414580779158 -2.7710660940694916
16.01041381321022 0.7048677368277311 -2.7182574975874774
17.04830512180356 0.7667790778909741 -2.7363597220001483
18.762595359807726 0.6905765634103377 -2.740471490102843
16.662827537191855 0.6678386145576438 -2.727823239919532
16.943175472226706 0.6564719101176657 -2.7270536645814176
17.25708312952311 0.7551141757370995 -2.7232968863914966
16.86494018780914 0.7423270252865442 -2.6996175187914884
18.88626566251871 0.6514664227073056 -2.7606803855041213
15.943152324326125 0.7420924417090048 -2.6959921075549937
17.618665857741917 0.654688252469179 -2.70132818244112
17.688991071523148 0.7393756923176049 -2.723181501298223
16.036503682994258 0.7298873327457635 -2.7387862860748724
18.23030517672347 0.6398412655930865 -2.7573834049706925
17.55523393988542 0.6510438003862644 -2.704192906404546
16.286002631642248 0.7153041858305447 -2.685097345948508
18.54521185740738 0.6428311374847336 -2.761941022291185
18.608836621333374 0.6789896510667857 -2.727593679441706
15.827852141582133 0.7267059274313241 -2.7106268444144868
17.102398744872314 0.7468414745981865 -2.709790101486182
17.739676501404297 0.6924055217729581 -2.7879471102122584
15.884415010509759 0.7425452572403533 -2.7269795004654833
18.327998288301906 0.7274931275260208 -2.7714970914277344
18.57927068440067 0.6442530074211742 -2.737325972558766
18.969755896367275 0.6632659223861858 -2.7592834299648343
17.25534244625397 0.7510976937981662 -2.719585531724155
16.28800275432325 0.7100429151486826 -2.6860016128421087
16.611545918413867 0.6864996865760056 -2.7484647769905584
18.78784415433119 0.6576104803058013 -2.773280928740867
16.00332308891079 0.755215376162202 -2.7070156764241498
18.687156066103462 0.6814474607587481 -2.7339315112777856
16.37145322548539 0.7113044111196992 -2.7505857335248667
16.821844770321327 0.6684029844701985 -2.7404789449264273
18.797058138627566 0.679684873337746 -2.7808743272238066
17.469807160502903 0.6485853995988256 -2.746905894656872
18.74963450383304 0.6477863148136308 -2.754507352831407
18.427364306596257 0.7207205272839303 -2.7723935322189535
15.863635387234302 0.7472807418194208 -2.7132694615350132
17.511551511850445 0.6919077716829002 -2.782977475494887
18.94132874714213 0.6723640338136604 -2.7690349159116425
18.808713364565826 0.6981575071126448 -2.7638444618410523
18.565406425312574 0.7118251331179672 -2.749785510518499
17.41835026545772 0.7477325754107907 -2.7235292677771112
16.64572484396941 0.7453020909442392 -2.699978077726631
18.919880118666143 0.6723406840983198 -2.7712856643384756
18.09073514975118 0.6723560348725179 -2.7080542485306616
17.94543033578001 0.6536190923904839 -2.7699947389200323
16.982304603959527 0.7638004380342631 -2.7322502253845258
16.787392495036592 0.6635629928709785 -2.7216787343201396
16.17414902889867 0.7376693719590194 -2.7450769054674344
16.133379643679856 0.7623369001505552 -2.729558699774697
17.909572169850833 0.7393382706720293 -2.739213507238803
17.27204795444763 0.6839646320699705 -2.6903975600155503
18.909357087973703 0.6790511214686062 -2.754892793605854
16.27594566169097 0.7470725909579224 -2.698580561196188
18.691914101991465 0.6572675449016627 -2.7737551880008366
16.279281178178838 0.7401382593196949 -2.694475555817431
18.355947306699765 0.6926144142643619 -2.7221368901146836
18.61562849855266 0.6545960050509539 -2.7728321282970803
18.17389706422587 0.6713769660247678 -2.7113096806910804
18.414433282565295 0.6845497235883473 -2.7875494221550294
18.706910757112144 0.6649140255888843 -2.777995615390991
17.62463041965024 0.6639002514838521 -2.770825692221521
16.770425873726225 0.7636259535333303 -2.7250655522320484
17.517472154741352 0.6444776942144078 -2.7259691651051403
18.67141108030318 0.6554804522479217 -2.771840115174685
18.088498561578405 0.7069190636373247 -2.7178686942582786
16.625428778944226 0.7146913731761659 -2.7617673416182553
16.21953202468355 0.7481360492201508 -2.7445911531478178
15.983763469065847 0.7166396972287861 -2.7004385087437974
16.380338892221268 0.7046326357407741 -2.745622346160071
17.043629295949355 0.7314699467325878 -2.6995982009209207
16.479958283441047 0.6872162224360864 -2.692499498977162
16.506158650934545 0.7171984310163401 -2.687444321354003
17.11877989854349 0.7550017012837895 -2.723000871716457
16.553651015886466 0.7584387050095216 -2.712572933523105
18.552512554841808 0.7098732339314946 -2.7745015176180496
18.18169230383128 0.6611580503249334 -2.713725841503341
18.013448278514648 0.7241878253178773 -2.7812759389835633
16.415579626409116 0.7173101546529246 -2.752706682663608
17.682615038076403 0.7494012797199738 -2.7526895659634576
17.665081007451498 0.660557916612004 -2.7022932584120847
18.243601419040953 0.7289086836659046 -2.7649629507201627
17.541027854197782 0.6446865698177118 -2.7275287949697367
17.35013709037706 0.6595162993128275 -2.7008027271617925
15.955632501015613 0.7434461818369382 -2.7254762949768283
15.973852554008621 0.7276951587767928 -2.699217050096821
16.071963938567734 0.7385612691270725 -2.736291890085305
16.714408984272875 0.6720772277877471 -2.7336011878497963
16.405355355860795 0.759680141365235 -2.713832736389696
17.026867110090137 0.7520202367683819 -2.716903142809151
17.16028120565479 0.6589885547114256 -2.7035467569677643
18.669284688287227 0.6525086568378695 -2.765590516003482
18.6080793015378 0.6466122744173406 -2.7483784370920956
17.94956704935946 0.6519076928123182 -2.712836350687838
16.053432761858126 0.7086956086092308 -2.704129573290402
16.299811359756635 0.763065406201505 -2.7229453955331304
17.40716894122798 0.7523999946293926 -2.7346670263698587
16.624849890887056 0.6852985763691103 -2.691471632541842
17.148641796112038 0.6662914796735212 -2.75366075160043
17.104003233968648 0.7405049371652654 -2.7086232200495934
18.590012737189042 0.7096315099187183 -2.761780395587855
16.98327173997785 0.6602443563421777 -2.729856960726761
17.996203712074028 0.6979312988122868 -2.786984367912611
16.76095564016832 0.6763752789849685 -2.6953578594830874
16.521973666189744 0.7620724303417032 -2.7420380471640105
17.02390803612975 0.758322148988919 -2.754474340685886
18.090679214084012 0.7187242214778556 -2.781218293061141
16.255453978659006 0.7039438195203502 -2.693880311169955
18.727994388286362 0.6949332621706669 -2.7708709060094296
18.782933819593218 0.6579952038428218 -2.7612933569262488
18.180183335148346 0.6707141434661318 -2.781695717778989
18.128058986202223 0.7294533922532275 -2.7692623873375326
18.850638321800833 0.6665797304122648 -2.7603928714065535
17.95444135400922 0.7280033158648546 -2.776943964911018
18.487243153970034 0.6454396055492245 -2.7475159028393565
17.5007694339413 0.7509629979773896 -2.7421873164965422
17.3230822362899 0.743165213884043 -2.7701525748104014
17.791654615246312 0.6499590864880138 -2.714246065087627
18.093076849489684 0.7242354235698525 -2.77665499866549
16.383752176469248 0.7256727640688487 -2.750656843271864
16.425280808967393 0.688584344784748 -2.698067290495945
16.885426885932212 0.7482047943741021 -2.762317003643397
17.95395975195077 0.7365582101859348 -2.76499987850455
16.255317156554298 0.7518587429816393 -2.7080238938524976
16.315332090547926 0.760873896180814 -2.724951155078896
17.2386083833544 0.737663760566867 -2.711443561375316
16.3201930499515 0.6987081056412614 -2.732393900068419
18.219833194203407 0.7269198306353485 -2.7534199627727647
16.932404242962388 0.741525716509546 -2.76624490369238
18.463145986320058 0.7126418951638533 -2.770431472653709
16.75548468239124 0.7575235385401471 -2.7514187723189014
17.07133819093287 0.7594558668120941 -2.743339197687714
17.089640813238255 0.7053849150836486 -2.7726071516328927
16.22709123332713 0.7498371753463803 -2.7389338301344415
16.78248400393101 0.6832825399523926 -2.7496866303323215
16.97347240914091 0.7269301180500002 -2.7705594937051625
18.799389740584154 0.6765017209252611 -2.75049854360187
18.063304963918306 0.732890845252948 -2.763090969071113
17.106493481827258 0.6781026330483491 -2.6932065414004653
17.02967305808215 0.6594455333232506 -2.7145024002814644
16.906932080206 0.7156945312799683 -2.6927926209132202
16.9742462985346 0.6606372739110792 -2.721394077834681
17.948742667768506 0.7016252091377915 -2.7853663432617326
17.637152448919394 0.7178707818043609 -2.7106229872991663
18.756305306714385 0.6617667356112563 -2.748915797029215
18.791369247643274 0.6838404410399831 -2.7668272041147466
16.760163627547122 0.752917966109084 -2.755130593716288
18.767335884421044 0.6863096249879028 -2.7553726004144803
16.79749230165391 0.7427327287403803 -2.7617728880301193
17.756677179348507 0.6460199460776599 -2.743293826958566
16.252966395224114 0.7557571932244541 -2.732110241816175
16.70682300764004 0.6845519691512691 -2.745292823514191
16.708997252191097 0.6801922051968526 -2.740496512829168
18.06617566486353 0.6521409363063849 -2.719235226498463
17.956654172243166 0.6437919221801917 -2.7417980798536856
18.33452402326703 0.6872660219450535 -2.783564354582217
16.54092197574365 0.6897769189743823 -2.7385132390382263
18.79012948964329 0.6684759466401653 -2.755142276286465
18.174819941095794 0.7231594694829125 -2.7708082544893307
17.45168659962426 0.716922111719763 -2.7789599103329032
17.690945959782027 0.7290989599622307 -2.7762066962950698
16.31319428145887 0.7554919909525906 -2.7173721138853413
17.51751924622788 0.6622931048597973 -2.760751316711222
17.5711455789271 0.7465680656246166 -2.7569435291099618
17.257266695223237 0.6646493015195994 -2.7018132518434763
18.496147833729317 0.6895907062460521 -2.734153395230372
17.130991756680856 0.7280490648399793 -2.7037975696842893
16.54146072796686 0.7140552917588281 -2.753025999031218
17.538162968495733 0.6949501775081605 -2.7790489353223515
18.17760827207503 0.724196877051786 -2.7675230935811133
18.026593221334792 0.7048539463414727 -2.78315711147264
17.00275653118053 0.6639627566278787 -2.708817679315766
16.680390151522534 0.6906794179963505 -2.692751422134637
17.736313564559985 0.6590218598630528 -2.7634519450800576
18.659797722929838 0.6661008219401635 -2.7418033292498647
16.75353832229319 0.6970235654317474 -2.7554904073580957
17.59819788870832 0.7359918862837158 -2.7261454367914117
16.192011434763582 0.7265967591204846 -2.7356358916926182
16.884927989883046 0.7205513036151726 -2.6960345721848062
18.736979516116932 0.6754918186029815 -2.7493598156064145
18.57345059551677 0.6991415165143156 -2.7711517092022113
18.362074447590423 0.6551783197510084 -2.76659004279953
16.46910008934455 0.6899212174745152 -2.7303785681490798
16.889225056090247 0.7510054757822562 -2.718825031954225
17.678521312944397 0.6972746646575666 -2.7809640631633026
17.090315651525202 0.678513196651651 -2.6955165279765563
17.127745466632724 0.7135522246376977 -2.6977408382418084
18.417762608242136 0.6894322841864805 -2.7802062672447514
16.353128276795893 0.7175067031867081 -2.694768380696262
17.443348106758098 0.6611159601899016 -2.7548635681311517
16.723863650567374 0.725968182329177 -2.697099472082474
18.2105940996762 0.6816270495714181 -2.719406896117369
16.248657135362194 0.708328223275769 -2.699993888930421
17.473386898839145 0.716702453482009 -2.7775858962443136
18.35506411188628 0.6518707331119968 -2.7342723251717533
17.521888719218246 0.7301503529018386 -2.718329633044124
17.334139674511782 0.6917378112501774 -2.697050421423813
16.460058960371448 0.7471748114043726 -2.7094042652309325
17.49888607207137 0.7101415091319869 -2.7053815765190476
16.413287033512027 0.6900119663055712 -2.709419862014006
17.746028102413362 0.6647945801900378 -2.7079637821459435
17.018474983546028 0.684583502880901 -2.694746319235493
16.867942905748258 0.670568790932482 -2.707509757269577
17.324378436850573 0.6561023510464958 -2.735988142322829
17.194358533653766 0.6655015093790975 -2.747092869248361
17.8683636682293 0.6785451630989628 -2.777247083709639
17.987570254588675 0.7082303754457667 -2.7801996082861464
16.24959630839569 0.741036357978097 -2.70805920128487
17.310424970638245 0.7430725612842395 -2.7620706609715153
16.817629823614766 0.7505812078137979 -2.7205891345033875
18.59491468393334 0.6897289233054418 -2.769084906286018
16.417536338016877 0.744737165386822 -2.7417325265032257
16.931931570801147 0.75382583447629 -2.7442519062233695
17.425185888933335 0.7453733751329142 -2.7387632403286744
18.371515734028453 0.6660926773099756 -2.7713782103825766
18.445766225909857 0.6653634860453518 -2.7333650622400336
17.62067199950561 0.7286471111819367 -2.771710930064435
17.964943420824504 0.7242189495866962 -2.73679202437157
17.35448286367327 0.6880814936519565 -2.6990376064110206
17.754557121062977 0.6519148449365034 -2.7472754795776666
17.781300060378662 0.7074261310335163 -2.7788626401909795
17.494774394908056 0.7439458877789303 -2.7427006878116655
18.089809362663665 0.6580069083393342 -2.764053042180681
18.241545977727093 0.7077940106743144 -2.736735383878293
17.951080132369757 0.7285506031721087 -2.7443351823620725
16.899147404339452 0.7392992839012963 -2.759209021541962
18.432858528529128 0.6544364974312776 -2.745001228506402
17.086417482774067 0.6707471738122478 -2.7039593240776245
18.51580061074531 0.6876593447216734 -2.7416304515165275
17.870386716685807 0.672315783563431 -2.7724055288321106
18.102434848417307 0.7189497240164683 -2.740583065497951
17.044866817322283 0.7057039090372085 -2.7658210268007215
16.694637085092353 0.7534316111776237 -2.738599817205671
17.470698308549217 0.6546481932707104 -2.7361112679005104
16.531939610529502 0.7421335675476318 -2.746089748447381
18.14359710062897 0.6496375296237433 -2.741329658454462
17.17434531140855 0.7133756421587167 -2.701662262467683
18.003607789860407 0.6541796592667567 -2.724503189621535
18.649606574730427 0.6767139211593353 -2.76073452546506
17.784382971119946 0.7030633162118762 -2.7136790059164078
16.30156979040509 0.7284563192929286 -2.7359686603322806
17.392716981511686 0.6625156387112832 -2.710019311147086
18.145800583277634 0.7152053871324614 -2.7701108973548227
17.395219487950634 0.6642160630112641 -2.751611814848788
17.719406179364295 0.6763767788337266 -2.7714258956362174
18.1023063540641 0.6989451399649101 -2.7784345589879225
18.532220372487195 0.6801694807127926 -2.7412353116231545
16.45020826744945 0.7443100721840712 -2.739865864760337
16.658106096172347 0.752068910930695 -2.7378216139204756
18.11203923847558 0.6716397328638528 -2.773305638473926
16.567251075471415 0.7269226232984071 -2.7007955251552347
18.107161130747613 0.7133569592559131 -2.7723368552185774
17.948009346548936 0.6500953656401571 -2.735324480875075
16.568748889671546 0.7517293895292345 -2.7316675082602986
16.802892955670522 0.6905674661427961 -2.6974857788865245
16.48658122658827 0.6986452191040471 -2.701252953383804
16.752079057759744 0.7433630971225609 -2.751104234851238
18.380302142484403 0.7049443148605968 -2.7492995477578615
17.217299783802932 0.6925082815000215 -2.765882426925968
16.890072920668132 0.7435032321768601 -2.753965619802412
18.244597744579824 0.7043390079415811 -2.7365280423172003
18.282672723363483 0.6805919166423767 -2.72720641123931
16.581296516124013 0.6936187480762852 -2.7358065188814837
16.97430643068877 0.674104416336937 -2.7058607925215967
16.695046177772696 0.688849206389639 -2.7389598088956792
16.413571219568063 0.7146750413168952 -2.7003416495261323
18.440886436577372 0.7018036947401286 -2.7575742042423386
17.33402026144367 0.6646581295274546 -2.7100209315443715
16.6129484573612 0.7414445358340068 -2.7468867936920707
18.392691362357034 0.7044429981675017 -2.7530040350318967
16.485808294520993 0.7059541426104917 -2.699833162192915
17.35922212036054 0.6580026514032069 -2.7297922492842686
18.279415265256972 0.6938592622701489 -2.775046822261362
16.72092194345386 0.7022968026135034 -2.697007065558807
18.30473074184238 0.7098825208657799 -2.7612595610437745
17.98846381641154 0.7048770253362817 -2.7764307749277366
16.598419216693166 0.7501461054989289 -2.7287660167035686
17.569951868307395 0.7232007910028938 -2.719906130978888
17.577951467619766 0.6633876209612521 -2.755533913999058
18.24272704392086 0.7043757266229734 -2.7379236860503413
16.79252575955886 0.7256957254375758 -2.757014614389824
17.090693831478838 0.6880504378218655 -2.7583795531033553
17.144387738058597 0.6637752275859282 -2.7258369515980236
17.557238589252556 0.654814330333571 -2.733933300857351
18.566235677805217 0.6766077982558942 -2.7628443784161956
17.42320993885054 0.6869558348864908 -2.768074732005379
16.50783757628597 0.7434486436453714 -2.7160667594276733
18.36310374063071 0.6572558815041653 -2.7520033305215104
17.92183164224767 0.7275036791468424 -2.752141914386357
17.12495924544297 0.689895943275545 -2.699202994020911
16.342579451658807 0.7294490071601611 -2.7343326867047475
18.220517745999267 0.6538374133909437 -2.745751484260466
17.867546855672934 0.7274383171840246 -2.7610635563497388
18.054396841346932 0.691358714843277 -2.721441395102609
17.55326341396826 0.6648997353052917 -2.71143045701161
18.460281259438773 0.6646141876630529 -2.7436714488072034
17.47218575354636 0.7367225707220283 -2.732814560995683
17.226714140331087 0.7132065117997876 -2.705224943467848
18.23317952520784 0.6832662643387487 -2.7741287953566998
18.283792013865565 0.7075004061027026 -2.748543860550183
17.326726614246958 0.7372296233185883 -2.7272401620837945
16.99018551062808 0.7349228975154671 -2.7577528475528115
18.221724839521766 0.7109471503883904 -2.749330530638491
17.25354905422367 0.7441500900078772 -2.744051860873185
18.035100165890853 0.6535253953999048 -2.7411675526372195
17.24637717509659 0.7097570028765595 -2.76775468574868
17.732680044400187 0.6785858074598009 -2.769254288630064
18.19640745572859 0.6992742884462837 -2.733890845612666
17.08395514439016 0.7065482672265745 -2.701539421132992
17.832621512723204 0.718106080584956 -2.769628529627926
17.384024860251778 0.6670438704295337 -2.7111139710367174
18.208884472411423 0.6881789493267961 -2.7734013630574847
17.3487659973962 0.7398278311115525 -2.734794416354462
16.852528255752716 0.6943022322422054 -2.749237436359683
17.06546522859339 0.7418760914091727 -2.751767091780424
17.354872484803828 0.6875250075895911 -2.703594579591547
16.741556873699658 0.718626199440925 -2.7525509243935833
16.312298014239836 0.7196532687138066 -2.712778401115128
18.09856196499825 0.6576149841038892 -2.732630523192742
16.32310955722135 0.7330759051963753 -2.719415262938951
16.80275147749831 0.7419056939017984 -2.7468496025189895
17.964232349323147 0.6711865679520558 -2.7672539728426804
16.321353049351774 0.7325226638350255 -2.721787148082047
16.85311581086937 0.6798338232041008 -2.732937655084391
17.14719087824227 0.6711884409830147 -2.7414359223808775
18.176950923212793 0.7031698296422798 -2.736784026589347
18.475345498482902 0.6691298529839828 -2.7504453171412617
17.47927457963637 0.6859591130830069 -2.7667007666915913
16.521547096730398 0.6950389870586062 -2.7147632535395747
16.704002738287862 0.7401746178458856 -2.7450140785343526
17.761741357534248 0.7238260906731991 -2.7333588983919643
18.017463998348493 0.6552076263343342 -2.736105943388135
17.0670454821189 0.6990705793987402 -2.7009212116285988
17.519889470636695 0.69416676902161 -2.707624888537394
18.235096075362065 0.6651557961025162 -2.7618892743420673
17.40919358809183 0.732954917050754 -2.72797338640221
16.86617473395983 0.6802514861739278 -2.733444167896825
17.711678001207204 0.7060772226394922 -2.7724889953978873
16.937363246590273 0.7329877880195494 -2.7549900840130372
18.06257703622633 0.7093698596683267 -2.76812450805466
17.01340755197284 0.728994506568562 -2.712552284130866
18.305823420422 0.6941161279743633 -2.7407745035101647
16.75351011573087 0.6956128736272689 -2.7026348194573835
18.40286745273576 0.6938224714293773 -2.755407040007184
17.231501110419362 0.6762551130034589 -2.7508156110911965
17.965628515849964 0.6560223455576921 -2.737610404618064
18.33784619708121 0.6654789160421044 -2.7414616111939623
18.17460361022467 0.6882623162616597 -2.7712673850994642
16.564060193534473 0.7391375616681077 -2.719275373497709
16.89461434065914 0.7380501105503668 -2.719447169636393
17.16235642448813 0.741942063529793 -2.737633276654631
17.61285247959603 0.7081151149692532 -2.7706316597817766
16.8130577513054 0.7349745068741084 -2.7152602380934305
16.76798864050139 0.7307405863833264 -2.749640683991965
17.336830325844748 0.7175900935835273 -2.766005903526147
17.185534297024674 0.7210438217549112 -2.711744289117851
16.946819130446492 0.6756286999234182 -2.7190808171323733
17.10124419482863 0.7284957238235186 -2.7586678490475958
17.127989054071215 0.6696009398512578 -2.7298367765425224
17.950187929184196 0.7195107693091443 -2.757465492237749
16.8099247866284 0.7149499103349707 -2.704236169129944
17.29796179971556 0.6648251332398347 -2.7278013187660854
17.999089187162447 0.6740246989421543 -2.766161723648251
17.767334786193587 0.6711236254370968 -2.716832347225124
17.578898999472607 0.6844084162037641 -2.765730777937847
18.232884116831187 0.6725772977413259 -2.7333377844878517
16.621958123131698 0.7316183781189898 -2.713020049465661
17.055757644787363 0.7418109865539637 -2.736304051175253
17.185865605839794 0.6702686699790125 -2.736677925908533
18.124846006114534 0.6859139325122339 -2.7696508269371507
17.38444647284317 0.7338415113278696 -2.7543721826543073
17.54172046076726 0.7293896049163721 -2.757637506038452
18.06320857150449 0.7083861891896777 -2.7394586601826356
18.29880623972864 0.684202848963813 -2.765381191863705
17.127709625928368 0.7389255912956036 -2.7475972858881406
18.21376881521006 0.7011314344861322 -2.744135514201022
17.94518031246227 0.7178116333581812 -2.7580007604266834
16.650774762645597 0.7147939315021169 -2.7056551357161136
17.216916846761908 0.7369721168870538 -2.7504078518358233
18.224117931563416 0.6643585879238341 -2.7397642682572467
16.597680679638138 0.72904717419733 -2.7401361571669556
17.081894948876936 0.7108346504121034 -2.7064990910633604
18.24830560454138 0.688797956692715 -2.7664591476895426
17.006148640834418 0.7214434074406808 -2.7569936835936577
17.172571786133883 0.6792967318990555 -2.748137263348821
18.02126537105285 0.6635921110698686 -2.7549744859123013
17.606959385584354 0.7295072768455307 -2.752697842202762
16.46489476282197 0.7137260177974931 -2.7271644208589114
16.61380068451053 0.7355078014058544 -2.736034245383294
17.994989506893006 0.6630905809874293 -2.730377190550647
17.359233709249594 0.696292559779005 -2.7078682333816557
16.437540258273714 0.7264630725736575 -2.7232663171080205
17.967669219433095 0.7124312263038747 -2.7392163566371828
17.973310582374364 0.6652938506792918 -2.7561024675510426
18.180163267823875 0.6628771171512811 -2.7460580415363385
16.50390881852987 0.7085301962017804 -2.7133408991699155
17.029759455390135 0.7190901933184758 -2.757035824850119
18.126359262981314 0.6625178740624729 -2.7494625871546554
17.986255633868783 0.6668437594816592 -2.7575690864504763
16.51288152305534 0.7173187895933993 -2.7115167165273357
17.73781469164799 0.6605904081664805 -2.7405415028511877
17.749588713456056 0.6601956962034777 -2.734921749759059
17.034298510918312 0.7185760087477691 -2.756593996882934
17.095194938633064 0.7104957297173488 -2.758405556312761
17.614971553302617 0.7078447316701878 -2.7673200914849714
17.44923643963748 0.7323959807050628 -2.747415353317816
18.08997274359641 0.7059426656582025 -2.743112045865735
17.07848807590355 0.7324230476613731 -2.7515162321745237
17.989237976291047 0.6699311852880419 -2.7272739662104675
17.143959860265216 0.7171131786051217 -2.7121672051830625
16.851867619045024 0.6882955483959309 -2.7348710893467514
17.061976830038606 0.7221187434893135 -2.713901345448557
17.77000042882947 0.6639980435371106 -2.747801862221806
16.533211890234256 0.7083965092446576 -2.7226952735906225
17.943825409495 0.6669278420509334 -2.7543503213532405
17.32411093289066 0.7314019041539275 -2.7508786111437957
16.652268942278752 0.6993162130473106 -2.7143899219917147
16.9947392819803 0.7355285242425006 -2.742585170008151
18.130377197506952 0.6770919785345161 -2.7335732452394295
16.67953319072104 0.719001014884336 -2.711657099421819
17.06578898315138 0.7157853668183601 -2.711587922414057
17.284285889536374 0.7318943155485421 -2.7332268958061254
17.606339279819927 0.688634726922442 -2.7148960527256323
18.192040837126534 0.6705558540850455 -2.74125929141967
18.2868678738335 0.6853123913662689 -2.753162627309839
17.525151613654053 0.7193290550416249 -2.7267200516997994
17.488330991571083 0.7195708423592551 -2.7254650149855926
16.57399559664689 0.7117830385316237 -2.7286027929291983
17.115845475965592 0.6855932044945171 -2.7102231780993287
16.815037845979518 0.6953376406555226 -2.7107191502715775
17.44860426385489 0.7139123416251046 -2.7201492356401205
18.20646588881754 0.6785872255902721 -2.757913017830268
17.1680540240338 0.7234093489497333 -2.719556128145291
16.89165678732088 0.7093709402255676 -2.708954758892351
17.97580456131825 0.6689629269485912 -2.7316995796318118
17.126367953851112 0.7155337038614717 -2.7560440734547047
16.626889397169727 0.7280376043239386 -2.7298697062946893
17.93432750595006 0.711749979077735 -2.747602422957084
17.71221531789917 0.7201368739545804 -2.7431032877129473
16.82820184436371 0.7069602438728089 -2.743508821293845
16.9842435725347 0.6983815505277828 -2.708944138315126
17.74097969649482 0.7021798959854484 -2.7646799807721685
16.58613180350384 0.722088867645966 -2.7243876219115752
16.966501270377595 0.6854874478071926 -2.734189386135386
17.66913104920134 0.7216781477886733 -2.745110819289954
17.336636461023428 0.6983975592518772 -2.759135790673837
16.848789301044732 0.6988615475062336 -2.7399417871204683
17.119725905291077 0.7039322794873197 -2.7541930857580574
17.188877795052477 0.7317403146717928 -2.7424714321990002
17.087183750231393 0.728094164346973 -2.7249994588983344
17.209510393689555 0.7254474953589853 -2.751452637978061
18.0041532810203 0.6905730457023296 -2.7328235628165274
17.93096564343712 0.7081895632593149 -2.74331055109314
16.900519493977686 0.7316929302415967 -2.735311778806505
16.652975094120173 0.7070164046161056 -2.724662998152473
17.1367630114678 0.7210155072920906 -2.719641869453581
17.690526448527972 0.692185436040554 -2.7627122238371706
17.131398283816438 0.7243783999501687 -2.72304892985326
16.806759782653153 0.6937796249511885 -2.7248085863973723
16.940857281405435 0.6889429255803586 -2.733914817312243
16.816654952970758 0.7279657760087481 -2.7362230515247123
18.123383500552556 0.6843067165082287 -2.7557743211241537
16.882011431532135 0.6970186380637161 -2.7373661019467734
17.662167587307774 0.708505142916737 -2.7602745353350597
16.850697382642927 0.714981399773462 -2.7426001892375713
17.367443584883798 0.7261892052184498 -2.7389109940197525
17.18268860341128 0.6782303865186163 -2.7315121639473667
17.860800875852267 0.7101716212726316 -2.7457507001597223
17.232821963598386 0.71199437634272 -2.755000977733942
17.607218914321944 0.6975229843577396 -2.7610693163906594
17.156803469927 0.6874059326751795 -2.7144490962309984
17.638808396928845 0.6715914090103866 -2.745466625413125
16.741838166638594 0.71848503528401 -2.734222171916147
16.76388555195887 0.715834416195963 -2.7179941207938403
17.09582976694572 0.7012775320700443 -2.7127826935582444
18.091573109390062 0.6923059802762227 -2.746802908820672
18.02771394786273 0.6949445073653774 -2.743039917333182
17.283672358206733 0.6898874857837582 -2.7500481463762765
16.86436789682828 0.7035396368876401 -2.7371470194991483
17.155869173646373 0.691595408473809 -2.7149237121260397
16.764949475204357 0.7086180952270306 -2.720174088299283
17.43530205682936 0.6946976599683077 -2.7560926843381153
16.89610863370696 0.700437354338782 -2.7160934270336003
17.985788949406952 0.6767417045415174 -2.7384093298631513
17.79484416492586 0.6968093422453275 -2.72963981850467
17.024261705842065 0.7258743528739916 -2.7382391670525577
16.902946566187982 0.7167443055221654 -2.7193948363611176
17.806571697801633 0.6994662287275065 -2.7320544271342433
17.251223641014025 0.7045174831053181 -2.75308266749519
17.16105324809969 0.7094844083553322 -2.7175329760325297
17.40244542048933 0.7212349948207176 -2.744883922370306
16.7925368301634 0.7082334208767318 -2.729202049302068
17.147376105873313 0.7209652941563559 -2.7269420845171486
17.198099580238 0.7226882130280395 -2.7313201319921925
17.07530453740745 0.7242585525837548 -2.731860299418125
17.888418968784187 0.7004913586328086 -2.7406207798564783
17.52000529554173 0.7157936989995808 -2.7503213772891884
17.572333389233012 0.6893525526970318 -2.722102377336417
17.59335960242025 0.6876105331520965 -2.722786858512708
17.41277814999893 0.6862685189520189 -2.749522159863032
16.84955924593353 0.7021089921108616 -2.7283058019147486
16.907292190760305 0.7014566336955521 -2.7191874429953233
16.986979000160396 0.7054951152654791 -2.717500658535384
17.78266930491776 0.6746931879702845 -2.735937839891094
17.64755040691074 0.6783994964190296 -2.727568618078665
17.411168551142993 0.718482484510284 -2.735388597843519
17.5373755025007 0.7142268374951782 -2.736018889668015
17.710161707872132 0.6967602193444279 -2.755973265639507
17.67470541111759 0.7010118995906566 -2.7555382527274004
17.241233003759042 0.6903939967241948 -2.7193237920624576
17.678829577249616 0.7084205974306713 -2.7379027910354954
17.140812874514914 0.6884034516493792 -2.722447450316386
16.927685137760843 0.7024446690011339 -2.7333793133977577
17.807775618845003 0.6969142400905886 -2.735636261096568
17.034992970633773 0.693878436621754 -2.7223037473372846
16.98462715627334 0.7088096272053667 -2.720730517611196
17.623173852669066 0.7101230389969876 -2.7493212301298957
17.5402541186525 0.6793849356255648 -2.72875819165601
17.59550589495914 0.7029178447834064 -2.753330098175141
17.23217369461914 0.715732310240369 -2.7446859451769767
16.961632787409023 0.7086551218923914 -2.7230435593129867
17.307418186745743 0.7138733443480221 -2.7292003379616325
16.968707536656716 0.7143270717539171 -2.734367476462827
17.26869611254719 0.6912755638573722 -2.7435780372701624
16.981276191991178 0.7028684155753361 -2.7238303623486653
17.617311872653225 0.7086016155716187 -2.7400826485309095
17.19150819373531 0.6972629913812352 -2.721225777156441
17.031118845722204 0.7134155840348956 -2.7364889344650267
17.569730590680564 0.7008328678585128 -2.7516315790942456
17.232179836743455 0.7061442632862788 -2.7242583736829675
17.175185006275214 0.715429517645119 -2.7330586703593327
17.650794151367066 0.6949292402897718 -2.7316126840523776
17.076212837127194 0.7053733330136984 -2.7250988175708537
17.056362903222123 0.7088914667818978 -2.7274286091929705
17.620521065842958 0.7050095267073989 -2.7456423846475735
17.13711336455318 0.7127679220598259 -2.7304767563544727
17.159092012982885 0.7006102551862652 -2.724779133322815
17.107580208154644 0.6982042104659074 -2.73356722960125
17.217830184114824 0.6956576018530715 -2.7269944701267175
17.15790630072899 0.7055538859149585 -2.7278816738961362
17.69440056352294 0.6963792169587781 -2.741407346547893
17.250306699590013 0.7076682952961539 -2.7333283366727543
17.576148428621178 0.7001173154073868 -2.7393010889527565
17.3764706741529 0.7035965066361567 -2.7355142638963224
