α M log_fpbh
2.2521208319780053 6.040010363260496 -2.3871113153418873
1.8151665485139774 4.320995028256842 -2.4020358446503294
1.7476558918473615 7.998033820764954 -2.669838458986397
1.4973472982487572 4.269852647790987 -2.5842877943201636
2.341789249702983 8.574809864645053 -2.617968580602067
1.4836148001372849 5.36627725359747 -2.6647989509429553
2.3813521209619926 6.925181061491085 -2.503763839145128
1.471894126081562 5.627144133609116 -2.615315794376649
2.295880068952826 5.769243922846119 -2.5203008725221263
2.247459294201707 7.054613036427796 -2.466979402244095
1.7470939837226478 7.178114536635614 -2.703538555809093
1.9624357511944481 7.094005686496763 -2.7514151406290326
2.0180391758972624 7.919619467906875 -2.75905276778888
2.352838060839515 6.291492858203529 -2.4658329903883622
2.2793275421468264 6.267183974196364 -2.4294820865912095
2.327618469046244 6.303908189121603 -2.593547089961696
1.56659981235574 5.372874552756099 -2.5306290594577154
1.8799808567361604 6.103301391094285 -2.7699521360085257
1.990421124039862 5.319663055481426 -2.649963952873044
1.5369878027939936 5.110973759817709 -2.6299430313661505
1.911766259817258 6.920859101752589 -2.5214506835301735
2.018012107015824 5.587718467630063 -2.4083539303968595
2.3504393089471787 6.402929633921938 -2.5474336755626674
2.368923721532978 7.483708537080794 -2.511479837925685
1.8835338679826648 6.3994741079380315 -2.7751342640984236
1.8577747451792077 6.062066179616816 -2.4548533425969405
2.220117022977165 5.815392977345813 -2.5626566131596755
1.7673075341550808 6.95620182714122 -2.630372756069476
1.9441543281113844 5.353911406925214 -2.4201701930665505
1.6460516067988076 5.509365294939167 -2.7202130959654403
2.16786114841197 7.89671828291786 -2.727798859812127
1.9953683304762881 7.158502216281109 -2.729208214477092
2.0690363641862177 7.68539746514015 -2.7327884102449893
1.8418812902031527 5.7059656746487555 -2.73448076630012
1.8933957505047447 7.727419529989854 -2.6071723109307086
1.876252177769905 4.979905286511955 -2.441528919578707
2.1225316238640755 5.5491901446755 -2.595555051008298
2.0020033778372635 5.1305112258793075 -2.4426286341181505
1.9032707467316776 5.070699810680733 -2.627131049273764
1.6636331206740085 4.591146307929607 -2.5358573056513407
1.5726998518660984 5.72258886266941 -2.687086745449977
1.6688594129846614 4.990593536837498 -2.659208414886652
1.6957583052418288 4.798721384025013 -2.6290156702744127
2.048559423522705 6.5049365655149245 -2.731029269555232
1.8014322312531619 7.300625889625265 -2.6707388389726505
2.105361923888311 7.143770438022926 -2.700556916111447
2.3075361265119056 6.41408806508398 -2.574108090462582
2.1517542172973028 8.261944460324997 -2.65925731340908
1.9526442803638147 5.160982728793966 -2.611047808497063
1.565558439261644 5.784846866361692 -2.6646084751085644
1.8906512228999857 4.753848768854279 -2.5168580573760986
1.911671486189816 7.525923564280476 -2.7137808237032486
2.298627896818621 6.585409304539725 -2.4809518210698864
1.7907089423623537 4.692325657965707 -2.494120209933482
2.139654730107246 5.921117082892165 -2.442580114811303
2.1804570013104456 8.248534797208851 -2.614885824642533
1.7972810519856115 5.157900428800403 -2.6640823732577936
2.2524752500217957 8.08032365230385 -2.557311842995012
2.2823760905001764 6.8243627681059476 -2.565296154423244
2.05608339405073 5.398715771830682 -2.440608116620919
1.8608418561879885 6.428774699491578 -2.482739051616424
1.8664821383563104 6.0918066008345875 -2.467049436631652
1.5894449600400726 5.64669824140591 -2.5631323529421146
1.6691898695208702 5.557794254704634 -2.507252929713828
2.006847791922073 7.942583168615026 -2.7032768636754065
2.266860347679714 6.774043141333345 -2.564998554362286
2.2164273537724166 8.226934887537828 -2.62733676570129
1.966444327964799 7.473635673620576 -2.7131572743815724
1.952249723665965 7.879199754910328 -2.6138899216162934
1.5690150403871699 5.777283901460843 -2.629139449563954
1.5716628517781297 5.890315331000396 -2.640674374520149
2.227938003309509 7.529550984698769 -2.5196058205116305
1.8856894645574334 7.241671133702953 -2.69940412105667
2.1240671455351174 5.439263190883517 -2.47974012346746
2.1234634481904164 7.6745149963587505 -2.5416965788336165
1.8499500170385823 6.908374198849598 -2.5919510600070703
2.064394977135838 8.006465401231246 -2.6977608281038314
2.015036998311712 5.831595860788857 -2.4394156753397427
1.9053835337619698 6.598013525402035 -2.746966038898246
1.8369238436638309 7.277590760627632 -2.6689757934818683
1.9123273545061523 6.299699177722511 -2.461884774101477
2.3665860256414666 7.887531697691763 -2.6220205802386447
2.1997690134466197 5.981161327231556 -2.5746693294100846
1.6373854294801333 6.218576952677369 -2.5672087028892054
2.2245792222935012 7.8267683305177 -2.5380954393228263
1.875010761752371 4.821450275932771 -2.521549448877101
1.822887343966463 5.919076877350102 -2.731365151823958
2.197714481760597 8.201275397702137 -2.6377115244727385
2.197714481760597 8.201275397702137 -2.6377115244727385
1.7331142698385573 4.905176579774663 -2.6157070901866293
1.728605121688229 5.2350554989825895 -2.4937479235410995
2.0785629906809895 5.524507068097826 -2.438760539491545
1.6108447481968804 5.7743866467253175 -2.5661524777566003
2.1314397685408704 7.2995790020204 -2.690198474523459
2.327799957441953 7.430806704091383 -2.6059854741443766
2.097778319263253 5.856119238982633 -2.445807087705143
2.1551066068496514 7.196457172895853 -2.6680602281823464
1.9165259489307371 7.55319417966638 -2.6082973176585504
2.112583543516535 7.9611851111268805 -2.5649267429778684
1.8029595459161656 6.464805463779653 -2.5104038671236335
1.768913571961477 4.746769523935673 -2.5278906669857593
1.6125242346704995 5.662663572177012 -2.676437010730986
2.2592030871944377 6.642980023474607 -2.6032639676868294
1.8484946669902036 5.0186380992717075 -2.607506945440221
1.6510056653014589 5.630565562175792 -2.5303393035651314
2.1205462267807533 6.05160635300831 -2.453370061917343
2.1528147765218204 8.12453041711412 -2.6551550705378046
2.199486685114013 7.74844676311238 -2.6805322048134257
2.2282909031327867 6.385504473279017 -2.4674842012551568
1.7483889755044402 4.756473467131492 -2.5432191090077048
2.1824308392846463 6.741468373741967 -2.646495532410632
2.04047735825329 6.972566961481067 -2.677335719151743
1.7662512948963753 5.637923567934997 -2.7098963739286974
2.269776276710526 6.472700892823899 -2.5076954794109145
2.327513473545157 7.364968979121965 -2.5703612112641143
1.9017083590577186 7.481069642879336 -2.6151623147096124
1.9480366368230773 5.636076842470949 -2.4410869657689673
2.240584173650623 6.816958433015626 -2.5369019796827823
1.7537611633521606 5.246370730780916 -2.488631757001363
1.765516214060212 5.661723679700984 -2.483391754988462
2.0685635245357554 6.94766098349179 -2.5363765039908968
2.0325442289928546 5.387711573793957 -2.460308154596772
2.273285648289564 6.419217755533131 -2.5623069403117413
2.131359349670292 5.498657008123919 -2.4969650185768915
2.13534909065062 6.027046593852975 -2.4565705115693666
2.1654863716685133 6.898612043911408 -2.5520714248515803
2.0894197080478394 7.4597687624349955 -2.693543462133058
2.108254854523414 7.978240666548987 -2.577866214263749
2.134888774404732 6.27842949282462 -2.4485916589357988
2.177500703446669 8.080585966507169 -2.648751517162599
1.9762130715243218 6.45046453412276 -2.727788609700244
2.1545812280691536 5.636014616691821 -2.5134864266233556
2.0951608319612944 7.9475706691619665 -2.687857494182816
1.8280279103638182 4.935136259977675 -2.4963499907919102
2.1270785812067547 7.533952975162781 -2.5403754500404436
2.028541862056753 5.50987978793003 -2.441071496298763
1.623912023486517 5.696959436499618 -2.559519649505772
1.9817628315602684 5.821023315722302 -2.676725063007868
1.9616073773370868 7.469035113596617 -2.5789497981136535
1.6084261156743858 5.967076096675033 -2.5977515971003857
1.9217338321891893 7.4732634429526845 -2.605359829379806
2.1553329627905367 7.157053754959429 -2.652973984753637
1.9002982724793578 5.715923116654574 -2.692655854392796
2.1647987556544614 7.346179938633388 -2.5229782961431315
1.7791797776812381 4.7938238803890005 -2.5402592742898324
1.9313043888574821 5.644825732704529 -2.44637126666437
1.8787768046693576 4.98402527857 -2.4865459586193817
1.9261097660470654 7.250793995999501 -2.574803356864848
1.8655078817925408 7.033552610169437 -2.6228046136092162
1.7013001976557443 6.196199831571576 -2.544194979351113
1.9517739958088556 7.5603908522351695 -2.6059080036285542
2.3083764546173073 7.821833131035307 -2.5687896559388026
2.0966460104261078 5.619357235935814 -2.5826272613029273
1.7992869904099136 6.8197663316986645 -2.6642243507817494
2.2921079739787165 7.956829919062784 -2.571707111723619
2.228280332001729 6.606907157521342 -2.4842396494666867
2.218720847520208 7.0209134602191 -2.5699353231508173
2.2488652468079047 7.69311907633006 -2.6362666031552084
1.9410854595025209 6.330230317940353 -2.4664474166494355
1.7748747376359508 5.7903417233003385 -2.4935584994528934
2.012252086964464 7.172727265792815 -2.679646850655346
2.2101105137133867 6.812172976117721 -2.536083671584593
1.8869824025296653 6.719923006226354 -2.5283248632747686
1.883439198613893 5.514455150208388 -2.451459328712692
1.7263050939214661 6.378653849792282 -2.7300512832255484
1.6444074207563741 5.148497298570703 -2.575756614280421
2.2821910703741803 7.655798734188046 -2.5967154241161303
1.6779461617118505 6.055862054989886 -2.5504311871206062
1.6946563704154198 5.474174716653807 -2.6817361994228843
2.3084928051496636 7.943012032247941 -2.592766794093942
2.265028418614186 7.680572714461483 -2.5851007087099234
2.2620223105543014 7.706140005423171 -2.614536437390826
1.9306950361480222 5.19568354590826 -2.583707622864214
2.281277460416292 7.474369017188543 -2.579253854279372
2.149389410253032 7.5032428880349284 -2.6703913410246725
1.8174473539942098 4.9110358714485365 -2.558991937982462
2.113733449359031 6.512087558885313 -2.674378027113948
2.071595408672337 6.187552591836031 -2.671004548537419
1.8683019990811047 5.295769642434034 -2.6413821751995865
2.0244640076950544 5.95632453434146 -2.456288386300405
1.707960651463458 5.217710642966566 -2.523685590585794
1.7924328292690639 4.905203751660306 -2.5353200985287767
1.906764139827173 7.351766160531696 -2.6616408953534196
2.0537765127855288 6.601759820861963 -2.7008529551567335
1.838010758495837 5.271129895661873 -2.476388080220989
2.1486523035027973 7.75818566645346 -2.671732290120064
2.0801590854320047 7.96313474073538 -2.661038096596217
1.9701653018038041 6.042466458838675 -2.462648530719677
1.766108117391242 5.985066817721428 -2.7188058584269053
1.7821702332971017 6.748097405298592 -2.6660216536931496
2.186146215730633 6.020436476569321 -2.498908982699875
2.1769940298054427 7.78663457781422 -2.6628762300436293
1.643784642731766 5.277139331572364 -2.561999878431111
1.6754227517047238 6.066450990333642 -2.6993709712172445
1.71487738766987 5.387552946388254 -2.6638513283073957
2.102252149560704 7.140503678471588 -2.652904824514127
1.969821619112238 7.106748459037838 -2.6652563893874968
1.6301408391953087 6.132572755549171 -2.6134894265611406
2.2008563608228284 7.107471810063068 -2.574630111748794
1.6717370437297288 5.108594075803583 -2.5999186049416796
2.194562209154511 6.130874791678876 -2.5688216958137
1.9768698344899502 5.331143900942756 -2.5879948286355026
2.0084167453303765 5.486048153368173 -2.4492646798927895
2.0189115459533395 5.718142153580098 -2.4523079365558136
2.194342523044532 7.68718687856493 -2.5837425281921496
2.2008220629134163 6.50233432553328 -2.491739131664074
2.201888002746225 6.7143120332144965 -2.520077222970038
2.1661074670594616 6.063632990089279 -2.489355848469523
2.016402543312857 5.317099783473017 -2.4859924514864224
1.8489084252950452 6.176923259926824 -2.723116515717412
2.1754091663181274 6.071594836384952 -2.5752027691734334
2.224564095665709 6.387481975566528 -2.597904180716673
2.09753654559872 7.184466234313965 -2.54767176272828
1.7475526716068497 6.575056514491472 -2.7146475491117332
2.249046353409801 6.356008307122639 -2.5651017300345185
1.9878965118643768 7.268623049244827 -2.5657811406820565
2.0604702673430495 7.505758519206335 -2.67255927359734
1.8119938959813804 5.463094995879787 -2.670425549230357
2.03676804880748 6.931332964952858 -2.6223967163058344
1.6732849564237453 5.310915828975562 -2.5430841620225566
2.1754422386321637 6.825650629509507 -2.5977704056218984
2.1313586400002604 7.711833141292139 -2.5910385996815393
1.7126431829292308 5.956871333249092 -2.7037459651805333
2.186321841515629 7.762566581215133 -2.574172131724948
1.8613023235640753 6.385046274413194 -2.4967576557323956
2.0198387437694887 6.2679098495543535 -2.4606639476758225
2.008481259077344 6.278557907439648 -2.7024231881251075
2.071770622087608 6.941253667114081 -2.579648727815044
1.716072899338074 5.68257145607674 -2.6894195985805025
1.9308612591416043 6.67977490753318 -2.5072238460180296
1.8528733315710268 5.832476545550817 -2.4816959151922657
1.9915763091492833 6.539365327438686 -2.491132519783857
1.6485339584395104 5.583030074337513 -2.6537757024210693
2.051332292094537 7.080645380181828 -2.6470460117544987
1.8986807008795301 6.7626664987610425 -2.561083707961301
1.8754518745663709 6.78682165053822 -2.66294342217168
1.905948966171327 6.780588897326602 -2.6692114491701693
1.8698708875435623 5.205258410625008 -2.5993364380426422
1.742457860983151 6.69884418481226 -2.6589291381311146
1.9491299301608906 7.015423615681787 -2.5900221526943064
2.1612414134024096 7.166219980892728 -2.6104732001914717
2.065520036119722 7.559763266238949 -2.5866241714614064
1.724314948152815 6.671816561853298 -2.6297135528102764
2.0162086907190067 6.40291845294257 -2.4731218743583634
2.2255628539641235 7.53295166151097 -2.585161275759348
1.8176003800352711 6.694073690771572 -2.5543231500416432
1.8336297660572651 5.393847291228194 -2.4836591600748346
1.6731984121060028 6.433133458002577 -2.664710412652541
1.8851784987772793 5.430669023726736 -2.6445320503999064
2.2144920056240287 6.316864080279401 -2.5903249554166
1.6672666240565195 6.122266678800286 -2.681294955220821
2.021309108244515 6.201484537998369 -2.681032848303004
1.68692275752288 6.4164627329288635 -2.5894143852583618
1.993356684677365 7.460764017552566 -2.6021307897402157
1.7045549831854543 5.3597291799530495 -2.6448636160919037
2.056663843341073 6.150642368730574 -2.659836550242588
2.143246670008045 7.793343511105567 -2.58996077553278
1.9206227435291232 5.198370173409915 -2.5066249328457038
2.0423374122245037 7.267697485944718 -2.663185686626824
1.6914580983878595 5.199953506962449 -2.588292903378469
1.8210472781474263 5.554294395254342 -2.6732959411701844
2.050197238864238 6.114123542497727 -2.6596835919543365
1.9478910740832738 7.001169590931027 -2.627491215844035
1.811520408642128 5.641686723105636 -2.6827599675927267
1.7046585386555442 6.049582390681231 -2.696228583501327
2.211739137851846 6.240469848740425 -2.537703276691338
2.166507959595881 7.772405381859118 -2.631374240148263
1.993811773259122 7.326010471822837 -2.6592694498872733
1.6577244353284635 5.892867002612951 -2.6646647618366543
1.7309067378834821 5.99499651984377 -2.7009647640151244
1.94627077240923 6.124749313907946 -2.6967415822216765
1.6573439896970485 5.405633611129373 -2.6234052834285837
2.1055778226642827 7.805440864613378 -2.6160201604250615
2.182344228505398 6.23330000347586 -2.4995071864628486
2.0583738077944242 7.524237419450736 -2.652694597141201
1.7870437106263959 6.39550426904262 -2.721637064005964
1.8588249348326067 5.378801892875204 -2.482018000354267
2.0197190581965754 7.312892169233532 -2.659158243846619
1.6707021772156074 6.247266184545683 -2.592021513250498
1.7766876176253708 5.069045888494896 -2.587832232648231
2.129529896520839 7.403052312116403 -2.647543129878063
2.1003732655268426 5.944881498383639 -2.603096904363944
1.9989737983533962 7.468882958522508 -2.6278190803738593
2.223197306222691 6.266799723012497 -2.514877553631758
2.049448378590717 5.686572553017289 -2.6014438838286793
2.1195233026763165 6.725795572170691 -2.5144292552640195
1.896219173671354 5.316444711697454 -2.6117532407602164
2.162461097493508 7.736544498915087 -2.614432287683142
1.6431668359584255 5.780008933201229 -2.6291295718430607
2.134276012749549 7.190345172520737 -2.6039408734988228
2.1840803728761307 7.522057584815132 -2.610318489197887
1.8859095119362337 6.412786782797214 -2.7200087543143128
1.798193492048569 6.668052764963574 -2.6907496789827485
2.1324544772194542 7.35293697190365 -2.644381009716917
1.7925458246856043 6.2392259202736575 -2.716517732438741
2.1908280794836905 6.242001202777774 -2.51003759978067
2.0391766684416233 6.719489605760736 -2.5158505758391954
2.00655603041099 7.131123756557776 -2.6245616728244325
1.810386207821863 6.745542814598988 -2.6272040540688133
2.104465636509725 6.392040207840873 -2.66050183377461
2.084423060805671 7.26693755840163 -2.6482794734756707
2.123343838683449 7.091716796369497 -2.5842317319117125
2.2353923112077396 6.369214518599771 -2.5407639265420077
2.058604623199225 5.822206022944868 -2.6094935909468093
1.9555983737768339 5.5949783042869585 -2.6354738037003353
2.086529514751142 5.842004810838034 -2.486376568785195
2.199620378156398 6.416418123133896 -2.594315424297953
2.030259774545182 5.754466173305736 -2.618741635265616
1.7047945477068955 6.4780359892426205 -2.6035623719457672
1.8492712998442513 6.580050517328361 -2.524014410419454
2.0789962855011166 6.595203827108252 -2.6726901017154248
2.1054253188030314 5.700577340936 -2.5376316440872326
1.824103387723627 5.679736311182101 -2.487875029248758
1.8711402425596662 6.544575237288281 -2.7107105945698504
1.7347817557021399 5.942075240702071 -2.5358063531357384
2.11473201246112 7.200993161240801 -2.6015715632643115
2.0030928960691976 6.196833524593535 -2.679198103194976
1.875796011503994 6.657788378951645 -2.7017373781971603
2.0013843798289397 6.983896897896654 -2.6043636997086503
1.7765395576617928 5.614474451947078 -2.674619438333502
1.77026737851148 5.662030205589588 -2.507004099940053
1.834431020929617 6.282576024427501 -2.5051489680601344
2.036087752755188 7.177663331980286 -2.619187293831242
1.8314440407127104 5.094530653084006 -2.532142228159245
1.7777124056253268 5.076879791496459 -2.542982840319594
2.160700940016414 7.324962510772158 -2.5735255813539437
1.951629033411986 5.418785368456139 -2.4723429699628086
1.9607293862825128 6.36991148758168 -2.4821751133044647
2.0855066612171758 5.618158512091419 -2.5179300243821885
1.9429721072190267 6.395819868798385 -2.709272931199482
2.2166715736989664 6.30560669530686 -2.540033116405642
2.0373097286944217 7.330564789984053 -2.642820394053281
2.101911020355697 6.307895139927648 -2.653774380094161
1.7625383079073271 5.169029103081229 -2.592060838930604
2.1773336998735333 7.420940046930152 -2.5991628193800898
1.8083192307858111 5.849597851477353 -2.6885072806379005
1.9540730848426482 6.368025691286224 -2.707133439333238
2.066735319755135 6.821873322705965 -2.6294448372008574
1.885201655498391 5.326495323615953 -2.487573556185925
1.7123594712164567 6.563851530430366 -2.6579345009080826
2.2041443329543124 6.481336541589887 -2.572686909979282
1.8913770876755516 5.62731379127656 -2.4742991117228303
1.9725917045215262 5.298821127195339 -2.506921362690658
2.145174797248022 7.294673000313651 -2.5768304237298296
2.038264178778515 6.307960817691935 -2.473138790527479
2.102340002989885 6.500029553612493 -2.4931353437012858
1.8186010278815345 5.777411860544856 -2.6803719665984476
2.03837433816782 7.42498893464182 -2.6289118326315863
1.838755426129199 6.217954166654928 -2.5095577837081056
1.9824255717477532 5.951373861618139 -2.6579576378799445
1.821728513159095 5.891020557638732 -2.6890722740454933
2.151640779049497 6.294449431617939 -2.4844131432924135
1.9166267806015114 6.7893814288094205 -2.5893203187557274
1.9276082967447912 5.912276789750766 -2.4826477788621872
1.8609970769867585 5.14230247259534 -2.5380117363365686
1.8310184913352683 5.743192780122377 -2.4955100503551675
1.6778566820117011 6.186998103363939 -2.6496362399211613
1.8022354062868788 5.27038719419949 -2.517984363723734
2.05454405456121 6.827794420316932 -2.6280547668331584
2.0920677160452414 7.4253204113006515 -2.6266182310984867
2.2137084396446234 6.35005352618186 -2.5545291655186757
2.084116951386658 6.781335890082419 -2.599664670195391
2.213503534872353 6.387693277007566 -2.529576751481078
1.8441971682870002 6.462353424222368 -2.710102474154051
2.1045800701896766 7.405591349631364 -2.5938980352939955
1.8752274241016236 6.544837599630201 -2.70174100346659
1.9436126043928788 6.64050604007968 -2.694104330606178
1.8489901796245398 6.520642286956141 -2.535984964496564
2.1050154215599126 7.29245212296856 -2.5817825209974856
2.1339905858388537 7.302572013757476 -2.603011679866896
1.8383139727241755 5.188867480962563 -2.5635424134254117
1.9224704644005324 5.660086664961398 -2.6460884272834586
1.9521432903065952 5.8985562333020445 -2.661724167660521
2.0248981465724447 7.291469448211927 -2.614986122406774
2.1327883888748387 7.376707962459421 -2.5958980885110137
1.7779057386693131 5.1624642995536725 -2.567531802693873
1.9990342555388714 6.294345322070734 -2.6884882513863384
1.6893948118397617 5.956551851666192 -2.6643579932444683
1.8064288974384395 5.371301168308391 -2.6280969790712234
2.0870607081348784 7.336608571281896 -2.617151678967518
1.887002429633692 6.357641696603249 -2.501191859784604
2.1047437985441233 6.1124758946723965 -2.49504109207958
2.083718321579954 5.724931594817879 -2.5072348219591722
1.7082104503538509 5.608718513967854 -2.5442448559273183
1.7789767949418955 6.659767882721005 -2.663067782613169
1.9866399574335438 6.229900176170009 -2.485347070427984
1.7996515659037593 6.369864540714791 -2.7110812574909935
2.105261415103144 7.3856432608066935 -2.5986351310793587
1.6852357341935171 6.175110022560041 -2.6503422513758013
1.8287530347900547 6.489656909416183 -2.7041652005099355
1.8045710408138835 6.3037640980316 -2.7115561724512656
2.099620380675967 5.896258710272161 -2.505971681861949
1.9217724860393925 6.387746973330666 -2.706301548198918
2.0562279383224116 6.052914784659428 -2.6312473510850953
1.6935200683839176 6.1995677017295066 -2.660778068637301
2.0080831215581476 6.322415001630615 -2.6854849944082146
1.7592525687167255 5.238203964538236 -2.564927053436948
1.6890396007911836 6.182496934130144 -2.6536340945836168
2.050472792283978 5.723502152474399 -2.5839622683489587
1.917536055318108 5.315179994803131 -2.4994911850696804
2.0653574061544075 6.779758836341049 -2.596279173675753
2.138148172521521 6.70456145465718 -2.521996016813163
2.1382287623426244 6.752927969426844 -2.563528136444078
2.041964590932623 5.6052871451933655 -2.566103936640288
1.9607861112880114 6.678021124657936 -2.6878473075942884
1.7926892764549551 5.946463951129258 -2.687762151181066
2.1763882612630057 6.243038336662721 -2.540288635769432
1.66984001876756 5.565847195620903 -2.603846449780635
1.7635074626098226 6.346014846769124 -2.7034159252353276
1.669535642018472 5.748977187105518 -2.6018060807734393
1.8727706340917514 5.894560538319608 -2.6770567545513617
2.035481961073464 6.022667310769243 -2.638403984608752
1.9870506624654012 5.497712934786655 -2.479067903058099
2.0654746553842527 5.736953488461047 -2.5688160232547506
2.1343674092455918 6.685762975454558 -2.511735539590151
1.9670713015612522 6.163372292647293 -2.676641092999853
1.7434212245770366 5.593975428244924 -2.6576963169786625
1.7922493882606338 6.500612164474886 -2.6950598204976077
2.194082178925542 6.66366126389011 -2.560105945675204
1.8851634243813034 6.6859798987185215 -2.689847989886175
2.0055444272615794 5.987262648149602 -2.6448690467462423
1.994950998808481 6.394981543335154 -2.489335132915522
2.0017254396239585 5.432871302794975 -2.515266168148942
1.6797185123911675 5.579697632416519 -2.619639816644296
1.6858299833089765 5.6981928693985315 -2.6393661359992064
2.116119556397309 6.0897023096751965 -2.5805177603930916
1.9518160970160396 6.811597601739463 -2.592936592215229
1.7111585511095166 5.8293849448822606 -2.5621040478545147
1.810020657883823 5.489645540552345 -2.6461726380716195
1.7870048318108127 6.199150723200408 -2.540041465525806
1.7328293366638734 6.321230469800986 -2.691319353158161
1.9067035596631912 5.792343132667152 -2.6558900641432164
1.9371205513231744 5.306600360173591 -2.5211250941120538
1.698881695604607 5.5360076756763394 -2.559018519315325
1.8514978535904938 6.084718486485082 -2.6896976453177768
2.0461938530052537 6.1505916338071875 -2.4940097895338615
1.7809817304755546 6.176842557975926 -2.6919241617369662
2.1378337919685544 6.151827172494507 -2.5412464473330676
2.161789748529341 6.315288295764686 -2.5021343277854697
1.7163797670762975 6.13174618865975 -2.577725966727308
2.063320856644217 6.309525838065868 -2.658900812483556
1.67849916065758 5.761901891813807 -2.6075627621042132
2.0069128398087406 5.4687841016028464 -2.5161167248094345
1.780036365075367 6.017161688467137 -2.53231183192678
1.7190088879744454 5.8949460317759055 -2.562172415237999
1.7192110020575044 6.4012660944192055 -2.5949888917633412
1.8044805821610799 6.24397706641007 -2.699362027749536
1.7785886106782645 6.630604172970249 -2.650901886686109
1.681882991421435 5.962059105727186 -2.613394612270409
1.8667571693634168 5.7627838429854386 -2.6619525759742313
1.8256581462822534 6.369037885865946 -2.526072187835689
1.7032492162511705 6.223259527561084 -2.663517951975871
1.959581735464683 5.768404815631891 -2.634552286317679
1.8539726379591381 6.0372694297283935 -2.68698881486661
1.7874061054667831 6.646141300299812 -2.6351978433121115
2.033233787976611 5.568242887753314 -2.5369816198456885
1.9025429923512673 6.131821519049483 -2.6851889674115803
1.707537501533024 6.387825425823182 -2.657905928726959
1.961743305190799 6.267211540230152 -2.486270801028456
1.8886132832461922 5.796365521412289 -2.497032050291426
1.8385380888414649 5.411027481382239 -2.6184941347988318
1.9417772265404722 5.593155037280159 -2.6202531141921415
2.006184955098664 6.820016872990539 -2.607840809575514
2.0170363333372503 6.823827558454768 -2.5999919820201125
1.7367886421743237 5.351861852815716 -2.6020863950265793
1.860472044775193 6.473692135311219 -2.533121855204155
2.122472157910661 6.705834488092901 -2.5289841850957417
1.728363495827875 5.356480588406193 -2.5709920283604464
2.155866472839824 6.570866959005443 -2.5093977475228417
1.9730384306456776 5.640972226088575 -2.611340302785834
2.1573604514778717 6.5794519454141955 -2.511062795897833
1.9952474242392242 6.817766670011716 -2.5989846507651455
2.0662420742576497 6.5392392797879575 -2.511205118975386
2.118251063836764 6.218830288211834 -2.6072883241700873
1.7028660247095302 5.779241576278753 -2.576179721927871
1.9831761751731867 5.437770810864821 -2.5457745611673976
2.1675332387716013 6.63476176834582 -2.5701720063927747
1.9792695706586518 5.583819210846826 -2.594435631152947
1.8510764310432644 6.6324501419120185 -2.681405206713695
1.8249304230924461 6.60149299905255 -2.6874468384649184
1.849134948380434 6.536746476027911 -2.689162523380159
1.7125575986726496 6.4139667882067695 -2.6407568213815256
1.7580025657577156 5.969335021635615 -2.5449922638089415
1.7887661141633182 5.39132085785012 -2.6143512316625146
1.7658428735700429 5.279943055466951 -2.596630971647716
1.9270624995926693 5.893305406316287 -2.493692335225309
2.041272351738522 5.700668851883058 -2.4977536681614376
1.8496627167199933 6.534150252212438 -2.548596469432341
2.1003242612341193 6.567396485354914 -2.6474675353528543
1.8075779043814877 6.654954444478308 -2.658430972774093
1.951002853193867 6.27744236979938 -2.489710234245264
1.911201837480653 6.267873852318418 -2.697960454151982
1.7520035002246765 5.432373225027305 -2.6273199028590155
1.8695380892957303 6.684201125185188 -2.6798480793385155
1.8531503956865212 6.277407066641295 -2.511948387665898
1.8027609938883917 5.309277576465234 -2.5273502987393486
1.7702758180215765 6.181481147890636 -2.683597395193501
1.8033279628916987 6.239954619110234 -2.5377674741078766
2.1776437572983087 6.60621679453906 -2.5849136556910874
1.874173038279456 6.730475614063057 -2.633755492839694
1.724130127249616 6.301188004802626 -2.677288211279724
1.901336797683411 5.851201670053992 -2.6571628871058017
2.1628802820014537 6.407294750213996 -2.5211730802903674
1.993137253601596 5.906229821054344 -2.6316211808851495
2.082727941428188 6.720419246439028 -2.5516436451928035
1.9313097151685614 5.39516836328803 -2.5659740644093305
2.0672875416241547 5.941616662747256 -2.507676639760602
2.169219213215576 6.60833733403568 -2.593379158534222
1.9771755976280119 5.990314504355968 -2.492499595478402
1.9809817555135343 6.555376629336354 -2.5075994784678675
1.7467564721319255 5.316963021238489 -2.5744659486126134
1.8481482356387102 5.743939245545062 -2.658075863849481
1.9007609675827144 5.621444889041326 -2.634197782029955
2.1273500231793365 6.5433237574914145 -2.613222138238185
2.1322577186390688 6.505932910199881 -2.5212832406335624
1.7573453078484138 5.387805274940401 -2.554398539916339
1.852910567047616 5.489115766748643 -2.6300733019621827
1.8885959027574604 5.345727301346755 -2.515386598443383
1.870239644387849 6.60050064459389 -2.687888902423719
1.818261818279982 5.898436056833572 -2.519206457863506
2.1516408644905054 6.247716754550307 -2.5432114173131852
1.847652326440203 6.427120524183284 -2.534559259586576
1.7790048365699125 6.494521655201654 -2.6754227418763783
2.116960995524029 6.312051571648402 -2.622316501877596
1.699634146285642 5.805089363703246 -2.6064972050616873
1.9010777652442261 5.317389367315667 -2.53122680370839
2.1416671051170164 6.245515476552825 -2.576320276114475
1.9675932695097345 5.6976410198583185 -2.4876660354606734
2.030666509524241 5.597535122078879 -2.5211422815189755
1.7578579799829068 5.799909390690482 -2.545931945059869
1.7881599709667193 5.898118865597552 -2.531702055156929
1.8272885064496385 5.388021278276678 -2.601507538709229
1.8600145523077884 5.521783049625549 -2.630978981070186
1.846097115770859 5.662308105261182 -2.5034572270275466
1.7138807131371114 6.2460665544887375 -2.6541952818649444
2.0389395130797623 5.630393978399507 -2.5277185844485537
2.005282471973125 5.53073113901606 -2.50702161751373
2.1033862855194663 6.4978809482049815 -2.5139593872369517
1.8790260456141499 5.638378299271425 -2.639960212167952
1.779620802152704 6.488212505959899 -2.674597099335059
1.8052305891157263 6.307099923276432 -2.698406795160994
1.8779984803059455 5.676574098106018 -2.644849363232845
1.968198993260248 6.566303919775877 -2.512365617085929
1.7116150949056348 6.32392515349647 -2.661024306158895
2.049188127910459 6.58024456669576 -2.6639741494197358
1.8695775461891664 5.71819631318834 -2.6503845600292504
1.7599934219927706 5.336599006033943 -2.5863535629371333
1.882409042553015 5.6072454097916715 -2.634466434790429
1.8447620852740114 6.216329855457943 -2.5221963059770593
1.91058851897452 6.317345698905278 -2.695841214888837
1.990070105796741 6.3046297366257384 -2.6768143416779555
1.8677415577582144 5.326290079964625 -2.5264348444618268
1.717093473536539 5.759183417848982 -2.6392976408266664
2.0569472914020928 6.308941496893628 -2.488549342980246
1.7988612904357013 6.017932611919284 -2.53268722136621
1.755165430220687 6.496207376622415 -2.6084445663654003
1.8286154586654808 6.498612939618788 -2.5548870301375626
1.7755981571818271 5.799784016702138 -2.6580732305011256
1.930779564135591 5.609130026718592 -2.617315457402464
2.0465485640247048 6.6479938842469615 -2.5260035625734156
1.8162927060329062 5.290030765487928 -2.584416401377618
1.9329734077160245 5.730795098241747 -2.4924624393854713
1.8581113560591926 6.457783484744448 -2.537726289427349
1.8080593356616088 6.656963122588762 -2.6412962062688887
2.0500595363573564 5.70642860381284 -2.5384670774968976
2.146375034022056 6.414834613860117 -2.5202385661396534
2.1559004008535325 6.38560575659524 -2.5919596641089413
1.756989181013373 5.3934688115966924 -2.5693394343601255
2.0897843215946894 6.224586737148108 -2.6183749434692194
1.9256336981394289 6.469617014389561 -2.521456504979255
1.8448894887086569 5.58574238136012 -2.6372814188121354
1.7056132366267711 6.339531755795661 -2.6246840489328704
2.003511710818696 6.567598025022877 -2.6761684190953297
1.732969855985146 5.834043944624678 -2.6488465313298666
2.079771744678671 6.066608466432042 -2.514891852396442
1.7465169379538834 6.296687735288291 -2.566444910231144
1.8512240444821577 5.296660425812334 -2.5743709502952057
2.020341025241138 6.261172827524807 -2.487279979265921
2.003177331342884 6.280815513074453 -2.6706621461851707
1.9701167023190478 6.556054095693071 -2.682066041485398
2.001850400844558 5.8626033021549055 -2.496505060943079
1.810277297686464 5.636651027288513 -2.647361110420248
1.818418714931445 6.64521175659684 -2.64031949652101
1.8592647004847498 6.6117401968058696 -2.6851563197094928
1.9689615774303604 5.9792934497706245 -2.498660528318343
1.71230945585563 6.107993541477953 -2.6316839809525603
2.140718855574396 6.697284748087625 -2.585772488055788
2.0799551811586983 6.7111869314126 -2.5679723202986944
1.7814193109392065 5.339103882589718 -2.551952672348664
1.9755476517928954 5.720556561458008 -2.610071901576277
1.7965771654343148 6.069605162700346 -2.54166780306773
1.7502635923852714 5.840381253746087 -2.5555176557091226
1.954262339737181 5.441095984298649 -2.5143848564992455
1.9309918391202407 6.044592058474481 -2.502705161431843
1.920958620428622 5.479106396971323 -2.5993878359268137
1.7629006866170438 6.191627242317358 -2.6725100265363637
1.7822293950646295 6.509985159968896 -2.5926734808557703
1.7914333210419007 5.817335103760589 -2.532902907066588
2.004171689278498 6.488168099831671 -2.667982566260474
1.946254972240533 6.086390429143256 -2.65972087797794
2.016460095638828 5.6102918332017016 -2.548127360312193
2.0830970107056492 6.632610579450663 -2.6276045381996402
2.020880892590947 5.754740867428959 -2.505788793690772
1.7762639948269334 6.5362931967860245 -2.6158548901263075
2.132244095205897 6.563856080456576 -2.613656499451756
1.988541756845315 5.846888753343389 -2.5024086767648943
1.9357235506773574 6.741094390835836 -2.637195820700483
1.9500550676590749 5.455876073248209 -2.518104192384846
2.1175041159867005 6.228143099369478 -2.520809717553451
1.993573765755984 6.040802717200993 -2.64053639841347
1.7950238382533674 5.489448200210219 -2.628280325864493
2.099710459559584 6.510371628997655 -2.6214250666116428
2.0576850301620793 5.984937571874272 -2.5914974541309617
1.8075858483407434 5.499941414601469 -2.6287521937198997
1.7864699946034954 6.598643956716291 -2.6458982618042466
1.9128788171582876 5.409868564032542 -2.526888397431083
1.8733217634567176 6.01131238603774 -2.6714736659170306
2.1015374466929995 6.624515223294292 -2.5252435540430866
1.8573426165292952 6.27075434257551 -2.695439043861329
1.7431554343736613 6.020120731734769 -2.6606784837330224
2.024073718757979 6.440993974200151 -2.5093149635711867
2.0806252200884874 6.228205162799177 -2.5067894580838717
1.7198901026590283 6.37809202157514 -2.625558659747131
2.138063866697255 6.629800340686292 -2.577725285081449
1.915738033554149 5.902174653747839 -2.5034231131444957
2.0372821558844194 5.9533230509962785 -2.5061485281533837
1.9421984712159803 6.008640464156791 -2.6559522143149774
1.9957498543208199 5.560238833854866 -2.550769319464229
2.019534787690035 5.6618546257135325 -2.518467681160441
1.9977995727046305 6.569441800193214 -2.6733965936041826
2.025917496413494 6.734652793064576 -2.562258889830466
1.7650554338132058 6.482047894852787 -2.605377275974597
2.153417680131276 6.555791438813095 -2.591319706963226
2.160803758285945 6.398431270329204 -2.5665908099937327
2.118139975529062 6.638757516094705 -2.5452435521226904
1.9734791103863858 5.996653010509551 -2.502346468763357
1.7214455847184205 6.034223593249246 -2.59350497266798
1.7175202879723952 5.710911746349133 -2.6209291122318783
2.019045694465477 5.916256945527831 -2.5044584051655345
1.9677111027301983 6.632385547264866 -2.534797440064957
1.858561580287489 5.389357637344906 -2.5708008447494173
1.721606641733241 5.543361687860371 -2.600132352310843
1.7165146466593961 5.822471790029466 -2.605864939110014
1.755819299999923 5.825359554216005 -2.5577749024583754
1.8448334937901478 6.600682553503025 -2.672528082045976
1.794716305480255 6.5444787834515745 -2.6047122355511076
1.7691726623861321 5.50631853297562 -2.538162646269511
1.937923454123789 5.652583365312139 -2.6114886097327394
1.7342333406460966 6.06035220177923 -2.585579781318221
1.8139364569724803 5.65908765934343 -2.6424209790571287
1.7451823122053611 5.504957800074982 -2.6159272023814184
1.7719328779141827 5.417172780299271 -2.5633438512115667
1.9020430916945534 5.9388762604577385 -2.655235137500939
1.9435376192868388 6.574474001127594 -2.6818693691138042
1.8563216098472268 5.350756645217656 -2.5527724215990855
2.05797053656588 6.395568165138478 -2.501865224195247
2.0412017497777493 6.166043904786612 -2.625501245181595
1.8151414019490826 5.366355117152536 -2.56557089108423
2.1083635850576172 6.3006792491148245 -2.613787975110007
1.9810109078340195 6.159738566132832 -2.5060876788208737
1.8582433369712748 5.544524195636341 -2.6224573327401277
1.975508312263301 6.463312100901773 -2.5176112340139136
1.7127707959415477 5.674723311737814 -2.594243861348003
1.8680388343514347 6.427834215767942 -2.5362849598509634
1.7486707096396406 6.075434789187304 -2.5765661245116833
1.7667532948309124 5.689186302980241 -2.541878391337543
1.8427244653114756 6.176515070622205 -2.677222466792503
1.9273797570489675 6.6335540600046 -2.6646282418776375
1.8486620483844556 6.158988781210699 -2.530891842495607
1.865551990938866 6.111444271348683 -2.672084522530265
1.9327326489026615 5.851077582450073 -2.5053547426842186
2.120138234931007 6.251382015909483 -2.506822496405376
1.9519405683008433 6.178555726181658 -2.511856750998329
2.1135882469953335 6.299684449491605 -2.50752782672459
1.8324207110765423 6.107032864728072 -2.673453015965658
1.8051066126322133 6.594751946480223 -2.6597009990775247
1.7787636384774728 6.0061741616283975 -2.6658283390007007
1.9827543439823914 5.544590246248554 -2.519884175927425
1.720567625308235 5.596509342039475 -2.5880772455425367
1.9869253691259057 6.288018590616336 -2.496716670628837
2.014606173090258 5.805008648797598 -2.521859186208464
1.9033911732103823 6.694279427187779 -2.5667225143941677
1.767823778220932 6.4950803716969085 -2.630045882347223
1.836376899479395 5.411314021356843 -2.5887311658808727
1.8676414372204582 6.508450183799356 -2.5518266420732867
2.068905430699776 6.24867957584767 -2.4946387009422555
1.9946802356018773 5.826111663113739 -2.6000728078886115
1.8129057203957957 6.54042108044715 -2.6558940319634505
1.7284969531545278 6.108801613032568 -2.6303116429603213
1.9568621340183894 6.328567965541433 -2.6797816770066927
1.9893143675795222 5.708706163528955 -2.5892773109952434
1.9282098090174262 6.040571183481746 -2.6572651268281415
1.9114166827322259 5.489151213187732 -2.5031090867610613
1.8147895394076634 6.467085305837476 -2.5679448896194836
1.773844693862583 5.475176460953014 -2.538574654677025
2.0814921861837936 6.231183997013236 -2.609535362830469
1.9673092057895847 5.737248044742389 -2.6048561398499697
2.1391358932743385 6.391185369431478 -2.52579760822592
1.8437327409069766 6.632503641229474 -2.653587599603621
2.0885092601353508 6.607090609846246 -2.5223247264704174
1.8513518108028257 6.503920029778962 -2.5564310705918816
1.9200475332238578 6.179227717644119 -2.6662170817044024
1.8897770817964612 5.559756695065621 -2.6114438446050396
1.7412280177275765 5.848016615273403 -2.576816777700516
1.7940942499538666 6.525598473680457 -2.646704125837533
2.0828421495861584 6.225357453472752 -2.608931124302109
1.7519627426478492 5.461685098528752 -2.5749352368626908
1.847330582655557 6.240697195410171 -2.5328171379392646
1.7278326942398485 6.324388774884293 -2.6025187683004987
1.9018499796103074 6.60126816599673 -2.544565042267896
1.742654720595008 6.14094842207044 -2.6432381802004183
1.9250804853470957 6.067552872418814 -2.6565783932744464
1.7453591602749008 5.4782206335057 -2.6037791083171142
1.7503819349873684 6.326319487885603 -2.6692278143903514
2.0957133196423428 6.2306660326460275 -2.521403275949191
1.9695374587976486 5.49956692565768 -2.542433042881519
1.8904339770798793 5.4200001221160825 -2.5785617006821013
1.7265518110865563 5.740488629917755 -2.608074873227216
1.917990682484033 5.515657341233313 -2.5930696827300386
1.8337323284838256 6.5172427568660245 -2.6663322730003705
2.121669954446995 6.245114176827401 -2.5519075236941906
1.7833021908086173 6.283864159559175 -2.6813959348309875
1.8771308389417194 6.06425276292208 -2.5230226569089345
1.7228809988120206 6.27229993448825 -2.601952380959178
1.7564475420296626 5.721757520832591 -2.6341257797800366
1.9133869555885095 5.718354519316666 -2.504384886242177
1.9581115296130016 6.73933941704176 -2.6059746111874054
1.9767933279691263 6.687922802833251 -2.6519487873006606
1.9563993368233907 6.462106025546321 -2.5237796512562154
1.7270776471072677 6.314280660463914 -2.6439411599970173
1.9897172495786675 6.129282497613316 -2.6406629601682017
2.1410491585740155 6.41099623003031 -2.5497248694113743
2.094420254013258 6.251109331038735 -2.503382802792233
2.0396488096643766 6.742734486499289 -2.601558679459278
1.7566529423792165 5.952176729342209 -2.6460509460610924
2.111474375513004 6.638981237301435 -2.5659441254385
1.7642054015489292 5.49662941617305 -2.550344810710643
2.082266461780229 6.671323051606727 -2.5372125273990056
1.8589332296914096 6.686906648948956 -2.6371253845127853
1.8040743406826578 5.665526539195063 -2.636122636062004
1.9764572941167153 5.844488074923703 -2.6072995842632016
1.9303026911274133 6.105355549537429 -2.5166393053451475
1.894367737124232 5.519635969447139 -2.6007253401922457
1.9309526634100722 6.382283790185212 -2.515122255210611
1.736548896767163 5.689621227562196 -2.576897245738219
1.838796297640663 6.551507953443467 -2.6594364103379347
1.8281790777699647 5.399456748623589 -2.5634539752951753
2.008876884675259 6.005347971007391 -2.5086460926026524
2.0111973955357945 5.8220502115307085 -2.5772300237577124
2.1403947815087805 6.407855099065256 -2.552074811082724
1.758977763192354 5.5154257937718505 -2.555873619135901
2.0199202090447415 5.857651253097716 -2.519349112888042
2.071740445579392 6.580227337336856 -2.5187667713314816
1.790704021264431 6.052398180305656 -2.66101260235071
2.0046727681995975 5.8185749660716475 -2.5835355575100385
1.8276471380859256 6.548863648975091 -2.5906294200622315
2.0113108710612932 5.725470433287056 -2.5567922954350486
1.7499569963299093 5.84954416966053 -2.6315492362093886
1.792625302019189 5.505315042610487 -2.613075591458383
1.9881075634748306 5.725644059777201 -2.5823870572973684
1.7726837499821455 6.129629558510176 -2.658658326554496
1.933550762686535 6.197946863056008 -2.6612813558645545
2.0746353537033295 6.175930245710173 -2.5867691383973224
1.7779165706453648 6.471056720761144 -2.6416024467802433
1.793362397169417 5.488549441637579 -2.6110371109402717
2.078987731365549 6.463114660142116 -2.6216855270050106
1.7724771872305154 5.628834427291118 -2.5479979538466866
1.9855415006789694 6.644108471395936 -2.643331917651337
1.8558770247426244 6.6830775685193835 -2.5959470319465847
1.8541943054318162 5.597454811649971 -2.6210042881732605
1.731249256504979 5.854489514969836 -2.6087736270786737
1.792746244440825 6.573927305582324 -2.6017939488801614
1.8824651796181704 6.216272353464521 -2.6753151165124445
2.047513272898912 6.522337705001045 -2.6326370306347116
2.0961382757510436 6.519615178343914 -2.5443015300779424
1.7703584221550774 5.528243524101654 -2.610735062098252
2.1116976867608446 6.346640332847377 -2.606228040810438
1.8287892883708083 5.506686736152663 -2.525636346317692
1.759041166656229 6.294461997097393 -2.667400066868535
1.9978081839554045 5.742374568491947 -2.5729531573839437
2.066576230434067 6.078733229793318 -2.5642343033489188
1.8864447332067855 5.66500992347188 -2.6213531130088605
1.7677007392193855 5.648319573088944 -2.6233049420830707
1.7526997185390094 5.999439437279071 -2.577537280047557
1.8017840074644975 6.072200402848891 -2.6601910050047266
1.776917217157217 5.8481274760574475 -2.5599511137574957
2.0255982495154825 6.17253315285368 -2.6219121449956475
2.008825401529593 5.705475256821309 -2.542589100956273
1.7774882967594396 5.859238486786788 -2.643415861374637
2.0056969664047317 5.720646750839427 -2.5291520548744906
1.8250812406615138 5.5498853708862 -2.528844030316595
1.7802630608864605 5.535337807865398 -2.611213834072584
1.9909042225367846 6.0328611610248135 -2.6267409803543367
2.1094862724242067 6.264507810123564 -2.597657481254952
1.9421730330352354 6.706235534729658 -2.6141532597927064
1.9809838733551899 6.068492590328881 -2.631496696741651
1.746255469799363 6.170732733436157 -2.6219631694536774
2.0344818518819197 6.691063663735746 -2.6229319675543596
1.9936739773943146 6.638041658823536 -2.6431003784471105
1.7543437006198341 6.07612367740456 -2.638618566441
1.801904604819324 6.254158896717227 -2.547239611109802
1.9280074612278844 5.684094931000255 -2.608933915257934
1.998514627908759 5.724740970805017 -2.5652795047575134
1.7581466318438652 6.404604398158303 -2.6098543673499783
1.9412890663822249 5.615819842620356 -2.586826874286543
1.916932454679111 5.569414308001665 -2.5171514125028587
1.8580448020482736 6.620287610836093 -2.5734096749538033
1.7578439168605111 5.582770244489206 -2.60046510426214
1.826612897655346 5.50979511932151 -2.5302115515376795
1.945642807816581 5.627521795313188 -2.5889149815239683
1.9851821455768788 6.502984946915078 -2.529579986330467
2.026647834201058 5.908456224029674 -2.5305364488913673
1.9428684434316636 5.6849037491354535 -2.6009244647677097
1.980271836474096 5.7893370635951715 -2.5233776262066687
2.0397567630137203 6.360751500130204 -2.5063254668559063
1.7563232611285413 5.544832880441197 -2.5793689100541903
1.9538527667186671 5.517880028264246 -2.5335030876086986
1.7859216699034477 5.63256019606961 -2.6229034004412055
1.9232520980676533 5.673280916638591 -2.607825682556598
1.7909175919133224 5.780419365457883 -2.5525159903971453
1.7543674515537453 6.149541435223861 -2.6307105254117076
1.7944233023515208 5.6345999168351035 -2.6235965724046553
2.064973017971969 6.526742240836166 -2.619785348478446
1.7652337196796606 5.9667294058171985 -2.6413460758285483
1.9182631151430027 6.089254063022214 -2.6504098457297873
2.121061896544876 6.3142382510424095 -2.585697297139486
1.9975788317424918 5.693235092701214 -2.5388504475322033
1.7493617973361446 6.0647657527105 -2.6274411405507436
1.7501453098393163 6.135766975444165 -2.6146977212780955
1.9217256004524699 6.523058653536649 -2.548456640629534
2.0053837226428914 5.879800336870423 -2.585810039664195
1.869886996156335 6.436721602221393 -2.672351251640682
2.061078888757215 6.520484344033733 -2.618988246091483
1.8797977498020928 5.817634682387821 -2.6329869232793097
1.865083323618098 5.84765567558724 -2.5282740831628554
1.970123330807866 6.291642979657116 -2.6648303733432455
1.941126981203527 5.895607275259898 -2.625356593822241
1.8114783570705097 6.011814916074468 -2.6569704923064914
1.9045851644129157 5.857172590312786 -2.5174780564550368
1.753529964007834 5.828363143332757 -2.616599842940242
1.994949550104737 5.748085017734596 -2.5308049386439304
2.091993998926633 6.403612076484954 -2.522931276326684
1.8558914610126667 5.577905004938181 -2.6083817943738254
1.8559752332370199 5.545691125332679 -2.604584037090646
1.9612293622747319 6.084764265759018 -2.635705688083731
2.08714719037152 6.322069968443152 -2.615864468590358
1.8563568670254436 5.650399324157647 -2.5232849103821846
1.7886686020224343 5.5100858693481225 -2.553809608957036
1.773284535176396 6.17615708402508 -2.586445039600295
1.8858889791657605 5.624906844106475 -2.517256467697452
1.8293876363222887 5.452748378862813 -2.5773530267737526
1.9444490911613055 5.96358313919135 -2.5167673856220643
1.9787533830264783 6.543526059961604 -2.650166989667373
1.7473476992639632 6.356413756192062 -2.636336770552497
1.8517088578951597 6.471869758798018 -2.563225669921482
1.7782345523837733 6.430228621836253 -2.633877503733037
2.0003914426513307 6.080284677209095 -2.5235153480686763
2.0026915939198946 6.383787491861553 -2.5114106014581985
1.8641788671742772 5.568603101955908 -2.5259759925615155
1.8454723981090826 6.027041554709266 -2.5358284875164383
2.1299783228093987 6.5687084728938245 -2.5832239107567387
2.0433212571482224 6.005920656202756 -2.5306847848091536
1.922737533460114 5.933418570265132 -2.518983245206919
1.7746867031983231 5.532598299954368 -2.5634790137984833
1.7864960560083623 5.941875782463132 -2.5623767533167383
1.750339889630863 6.204785902306092 -2.613587570460946
1.878860077815006 5.884295925432288 -2.6385814960140266
1.821310242490344 5.509732613729325 -2.539666065153342
1.7947860160059417 6.174998239480445 -2.571946708109885
2.0432759725788285 5.989534138358904 -2.5467524302188878
1.8529195291332554 5.633088618781214 -2.525160219314726
2.064556492731148 6.153543904351957 -2.553444442607449
1.9817521471274642 6.059219576484329 -2.5198252682511226
1.7573897312525486 6.275054019057658 -2.657585116771288
2.061931028856885 6.203083009257474 -2.53549768196937
1.9628748718328732 5.606514165723816 -2.538724915863696
2.0362734082179985 5.965501491071494 -2.560789897822903
1.9349248856640502 5.704970965565033 -2.6003094460117433
1.8322782028469864 6.012974882478289 -2.6546408492947675
1.8643270277399295 6.110393561491626 -2.656423393561349
1.9996232150441156 6.498656547165402 -2.532408877680238
1.7521948309096986 5.898832605195557 -2.597330067573358
1.9870828865046755 6.103796799674214 -2.6254969060026765
1.8937967227301962 6.484133317652741 -2.550855327392068
1.9597814713436028 5.598989188201772 -2.540567942273678
1.7731757354938273 6.132996570150187 -2.641656008867938
2.0319196682003025 5.962079170111411 -2.5660968144727545
1.807455457491107 6.565214662580192 -2.6389864399654135
1.7627274848374999 6.17643360790583 -2.6229212711605956
2.027389142499062 6.392631175797316 -2.514769213454896
2.0912520488632387 6.522065230526435 -2.5737460883867502
1.9555505060183294 5.610401437839821 -2.5347963238525324
1.7599292622776257 5.653153449388734 -2.5915862217414594
2.044315122130034 6.08018066055879 -2.5471223602218247
1.7488013032729715 6.3356836538718175 -2.6338053399410235
2.0826982717088547 6.456342752384178 -2.5367594710779775
2.013173463317681 6.37188921402771 -2.510725334900936
1.8492951467283598 6.284461203803099 -2.677953384929523
2.0504958576679293 6.688077670677518 -2.5730726531949992
1.9762547408224003 6.350203229233699 -2.661722808006032
1.9766962814889837 6.085859050729806 -2.524222524875361
1.8538078081414457 5.998736018534329 -2.6499533082537248
1.7920543654777266 5.603570796606451 -2.609553981641082
2.075912376270646 6.321550616485151 -2.6183888832524076
1.807097619721981 5.601565467881539 -2.6116497999994808
1.9798346851146866 5.955988786586307 -2.611155288894932
1.9456518101637412 6.497286463611037 -2.5404567629747064
1.9726325572743968 5.735079944257768 -2.5762362490415223
1.9703492089150596 5.821197674997386 -2.5911046680303618
1.7863139561312655 5.491564419042081 -2.5661264827124146
2.0328252710360495 5.97520127651036 -2.5641307097627606
2.012845381311026 5.869428118859448 -2.5453575218679054
1.8346642410967873 5.733664024290137 -2.5357290648995443
1.9838686798285092 5.769721407783175 -2.5694671163017233
2.016767500330336 5.9018899997903365 -2.539698740033507
1.8740642499104836 6.260022818265131 -2.5259234875744454
1.9066104868101121 6.685858395857092 -2.6404558848563022
2.0146092432319676 6.0949187309670325 -2.6084277963484586
1.918959728345959 5.5497235130531966 -2.531963438814044
1.929025427411264 5.576806772585767 -2.5671975473236417
2.1145997189743193 6.416976593420003 -2.571797827501668
1.8047331011489438 6.449643723078266 -2.5927623990187776
1.7615624167148005 5.755079148347255 -2.5934734097917054
1.936856844462561 6.6881247312707 -2.6224424957289303
2.1262918765242995 6.31786634343128 -2.557092663866447
2.06047865520455 6.524142637825146 -2.546440874500991
1.9145796498618703 6.163856634880586 -2.5298647426715286
2.026364855424233 5.953320910242315 -2.57024344025295
2.048460314345284 6.095507589349654 -2.5470060836173096
1.7793788491923734 5.782186372011763 -2.6161489408291416
1.8053458375064768 5.4897470758838836 -2.553245792672577
1.7851122894175995 6.404182011431383 -2.6498691717916802
2.048802582586375 6.310142449013378 -2.6307857141262616
1.8800247980048903 6.519327409154546 -2.653661506940886
1.9263674952438037 5.629689946113091 -2.5220138526532496
1.7939130202406854 5.936982296264027 -2.638485489411622
1.7973586439527345 5.853263151240019 -2.556121316372227
2.0628136111212934 6.667841735670819 -2.580620755891581
1.9663827343591236 5.752709883205097 -2.5809039013936887
2.0989568204107214 6.333252556621785 -2.597250558659768
1.9754181657313898 6.4059390707803185 -2.522774656312289
1.8159277786555739 5.791862160575586 -2.5527822583856414
1.8349312500479154 5.929093860475448 -2.5438442377016357
1.809876418620045 6.038930292612408 -2.649536768752518
1.9558935202730217 6.667725464043183 -2.6318582159895714
1.8737635133893586 6.226783292109255 -2.665116511948801
1.8248582435587748 6.00539288716078 -2.54768830396916
1.9469495289284413 5.722461974747027 -2.589459666470071
1.8221689164431494 5.755570370240488 -2.5446282765121646
1.8629745099047805 6.3722016921806155 -2.6745835722255435
2.124613000575793 6.370683824629024 -2.5677086378142517
1.8229481122199849 6.254828011840662 -2.5459030318827134
1.945953104339154 5.658764561431642 -2.5754587778925577
2.0794518463282134 6.679569679965169 -2.569641373674311
1.7827078107774281 5.779376125646474 -2.5737354188821504
1.7937667975916431 6.2597994600824345 -2.5604723124009716
1.8157107519546758 6.421988613514397 -2.6554209981675028
1.840578666162783 5.611946051458087 -2.6066150941900297
1.9342323830092858 5.69507235419197 -2.5932358639212505
1.9713961977518824 5.720640350146175 -2.532909486983818
1.9971053354120454 6.676668274198474 -2.5557106570727717
1.8787444580556356 6.094870230401263 -2.651135268438139
1.8831937821987847 5.837857205324507 -2.6243808084010594
1.935706432216457 6.020146723663569 -2.522235072833095
2.0964261379300373 6.566589470650731 -2.6046456284443464
1.7759070540405506 5.638664315165163 -2.597255969590692
1.8062458579860667 6.343547044188397 -2.6669693863151283
1.7967883862890561 5.826645054611106 -2.565038709917621
1.815889754647481 5.780427329976418 -2.5532082608964104
1.9119061345301205 6.119178482549132 -2.64844613916686
1.894331005199283 5.617953354823551 -2.52786271763867
1.9796355051650751 5.753901543286459 -2.546067912096622
1.9015564488067653 5.497436958723256 -2.555603586619494
2.0177609497618016 6.6992636854365015 -2.5719002021351804
1.9058965323541393 6.633733278643715 -2.629800391901648
1.767509404875676 5.8793218642242895 -2.600544666715046
1.912257579434105 5.538322699510617 -2.5488707333493528
1.9083942290574751 5.556688091899481 -2.5394333016382005
1.9271423070411027 6.29407103467986 -2.667496294063194
2.0190978715546413 6.017999708529839 -2.589849091149045
2.0032435537580384 6.659640457798915 -2.560915607515356
1.8735175653269631 5.601880397605992 -2.5965262584474984
1.7893723659085186 5.709131071483796 -2.6121273453765053
1.8315488095932446 6.099374516979311 -2.556414489375487
2.051383445116305 6.172013089008234 -2.5531169061587784
1.8968315447724353 6.5384931418731655 -2.6476617054468212
1.8648085027044647 5.776632950919707 -2.537140909112516
1.7846490150328496 6.029656460127707 -2.575138136675716
1.7955610904927117 6.003622992747873 -2.6414633641010354
1.805090214484098 6.379907368444666 -2.6609746923543645
2.054101849239521 6.256111395996928 -2.51285910273973
1.914158656900943 5.640435658664782 -2.5276772146604904
1.9996866665767379 5.976448001501041 -2.5920499319926003
2.051818871424449 6.197858729481947 -2.546473362915882
2.0878408658857306 6.488325583053948 -2.583628447335697
1.8206556768652111 5.889449822852849 -2.6330848260163107
1.959572918244063 5.690949022624434 -2.534720563539966
1.846247621913838 5.484915172336542 -2.577064904498923
1.921134220864928 5.914855413387929 -2.624365035511361
1.7791926485749185 6.22960520549066 -2.642083819088998
1.8383736940724473 6.613199560007345 -2.602831986155619
2.0631976589474244 6.632393983523528 -2.5813695753815393
1.7875408291350825 5.9641847910844525 -2.574494888984312
1.7879898130525402 6.063125033765844 -2.6355877667990892
2.0596031278663602 6.442805867334759 -2.61251208626009
1.9949920194092865 6.637024768098431 -2.563640187635154
1.792475874608141 5.615523945774234 -2.5906155385312997
1.7978358436681967 5.614071611655827 -2.5650956228332915
1.8533611335314615 5.538347015835214 -2.585054207606584
2.0091838381759595 6.687973126096358 -2.6159024759483334
1.8850749303514924 5.513925857942494 -2.551126944348124
1.800920458938396 6.084137258878036 -2.576332871627661
1.9141520534430947 6.060693014079703 -2.639473355444261
1.865540428286483 5.4848743334035905 -2.545079045834304
1.777085894200082 6.181262304603436 -2.616868641067822
1.8259229323901773 5.957226927855563 -2.551878047374527
1.8749062403861547 5.879781566539762 -2.535725853538578
2.080851541712802 6.244926859597084 -2.555643881805109
1.8806406766609394 6.179390297862688 -2.5448624400492874
1.8232553458284702 5.79597280862468 -2.6177587185512796
1.7891526797143837 6.330737616323196 -2.6589887198716013
1.966012045452492 5.907250472437132 -2.5297173917502533
1.8383091492914299 5.484355075236364 -2.5745569060221296
1.8108553109789067 6.405384962942174 -2.6562693008884146
1.8960759157015707 6.064529603334543 -2.642820622603543
1.836655060443654 6.56158327139779 -2.6479701294671436
1.7933479366255507 5.595662561832696 -2.590209910451425
1.8330241645574188 5.674459390528878 -2.5405485298171304
2.112498101498362 6.566939916951245 -2.5665381596285384
1.7700169058377293 6.2190126150258145 -2.6002690129146915
2.007072525666241 6.046634857581799 -2.532608267672053
1.9442754573977201 5.6322157507348845 -2.549355469191198
1.8237321579045904 6.459032860848847 -2.591416112919366
1.8695008006107336 5.488011958830374 -2.5628881040579605
1.8288812751636057 6.020222381779586 -2.552022125704205
1.9015250754743918 6.673033207597181 -2.618236349644331
1.8116650853111007 5.57771894947596 -2.5837615123594917
1.9977619634422006 6.690139265469489 -2.5959416275980356
1.8783905937140526 5.5462520475507855 -2.5737746709499274
1.9607760611238776 5.689045782851819 -2.5578982223268056
1.9931193871778259 5.9661404363855555 -2.5918570628435047
1.775317615924441 6.0664339304329555 -2.6129064668198154
1.8297177038854198 6.4129046418477405 -2.571758585279738
1.9124955481080734 6.370438402071331 -2.5296092309974734
2.0210256728257434 6.15458371100945 -2.5396157257831082
1.833015879827956 5.66061878591591 -2.6070243465492866
1.8989714624494158 5.809120712801024 -2.607376315488289
1.8443508800911288 5.508057593356957 -2.5652941760791323
1.8584312382526567 6.189276180916794 -2.553474806424845
1.9144653509111573 5.685037978289926 -2.5941448285177406
1.8797504179795173 5.810385488672777 -2.540370959141166
1.9582614238012508 6.321156764357924 -2.65950007506631
2.054274991657081 6.577249398949937 -2.625103689841633
1.7942655220365105 5.966237896239976 -2.6304647533062804
1.7683394908227548 6.0255841967839805 -2.6069949303491082
1.8723242497490264 5.620792024604555 -2.594398297347518
2.1040295001364298 6.554329981506065 -2.579083416276977
2.043413463768514 6.570616569087244 -2.5333841719555714
1.8478202152236451 6.2437540705260055 -2.6601525128668895
1.8983708322322532 6.624427196440915 -2.638294775076176
1.9292459906552417 6.479585862729767 -2.6539371600108734
1.8198906439685034 6.4811140590882665 -2.6119092604346346
1.8884244313593226 5.569743606405425 -2.56620390451961
1.8171448038422784 5.942845524622607 -2.560177618285266
1.854879304686592 5.943467334157023 -2.544846611964475
1.9345773826122177 6.003179914137273 -2.526118929289727
1.823936651200758 6.098681787297494 -2.6438885512591215
1.7749717117268986 5.91702845286337 -2.6116506781437643
1.7653284762440011 6.26994734007417 -2.5929572867016324
1.8990898746415112 5.935201560299701 -2.628478537436317
2.0646032581318123 6.498085477150981 -2.602214158692286
1.8244687774998778 6.210199808541375 -2.6586025099459696
1.8406154193341702 6.490793205178025 -2.5910229250245305
1.7892082483310827 5.842264535234913 -2.604536138748692
1.9699540862725828 6.611731144146701 -2.54666866340171
1.9377601531960815 5.775953775614946 -2.537313338430665
1.7994771323808716 5.686282063972887 -2.6063299327138996
2.0759691226669164 6.618773810044317 -2.597398869776259
1.7564469391060782 6.280345958534265 -2.608600258662374
1.8441144428313745 6.085254429551232 -2.6426401853815933
2.0215753516378077 6.072031966218291 -2.580685030365903
1.9332347517514141 6.368937577702138 -2.5256153566131014
1.9648027616655137 6.50690246135313 -2.5493643269149957
1.8674681926017405 5.7868773167970895 -2.6121402954234947
1.838366953601838 6.152467282369639 -2.6473339027147826
1.7990043516231042 6.425399142084679 -2.6208898805069745
2.056563693764697 6.6823054656886915 -2.5839791076179726
1.8670550226067508 5.573857338328489 -2.5755897037446145
1.910832030556761 5.6317145752948665 -2.579763030736583
1.855824510297162 5.941561484280403 -2.6333270238700806
2.0664737990955917 6.470158272613508 -2.552312068624593
1.8087891296969245 5.972565298047732 -2.633088559907468
1.9940987416989242 6.166722639108183 -2.5336298321806803
1.8012131230779045 5.963449096837861 -2.6297231454322265
1.7817173768066434 6.006675464904701 -2.625736655513651
1.7797840716121422 5.965728488489344 -2.613271732183231
1.7847039997362009 5.893517660953453 -2.6042849196370694
1.9352518194798916 6.568839330691039 -2.5465035554770745
1.9626700540380442 5.912077290362777 -2.5973815611052804
1.8916744072224487 5.748977782905018 -2.535714076067348
1.9840727688093773 6.669166611692988 -2.5825331843090824
1.90799763971276 5.843422113837953 -2.5384051444138005
1.8983981975166118 6.6051165624665344 -2.6476206231768646
1.8119134617652177 5.870165257229152 -2.6236687607574503
1.9465271641119064 5.673620656885072 -2.542241264838055
1.834616082599402 5.658227585041043 -2.549659045305765
1.9947297703155287 6.451602775314816 -2.5368151549708884
2.0096671870800145 6.682035793836159 -2.615702409546956
1.9359897508964181 5.685683201782992 -2.5759226974631733
1.8069129740139391 5.6985955489033655 -2.6048138679076596
2.0423754962546083 6.6396728531439075 -2.579326202522518
1.8371915696634753 5.609303686678315 -2.590894534029813
1.763617416687202 6.3018027132514565 -2.6253341916154334
1.891253512307413 6.113637395967315 -2.5406483496136563
1.8498739696369473 5.754449211678843 -2.611840916531926
2.0088628936295096 6.095106027728395 -2.541355110497179
2.0285345193573447 6.529292185338925 -2.6102404889640622
1.805738842830715 5.962771448028974 -2.6282018449874434
1.9815045373878641 5.875250317784486 -2.5629184813305796
1.8378607302144268 5.7554562519413395 -2.611718584087946
1.799660529898293 5.6881020629481664 -2.59946429591169
1.9726819650820775 6.467216199198997 -2.5433866407869843
1.7977191712065186 5.751923749561149 -2.599148066460101
1.930766109078243 5.94390134376842 -2.6145859549204244
1.8478473804352764 5.811807212320984 -2.6115700031912112
2.0623253739757494 6.331057450328958 -2.6138691418859645
1.955178120779637 6.214442800364403 -2.643707499404033
1.9779296083737092 6.064918084359688 -2.6096426594411914
1.8672533542731018 6.58009476104046 -2.651061742932091
1.9386850060944645 5.739224376884603 -2.5415225248560276
2.0207044837742396 6.398194257248379 -2.633970742255242
1.7820078669924442 6.026149327099163 -2.6200015466179822
1.842969029534499 6.417127048959282 -2.571082339164543
1.8504111193291939 6.249277778977476 -2.666800001325326
1.8315055486818297 6.2669080004596545 -2.6656337256110065
2.0231282143672873 6.146325106736057 -2.5569366489563743
2.033733006873567 6.231949973837494 -2.535119713768921
1.9932942659652713 5.950840186464671 -2.5625430279278674
1.7998935181480407 5.9482075893983435 -2.5792803203968635
1.8068035717399082 5.65477903123023 -2.5766689222125363
1.821845504782131 5.6179284810762455 -2.58380635830324
1.853800759923714 6.084413481408822 -2.5572954932582164
1.8110981722290034 6.109866087057046 -2.632634844881617
1.857667333774347 6.414073504979108 -2.657734011167781
2.02165390613923 6.144322493106666 -2.5575459560876532
1.9027071934346667 6.168536997598079 -2.6429938891814193
1.9239473351264134 5.676286355921189 -2.5384223973507885
2.015138019517145 6.07430191116234 -2.5741109251538457
1.9029778303267677 6.62015578924145 -2.640340433720901
1.8073538196753507 6.168386025715135 -2.584356248259058
1.927894352604126 6.440927711721306 -2.6520172385674146
1.9787254359204356 6.045605710428472 -2.5348300219352584
1.8330126395358666 6.561704604318905 -2.6282540184260847
1.982796530115191 6.654882415566445 -2.6071628515482965
1.8783324358418705 6.623153940720956 -2.623026606977641
1.9110929362823483 5.67352260300378 -2.536023049089528
1.7996068398210054 5.70663254305957 -2.5787277465999434
1.9156439929601903 5.639816350044065 -2.548015262338196
1.8549184460690578 6.4372746579217734 -2.650096346536539
1.9470137625070942 5.930334454234603 -2.603696139350104
1.8886718708363486 6.507450083057918 -2.6414411130012314
1.9811121965184637 6.349431344445048 -2.5213722835961283
1.821198037309749 6.398231607357788 -2.6519881837320094
2.010636214005984 6.1687687225212775 -2.5425093458295196
2.0670135372869165 6.4299422674697 -2.5534375653301926
1.8043514588191896 5.740189811245798 -2.5891160424885666
1.7827047086003216 6.376712465133625 -2.6287483312951005
1.8701412091324925 5.728296240730426 -2.5444450738626445
1.9902841627225447 5.961626584384542 -2.5495509203127655
2.012883967983473 6.62966564127391 -2.59627452616807
1.921613165213952 5.708144386270375 -2.5408473913426874
1.8314689069318102 5.744600837485173 -2.6038562242496006
1.8835374902337305 6.058123576038602 -2.6360424366797317
1.9094970163657916 6.177869808198864 -2.6393461836750483
1.7924614824572136 6.064081269034575 -2.600859503148841
1.9231040829359949 5.827984066048987 -2.5943746309956586
1.802102958123024 5.894852796524432 -2.587051195950071
1.899308527723111 6.0823865479455455 -2.546162900218589
1.9443946498263964 5.901258146934626 -2.5379813285814703
2.0395916377136 6.230915874930025 -2.5967868543652246
1.838758588270125 5.5996906433492 -2.5714457557746817
1.872775757282166 6.616346329094504 -2.606400480071033
1.8072415771340729 5.818312015051802 -2.5852252616479916
1.9883422441920855 6.470560306924448 -2.6346870604082353
1.9204259466673026 6.249775975271835 -2.524073570041776
1.954034010050613 5.827733711905616 -2.5629030170373195
1.9260771456710442 5.800788815721523 -2.5585531602219205
1.8688290554808138 5.783670499481573 -2.6014125809201714
1.8597625417542343 6.122826959499065 -2.642332910810528
1.7940921443709403 5.85325948128338 -2.5936838354022953
1.8624363353303088 5.609001167464802 -2.5712353588409638
1.81160793222885 5.966334461933469 -2.573989831185168
1.9069629499338925 5.625735782284772 -2.5585579946261836
1.8999012480115534 5.709485154940372 -2.5886116290799235
1.9838888752803254 6.158252506966149 -2.6109984961563173
2.093539176173358 6.31156256712793 -2.5714422654361124
1.822483359199245 5.6433218244787495 -2.577283965903432
1.8529006819048635 5.8054517968497645 -2.5647081279924278
1.8598920353144899 5.661767847021984 -2.554456051714288
1.930418860564842 5.872365748346132 -2.541455037095896
1.8433124695335303 6.123310972868111 -2.5623843967451423
1.8408383254143317 5.7462294512091 -2.6004232192926366
1.9465914434566716 6.195813567143884 -2.62989100825584
1.8629774468860918 5.84689609445622 -2.556337366844514
1.8935899669162675 6.248645684619339 -2.5309063874112336
1.8823390523483698 5.892182030213867 -2.614918668023547
1.8179956617432989 5.748409398882222 -2.5921795909806487
1.812095490549737 5.700089489278838 -2.5873069919342293
1.9594901791146189 5.88330726071682 -2.5486637206865264
2.0554147261191185 6.210866732321363 -2.5827399561015665
1.9745807032534652 6.01686339717469 -2.602510088384177
2.00240324310734 6.2576256832231385 -2.5180595392822793
1.8312589276222742 5.698071147264873 -2.5606034173815617
1.961106822638897 6.641742561606519 -2.6104053805148184
1.8328400541000875 6.374586853703166 -2.657092122466502
1.80065017479531 5.903503591848968 -2.6043966074894893
1.8308279220481072 5.83066731181256 -2.5678120885046436
1.8412812430978958 6.477558833315164 -2.60795214631157
1.8568213394127735 5.622895029451572 -2.5603873184746826
1.8631240063917054 5.691036943034008 -2.5942850015725982
1.9599619142074132 6.114306116331142 -2.5385012919367775
1.77589627470535 6.286414564429134 -2.6330372873055796
1.9895811164566768 6.016161205111982 -2.590833439329667
1.873810548464108 5.88915124645233 -2.549085249704179
1.8467426814487373 5.805313658007546 -2.572479286336952
2.048919227161285 6.4941638317788 -2.5656412834377837
1.8398393263621846 6.068671224906435 -2.6314695404229633
1.8225741629477608 5.736760259447879 -2.577795774302941
1.8733767067962737 6.276599165738668 -2.53966238478312
1.814292319517755 5.899297019091406 -2.6117757348936728
1.8329987635557778 5.966865098766292 -2.5653851526298173
1.8176810688944394 5.922296242991777 -2.6153242935928613
1.9336451780358552 6.155453029470862 -2.627991448404897
2.041038966517233 6.508620245129851 -2.5745683723827364
2.0404422940040403 6.458982103091939 -2.5548799762398056
1.8244847149990306 5.857793923617615 -2.5687133050859794
2.0088899693809106 6.170343055657067 -2.5515901852792924
2.064283804771545 6.608972784286578 -2.5787466887660813
1.8407814448329267 5.729049542036531 -2.5638110929651425
1.9279456344391657 5.95518935942303 -2.540900046392565
1.8495503710529988 5.923244337465794 -2.5582982587508916
1.8337566881712926 5.86550145571492 -2.565365867983913
2.0521826074750535 6.386415625785084 -2.5333870157057308
1.9158096566577245 5.724840579129836 -2.566059847758018
1.9229080326901355 5.875286781867937 -2.5470744382339356
2.0775005129320725 6.337403899437872 -2.5358229687473948
1.8279458067222034 5.706486487344582 -2.58380582561913
1.8288872110640528 5.6913918963765315 -2.5773554009686146
1.879401151263947 5.830999906217135 -2.55469698580254
2.0221700038288914 6.214510115335601 -2.6061096433055866
1.9033117153537629 5.681752217537244 -2.561979859966682
1.8544372058349006 5.84370839008178 -2.60122466650385
1.9194839722316395 6.090110094972159 -2.6221414040585347
1.9886145887300164 6.50849893813519 -2.6215240717452613
1.9309238789942356 6.209080639388741 -2.642874539717846
1.8772206795496877 6.59232333383548 -2.61929555695632
1.9798965735034784 6.126703433105216 -2.544251730288232
1.8957008736908718 5.685573509573192 -2.5760604762827097
1.9124910247717106 5.752876954291098 -2.5574178504045895
1.843283316961503 5.841757349793966 -2.5982079886170095
1.9746363911345015 6.506876909699236 -2.561399161460133
2.0438706251514684 6.238839392446491 -2.5751892762862054
1.8043037488478562 5.992313220222603 -2.6029119056135706
2.0622993684688966 6.425262592412573 -2.5838805090171197
1.9923098707725506 6.544918562137342 -2.5831739652352343
1.8210374269027727 5.9939375243583495 -2.5776194397834873
1.813442565497453 5.940880004860862 -2.5886743770970453
1.9304561714886002 5.953540046836933 -2.606462666003586
2.084717956294515 6.280961351386364 -2.5509880475949585
1.9089139976270713 5.94755637888206 -2.610155429100014
1.9997348996952296 6.578620443770168 -2.547479477262267
1.8341925571287225 5.850047889244275 -2.5953979246108565
2.0407660024706593 6.433040626267237 -2.5542769694053806
1.9641826141870569 5.951032204924055 -2.567319154326434
1.828128216665423 6.387115338501371 -2.6471499899631477
2.0053688720432232 6.133042611862211 -2.564494605167199
2.0400298750857937 6.499912408094875 -2.59592217385146
2.042367176003318 6.493653464343857 -2.584519863593936
1.9617083017793306 6.032392062245704 -2.605152391992556
1.993433515251557 6.548734830753083 -2.5859789452611324
1.8074499609626997 6.396282289598318 -2.615654980549452
1.8418719011861124 5.959810675207988 -2.6189057484140044
1.9922282443208816 6.057064101978272 -2.578536801112503
2.000499218136376 6.201604416193547 -2.5992952954553825
2.029690947363327 6.580534472188073 -2.6201321024153397
1.9956798798981776 6.106214700729191 -2.5736339561329205
1.8618897763507802 6.472401264047397 -2.592277461952606
1.8863693162059234 5.737014280115824 -2.5769659166638483
1.9055969055165147 5.843280353391954 -2.56311274217396
2.044655668146212 6.489516275117887 -2.583413123681166
1.9894206371133174 6.0751909179076415 -2.574892963184876
1.965753422173691 6.049221421018624 -2.545684875387269
1.9459134556457625 6.374492430898486 -2.6513155302869804
1.9492480048409706 6.27716292794144 -2.649077347307889
1.826117947969716 5.95541383386361 -2.61396654138346
1.8552278248991716 5.745580107540194 -2.5738347258567993
1.853636777915774 5.688497032133463 -2.5734496431023244
1.85968066988461 6.468323904111245 -2.594830174540202
1.9053739851507248 6.23150761022438 -2.54693690615679
2.0081669008743526 6.5195557232305426 -2.5977090771260922
2.0207143353586856 6.233008493354408 -2.5460220272082053
1.8042984832536522 6.0153865400673405 -2.6019586008430435
1.9640660067844782 6.301116711418054 -2.643665267152068
1.8511221244092275 6.144225267614009 -2.574400881756935
1.859663080916051 5.7014142300071615 -2.56773045839572
1.8835785784280474 5.870319971876114 -2.5542300801130016
1.893897622254788 6.487500343491095 -2.635798928277394
1.8441482457682037 6.103942686876483 -2.5740459848304793
1.9695161764036375 6.552712468964679 -2.579490574894145
1.8728167523438883 6.101398621143028 -2.6283327473356106
2.022708731553025 6.222231725353778 -2.5986094356039704
1.9373039664925087 6.122711114781161 -2.5459469198078972
1.8869301601786215 6.4211907272084225 -2.5658745311870907
1.955993712937048 6.288883209277996 -2.6456962816497214
1.9711778528501882 6.535434877404931 -2.61223964326621
1.9415151030863227 5.853651037221397 -2.564560716220942
1.8736107454965487 6.393611665860082 -2.6516528737629055
1.8624235329734948 6.045677784561855 -2.5611616109642035
1.860999897617838 6.317409268353721 -2.5523828558779162
1.8910820857843618 6.35968724870634 -2.6553907495492695
2.006080572288164 6.233663512434963 -2.543471284617506
1.94024119895588 6.087047180741805 -2.6090374202735873
1.8206061691795696 5.984154210408695 -2.593711287094165
1.8379915415719075 6.174477754033151 -2.582894274165718
1.9887329567314582 6.036959972024077 -2.557237836926599
1.920695081243362 5.8812258825578745 -2.5585868012479573
1.9909377036260079 6.34587678874488 -2.528352448232752
1.823715471214665 5.924649298062864 -2.5919382526936054
1.9852922894028744 6.047127584445809 -2.5761454764337994
2.0248564623607472 6.495319549683553 -2.5679441250758326
1.9576873230345568 6.464963189714943 -2.5565339309955073
1.8083334133783815 6.214634705774005 -2.62939096795621
2.063653234826679 6.396544043774009 -2.5902282849820173
2.077230551854538 6.332801413712449 -2.5755751572615924
1.9706083015426463 6.043378676432752 -2.5500905175421806
1.9754896157296886 6.272300611361084 -2.639370397801021
1.8633137584516475 6.432414458950213 -2.583262226345248
1.962483724647963 6.50782904275367 -2.620576157427336
1.9578450553758322 6.200158546471176 -2.549750936013311
1.823251100262202 6.06440933731627 -2.609090439314672
1.7827013693309026 6.2541979200919595 -2.6276260903349753
2.073251121773919 6.360243022565172 -2.5487227902139713
1.9242169355323493 5.97995075535107 -2.552172153197848
1.9285277249720818 5.892764043213083 -2.577584531502434
2.0354118330662634 6.218444535522925 -2.5545586545773213
1.9288752595973542 5.88133090937133 -2.5694199834018416
1.9852156254163797 6.586777970219393 -2.629034021483667
1.911834274506288 6.418249311915853 -2.557900593046857
1.8970125363467338 6.009146878848961 -2.6210832777463304
2.027319591909759 6.2048717462901255 -2.562432118910838
1.9193262153901112 6.102153164819207 -2.618498152088274
1.9867518236079857 6.095051971133354 -2.5658097372919197
1.8527339597961414 6.459312739777835 -2.6109851203342647
1.8709206683578359 5.894192696990516 -2.5981534672561546
1.9628433482514502 6.1673727912538805 -2.6098703953638935
2.0392209925856966 6.563329957411155 -2.5615398429446286
1.848839640168443 6.012475358889268 -2.621597508535851
1.799804869753122 6.329706379824322 -2.633631941544632
1.9826815180633437 6.118953847823001 -2.555539706569309
1.9657242853427725 6.562310105779218 -2.633125982614242
1.8496904719104172 6.000820403076187 -2.5663307046948525
1.9576811894684245 6.351948818994055 -2.6449889611218946
1.884452510834881 6.105687966814836 -2.5637627390423305
2.0305203631176387 6.607451739657027 -2.5763086454039583
2.0240640930639415 6.2993545789574075 -2.615558190807107
1.9625543865194 6.129773237210212 -2.605175857438872
1.9349109918695626 5.920611726666055 -2.581613082166051
1.8812412919334784 5.909780052777335 -2.563503169220321
2.0264338498534147 6.2900644219963695 -2.529522937182957
1.9153278281820574 6.104585154967877 -2.6159616819569895
2.0451610845143944 6.343522177712632 -2.5358583597022992
2.0514737217249124 6.305229945649264 -2.5960042564508394
1.9166848531530445 6.000105141383958 -2.5493595356836765
1.9699892646801491 6.518921244950308 -2.586308064546403
2.0168156520441505 6.22872420206842 -2.5934281562045456
1.9763896030272206 6.030645041401314 -2.555650003020732
1.7988993570430156 6.268936044138792 -2.635263668486855
1.9060892782235803 5.88034431182043 -2.580619427957452
1.8323876333277904 6.275335826502813 -2.5640384919344985
1.9689126380534818 6.3039439823377865 -2.6381931674526933
2.0529534401683773 6.5724760007297895 -2.5708519554933185
1.9647634686678173 6.193988426051908 -2.5562009442464353
1.889529158250786 6.312505349058092 -2.653397566022679
1.923351354054329 5.91853028622345 -2.587971322279973
2.044951409631361 6.274911898316571 -2.5333774008375185
1.9368607393362414 5.935168298495004 -2.5654593539660207
2.0526656817157205 6.5809590638953495 -2.567329954913663
1.9154443821281861 5.9806538745070235 -2.5995224581426877
1.9918804368468792 6.275895145799523 -2.52641931124779
1.8577731676348366 6.3605109294263755 -2.649486746837236
2.0468440293855976 6.335370608211372 -2.5354441651604778
1.9510326768463135 6.601940046945234 -2.579154930761362
1.8358883367290182 6.0632022495289215 -2.607250849168462
2.006797374302265 6.451441426207884 -2.6104159898705266
1.9215127555127443 6.0578862100719775 -2.6105996685354516
1.905736586610686 5.932132866309329 -2.5634750945610265
1.973665858987842 6.009227467175963 -2.5579806779527923
2.065316315421727 6.300723998876718 -2.5741818724658723
1.857192066152042 6.103832732009403 -2.617847997911873
1.8490948813258208 6.001973627426636 -2.5694256482698585
1.9980607259138 6.3025458569276225 -2.5313068122032814
1.959704055642805 6.511943988351698 -2.603506949763914
1.799658454486136 6.334815206366603 -2.6123407698415937
1.8746863654588686 5.870246568042475 -2.587519617277609
1.9620451634324874 6.460786171619961 -2.6261156608063327
1.9153948287426985 6.1526423129527545 -2.6179237346781026
1.9165255941674482 6.159555267557533 -2.6212979149117306
1.944711280905595 6.621651981103168 -2.6093064053455546
1.9534147388462966 6.5170449598838305 -2.5882959821066915
1.8495125527474825 6.0710330693701895 -2.6120426566096926
1.8489110323376399 6.151142584972393 -2.5896582204082215
1.8554709978643449 6.11651235143592 -2.6218171800190424
1.9342052036102357 6.364852322622412 -2.5402334864346177
1.9374010017687904 6.296746562611494 -2.645529715568346
1.8592361041102068 5.980893032458715 -2.6034536162587685
1.9436609016208788 6.504189669111922 -2.574324431543226
2.0288113187276178 6.439322330331558 -2.5885108309867695
2.0027981582168572 6.248404091782469 -2.6221728420314605
1.9827467380145514 6.17879899257144 -2.5778370871121066
2.0327029174489954 6.395129701804272 -2.545505741719126
1.971601443923586 6.196612037784348 -2.6029120095120746
1.9659942397206736 6.005955969752935 -2.577401380898232
2.0196215315121853 6.473751396745029 -2.586517184701085
1.9750427107938018 6.1255018987497865 -2.590339489436541
1.922584149947959 6.4885091946103755 -2.5784578693242337
1.9617164104685691 6.424437052950898 -2.629331436221282
1.9798326640801218 6.370308822885333 -2.535211675961064
1.897146187874343 6.2278176335455075 -2.5559006464887988
1.8487571513859136 5.979825059307204 -2.5938187656272413
2.013552922255976 6.580943709039769 -2.5589165442077264
1.91388528684957 6.027593708110838 -2.6107567893513934
2.0514700687048695 6.261302507351541 -2.5903104470914347
1.860906886930712 6.194490797786967 -2.618362339095875
1.9252328045617624 6.16885855177935 -2.6169665790448238
1.8413825574445224 5.990720280962075 -2.5894912624038064
1.9421768825058376 6.048355229404347 -2.5567757319834925
1.9830551173619768 6.6177998441845505 -2.601120011842595
2.0334678041589234 6.37704852560138 -2.6116550755171075
1.9829340350552966 6.485918208120752 -2.5704705482741597
1.8630440448426198 6.431121464699365 -2.6223503962164108
1.8332300809330577 6.014830755043967 -2.604999411270311
1.8886290490738813 6.397986354064564 -2.6444920783852437
1.8509083601201661 6.099353975071186 -2.6082189346113487
1.8734602999396095 6.128373663743213 -2.6208136174925523
2.0157662531408125 6.484242637692286 -2.5849039190645224
1.8821658083436232 6.373427605559625 -2.556837388036857
1.9536561503249152 6.097147502248333 -2.593058772631294
1.8679675209871864 6.332504360770656 -2.6487590326053354
1.9796082008282774 6.478377811399928 -2.570246272011042
1.8890882458750595 6.104285439231255 -2.613937058278387
1.9677560481488992 6.129721866977853 -2.592942545098965
1.938752199392563 6.034127663613917 -2.600023234305656
1.866301671480569 6.420804071770428 -2.629150514964094
2.040967430956409 6.329983935603389 -2.537760624926336
1.8581802814911614 6.072112137359241 -2.5824432892081433
1.9889480469992533 6.498904734382231 -2.57264996696213
1.8859249527498294 5.974901008305257 -2.569094842207547
1.8798693135109148 6.001534859314911 -2.5628617558138727
1.8725650148120225 6.413758415857352 -2.6358197312560114
1.9119292020475616 5.9181619114940744 -2.5752290286164916
1.821794263814469 6.266207741888571 -2.642319853924847
1.861341546415452 6.395461957496234 -2.639507029736712
2.014098247589844 6.461947680029661 -2.5940345430448
1.875423980103422 6.434639174047871 -2.623577658940601
1.9500048837361692 6.487616860325817 -2.619632237040192
1.9544518092584933 6.12526797724208 -2.6002501559388644
2.055869091820945 6.339879548515655 -2.545617955961794
1.9307278735379296 6.358147428043764 -2.644963224387755
1.8703291215690525 6.077855771092313 -2.5819092819704537
1.872799510146241 6.439136887108271 -2.619542704140672
1.9423099621773396 6.107928526377311 -2.593764057015508
1.9238616127822423 6.053111225621537 -2.5617232790898177
1.9004512242360696 6.49900032047532 -2.604857448727275
1.864379289916049 6.0959985643427785 -2.6094392587231328
1.8610942855022194 6.188729049923723 -2.6116742824813395
2.007021980677488 6.445641929817372 -2.598867182099781
1.9089228774097453 6.4912833967606725 -2.5925240677485233
2.0567224536747277 6.380449494903232 -2.5551587927862927
1.8915750080106344 6.163968526827183 -2.618633981243727
1.9431516251843153 6.123059985235811 -2.603995973786823
1.8321025099586037 6.247607268235961 -2.615970384326096
1.9860524553709835 6.441513807815925 -2.61255099794701
2.0353470273309364 6.410019321326569 -2.5635905638697336
1.8640813321417142 6.162177659686542 -2.6154015723363617
1.9506024065945795 6.057713250053501 -2.5800325154975083
1.8977417193165582 6.10794135517787 -2.573315017738464
1.873722880674877 5.968987316691677 -2.585738465751585
1.9561658987090884 6.497077334081416 -2.612393290777545
1.8981991342063473 6.335933886557807 -2.549538907657073
1.935093087750122 6.014319726606262 -2.5946757032866707
1.9775846513550563 6.443817973385718 -2.6147658384173202
1.87148108908301 6.049743717869126 -2.575855003849135
1.861402975012107 6.102110569129792 -2.5977957224190167
2.036424558150471 6.334378198338972 -2.6037124585170917
2.0030147629995962 6.587071367387891 -2.6064707031988283
1.9264840070557572 6.058115139749911 -2.5953297001672357
1.8815847084384645 6.175426563415995 -2.579654793692188
1.84506470506639 6.277960571829844 -2.645592657940144
1.9469485603114982 6.565325809265483 -2.574620179715385
1.9400057687096237 6.3510114428483835 -2.5432061078031625
1.8802356429233156 6.436535295588795 -2.5958849336102303
1.935677449564529 6.066089622155705 -2.580488789169164
1.895319934778184 6.057266969474422 -2.5704006675269224
1.904502739804316 6.082113400209266 -2.592605185104511
1.9612001966685906 6.505241888025702 -2.5994288055333037
1.977393650986735 6.492343806455613 -2.5914108672638463
1.9148644733345308 6.049048270928081 -2.566554232673152
1.939156938162233 6.134383303752369 -2.570525159614146
1.9559910313051923 6.29166773436717 -2.6361016976847345
1.9658520611919035 6.360201958674381 -2.5410586892204137
2.0573718677893393 6.362666370044247 -2.583468596193945
1.8043361367842832 6.282376936854534 -2.607144627600902
1.9259388673948026 6.132058864354493 -2.603290735421332
1.9010385798372544 6.086315126853406 -2.5889157136331438
1.8063638248247589 6.274104289038789 -2.5957399027132757
1.8819938708621184 6.076720376510935 -2.590597425994633
1.9053996277920855 6.076483040939724 -2.578481902001701
2.020326888901567 6.40287356133925 -2.6039299821095936
1.8628497939558386 6.380912662219437 -2.57349976327537
1.9334346631318737 6.5003728083794 -2.590924774138869
1.8491456180106962 6.409379796113841 -2.611787986817662
1.9558651438780998 6.453019235520542 -2.620021226005832
1.9814190197054617 6.358681713857664 -2.5397425781784815
1.9100172725835987 6.1457640364263 -2.5999671924456447
1.975821515287885 6.61062016552809 -2.592146984268168
2.0070381671672384 6.247587076745481 -2.5769766204756106
1.9140368645054116 6.2109992443348 -2.6299153961651753
1.93818508232836 6.193343215260956 -2.602494797702363
1.9557520731327562 6.1298830328168545 -2.5790145449698882
1.8759373143656566 6.05279450787105 -2.5835343655225964
1.89495016031433 6.0408366502002515 -2.5697049288092955
1.8678248011167977 6.386500843562079 -2.6380378134515032
1.8773490078864725 6.007664227780965 -2.571828815687074
1.8893532550113554 6.440308173997373 -2.6149336032566888
1.8825044253587258 6.1871361010933725 -2.590843165087541
1.8104111761592265 6.28757751323737 -2.6193097580100906
1.9112893987975483 6.580738344413108 -2.6188918406465045
1.8974459074032548 6.570677941957392 -2.6005147720917234
1.9937242533998982 6.453131363267274 -2.57591923710487
1.8268705947044346 6.348063846529446 -2.6269548830180627
1.9496817134856652 6.58810675131497 -2.6107101244580675
1.9054459034354139 6.012135479121074 -2.598055266920322
1.876959391456803 6.417312094824052 -2.623896896225139
2.034894753324828 6.315145915346681 -2.596088183961475
1.9136343651070757 6.435418195300588 -2.620733549682474
2.015307228516155 6.57138125110478 -2.5710156970734044
2.0509634303439332 6.284033467564578 -2.562331941785895
1.8878232059203972 6.226216791393598 -2.566330400545091
1.9904340443022277 6.408598455937906 -2.614486920245576
1.9003855241528806 6.324043716640318 -2.551297444268145
2.044922059502016 6.369569283558673 -2.5534606852900605
1.8855174542016009 6.182108881408425 -2.59638477792007
1.994058292102602 6.229227858329916 -2.5667977795999404
1.9297951522287078 6.326585583752184 -2.6413469742734437
1.9003825279912268 6.252917548544527 -2.5461602228687576
2.0278158510301285 6.385609685317716 -2.5986006099685106
1.9772957613103468 6.555934728316732 -2.6114961058947417
1.9563682617861335 6.5638539694752485 -2.6123452588124394
1.9186814483855121 6.4496569507453305 -2.586456037795147
1.9192860042657507 6.2833059860150495 -2.640202234294647
1.8155907212891007 6.295163262908688 -2.61882018393604
1.8917320850109791 6.418770238406119 -2.618928741169413
1.9177891287320676 6.446496692879501 -2.611505588172679
1.9943063261328993 6.208403043513611 -2.593589278924828
1.958166224432 6.216574372387262 -2.610812614423527
1.8662603867278758 6.408187272378104 -2.5978465912787687
1.965592953232482 6.305872696221504 -2.6271319023409307
1.8894069995361027 6.246903621602207 -2.622856412691948
1.937307604950661 6.405249088836797 -2.560698465138004
1.8931816194133222 6.339172782126305 -2.5574062236088757
1.8934550758517172 6.201898478563294 -2.597082992348658
1.8796244618678308 6.396063516687435 -2.578240449443558
1.8309960707521424 6.353875207261638 -2.6189159332328686
1.9539983047812717 6.445677586745257 -2.582974632717577
1.95080235112804 6.242521621642192 -2.5587294290270624
1.9782809029064652 6.368208050418481 -2.544341365316918
1.9189303230202723 6.5682357212279765 -2.610801848639733
1.941227904457936 6.557257195185178 -2.586663181317663
1.976505043272497 6.268697083719291 -2.5387633488162242
1.9099129303924722 6.3410215176601925 -2.5529951709421455
1.980355410320107 6.311813750852526 -2.6222071853021207
1.8999582077586203 6.400783964245132 -2.6298388480117314
1.8798447121039767 6.261723146178484 -2.6402794632101267
1.961157485589529 6.556847754353033 -2.581826679006551
2.0088103015929786 6.351650150219703 -2.6094920626019418
1.988327218902806 6.35403137793728 -2.544057205864832
1.9509277409218926 6.573040901082482 -2.587824851338289
1.8447261638845016 6.332664912888391 -2.58593805814573
2.0330630924163526 6.354608496335821 -2.5925077398007152
2.0121222528082114 6.274349582839374 -2.542364345035653
1.9954950576462402 6.249527321115403 -2.611323429442654
1.8228015496437657 6.267107198611623 -2.5925879014218114
1.8796733050103973 6.232473286233976 -2.583012680260211
1.9456000799153017 6.43521781951973 -2.5872597206520505
1.9358524922080744 6.439849661606235 -2.592013744632326
1.9485387224806452 6.379311180002037 -2.6299875610101626
2.0065275358928742 6.36789079715667 -2.54854465811421
2.0353937500525525 6.380011178858104 -2.570728040234805
1.9349725391392192 6.568021495839218 -2.6035828909359227
1.9924856877135149 6.249449820301486 -2.611857785106163
1.8773977259792431 6.2762963422017215 -2.5593238681737747
1.9600873172355682 6.360555605116481 -2.549808962106235
1.8304945963607604 6.307368483428137 -2.5969442559978626
2.031403244952843 6.386502225963601 -2.5794165212266487
1.9044678137377287 6.240163883493025 -2.5760052818188335
1.9487819772390536 6.362246419837364 -2.6306888443300602
1.869663963097059 6.228892661215561 -2.6077996808821906
1.9059287842382306 6.287790889598865 -2.63611448904551
1.9898477902515754 6.249934437191651 -2.5410625586983713
1.9573643532286045 6.20571339578993 -2.5886898213002363
1.8667250845452088 6.322434893873606 -2.635035419691895
2.0230385515443974 6.252658770527573 -2.552499468240736
2.0081005237345306 6.264168936772127 -2.6024820073127524
1.8580135077047821 6.213022028085894 -2.5930481912491112
1.9648561036191166 6.2407846945996175 -2.5962630626347103
1.8327881049854589 6.264815843972396 -2.587970532436165
1.8747967610378766 6.2800649563723665 -2.563902931772514
1.8992989452063362 6.275490060319101 -2.554064162780016
1.8402539549914316 6.338507296873663 -2.6128869594937267
1.9705373875052803 6.2186085342158846 -2.5749872062666723
1.9339007905898353 6.234757099837318 -2.601429043259997
1.8449382094234492 6.3473215443961 -2.6145680072616515
2.0282464298587444 6.314096881784581 -2.576108275659819
1.8697190812977609 6.21416361111795 -2.6095578410841505
1.9292057491115613 6.2424666600917025 -2.572250109544056
1.90425088198191 6.320834729797184 -2.633672765296507
1.916035714335897 6.27393101716061 -2.6328415896941504
1.908438820710488 6.401440657333824 -2.5796647291546804
1.9713593412217745 6.2144374791649515 -2.5729018606952114
2.0029791065828073 6.305147982856125 -2.5566493721128882
1.892764273986615 6.229026857720877 -2.592553403135126
1.9502037089093003 6.281265656257315 -2.624369380322878
1.9485264315391517 6.350406557030555 -2.6245787902959714
2.0002964484810963 6.27962680072515 -2.602841969382486
1.8591540246487956 6.332439367047998 -2.6217302881520173
1.9663933324745373 6.3250284158863765 -2.547420116864802
2.0194230243537135 6.336453829741949 -2.5598095340249962
1.964265352620243 6.416566968123418 -2.5988283828493337
1.983532792629481 6.407590635246161 -2.581486981126706
1.9187082699483764 6.3408990381072625 -2.630503848137786
1.992503783541673 6.325982020284789 -2.5487452853844745
1.9354316911645677 6.2473583939559605 -2.5881621570479028
1.8859777397570643 6.2874551765925295 -2.630410652920368
2.0107442002550897 6.337045150698229 -2.598585215356817
1.9138335572657572 6.279317480908438 -2.554799095607212
1.969721477102317 6.261575229562179 -2.547622560880898
1.9295437483031852 6.207176955738932 -2.5694723746542913
1.8436368626729398 6.30962938988255 -2.6037023051035844
2.0211530886473694 6.262006871008387 -2.5628587769174853
1.8669645658887537 6.368934776331221 -2.620039966322034
1.9982375674745239 6.378127761328694 -2.56081082531764
2.0153551226025197 6.289651336295021 -2.587235851616795
1.916075614851671 6.208328539382682 -2.570825706948063
1.8579762999759133 6.345755306542914 -2.6141896804320846
1.894714039771174 6.367781822118031 -2.5726698199714093
1.9098287156273848 6.298053857658065 -2.5603269850599593
1.9325875061105247 6.397285882863592 -2.615402322657098
1.9451792437472504 6.416360037166799 -2.594029358880494
1.9400119419055586 6.210518137712345 -2.598352323780965
1.9500590343869757 6.385131630408848 -2.565698394048751
1.9916692205078077 6.251767247647039 -2.5520146766969614
1.9011094243633826 6.388964899492205 -2.5840288982927526
1.8888730695079325 6.376801793029393 -2.581024297861731
1.884967163495768 6.387704355932126 -2.595592707897879
1.8698332663021175 6.313939679649522 -2.6218039570526286
1.9217209934129214 6.338678522491813 -2.561789794635602
1.9978956997159842 6.249256933286096 -2.5551965860957244
1.975151247196141 6.283589302856134 -2.553369811683173
1.9929033522552693 6.275985578187803 -2.6002738433905086
1.990270642620246 6.3829450943650095 -2.5717295218930447
1.884302038649945 6.333085460497726 -2.5811071277172584
1.9096386162028347 6.20731535140362 -2.58823774981357
1.9521809618720358 6.286166814847151 -2.5554289518737185
1.974228476870112 6.362458577718843 -2.559484842581384
1.9769907545986958 6.256564964541026 -2.6048263046498206
1.901773566155127 6.257130615639106 -2.562346715393258
1.9908754289231008 6.2847733951752875 -2.5575729488404804
2.001578603470895 6.303759820631922 -2.573763485753875
1.8954606955679623 6.388534141956402 -2.5970429618848883
1.9919669078430804 6.313909619823028 -2.596305523016169
1.86681785788265 6.338027945627845 -2.5929772365399266
1.8887824541727118 6.351403968274964 -2.617575439359939
1.873519321402938 6.335994450297296 -2.6171209057743385
1.8749800056697898 6.343960207109909 -2.5909506749511424
1.9859978141133838 6.386702970409766 -2.5750041013751783
2.0007235701696544 6.354557754221204 -2.591357268201156
1.959185437842356 6.258278338977924 -2.55523847232217
1.9556926569306734 6.3593465281606045 -2.611755303236306
1.9419286264248332 6.34530375474194 -2.5639485532495607
1.8763043703087106 6.3185627798260615 -2.5842974984722726
1.949174091188027 6.30162564165714 -2.611432785432302
1.9818906075428864 6.330431152359234 -2.561942391226461
1.856183725203382 6.266394401122845 -2.592804033992739
1.891009567795784 6.341313063877576 -2.618409054242806
1.889512816560157 6.289781495860961 -2.573320851220412
1.9827520352774868 6.3554262622260715 -2.5650577489580435
1.9983943389303338 6.365764307450158 -2.582286026501346
1.9819034703221576 6.282340859824492 -2.5975000414257914
1.9184809788723927 6.378862785475587 -2.5788187384768166
1.8554149384174257 6.275328189589711 -2.5983028947187727
1.9126766743874195 6.370614983054075 -2.5796563681823694
1.8677121404408206 6.263680860353931 -2.5821419361442812
1.9127278979566749 6.344282794436075 -2.6159411842863474
1.8652415867050949 6.282703123766684 -2.6077730399308843
1.8603231746797775 6.270767678718748 -2.5903338123942876
1.925637615810351 6.37495616180049 -2.611349476164063
1.9950727479445187 6.260383515107684 -2.5715589067731055
1.9222887781706914 6.378725566632223 -2.581454745765911
1.9484217573646545 6.26540141341692 -2.6107387495353387
1.9103029148843729 6.352984557064608 -2.577088325534718
1.982880121135152 6.259570766803 -2.562483547077764
1.9921301644871932 6.335938042857753 -2.582955785665315
1.9368002254449994 6.3262249578726255 -2.563887491125627
1.9315560059379235 6.359968907468687 -2.5771328805326315
1.8854508817200988 6.3170063762623245 -2.6148299025053428
1.9626560919792424 6.284563851231858 -2.603549356023489
1.9781861632061926 6.301963163468761 -2.5744774783817315
1.8992159480912405 6.314651333511297 -2.6125024605528027
1.8742624697060184 6.286358114803873 -2.6019931751721206
1.9778342796386004 6.313509948274046 -2.589273739609582
1.9790230689354313 6.313548665655592 -2.5874459817009763
1.9336623355047533 6.373870772628985 -2.5781113150925457
1.8967205122422892 6.330392963893912 -2.611472880127602
1.8947448354783465 6.336909327695938 -2.5887071160410366
1.8687864945911934 6.2600091444088495 -2.6039879705742197
1.9737774942238682 6.335413449537799 -2.595680046669626
1.894544708942765 6.302117337713057 -2.605245526487507
1.8710928178507045 6.274970515095147 -2.5991213188045155
1.9579107434215377 6.3759862355905295 -2.5865758736626736
1.888562647628325 6.329269749825878 -2.5908148432026987
1.9715145608810913 6.356629915868726 -2.586102171569724
1.8994148727042734 6.249970391099522 -2.5739808685563075
1.9604067579880322 6.300489970035013 -2.577892528687318
1.9713006783875295 6.344477023818353 -2.58353559671661
1.9075723814528123 6.356468009087649 -2.6038722377016637
1.9372931261903394 6.371219844456119 -2.596071105227812
1.9069988617790965 6.342522479106376 -2.598025732226987
1.8916616805032418 6.283494208591207 -2.6070416655160065
1.9578858574351852 6.255521453616505 -2.5682589477782516
1.8833753292617086 6.28337359786377 -2.5977565147897757
1.9058266178620389 6.313911249569067 -2.601776876977523
1.9660392484054334 6.278339381235505 -2.5950712263204414
1.8944721578993065 6.307628931902247 -2.593402665958934
1.957819212864317 6.348106641371031 -2.583832717284117
1.934619275594346 6.353632475389244 -2.5956673446327874
1.956274858622964 6.328508266378707 -2.572501069896785
1.894727724904513 6.252992065645234 -2.598843447192527
1.9429944757749755 6.263259568034156 -2.5758284876492645
1.9001556363664207 6.266532606230349 -2.5923029483822715
