α M log_fpbh
1.8340922669088395 4.71794859582101 -2.526012668237155
2.0997547954827622 5.428958565859939 -2.532248585571587
1.6150495038052837 5.121551979001432 -2.5693981432977235
2.106668754962779 6.328521943505632 -2.728568665064512
2.1654165185595446 5.922372743951829 -2.567804556302058
1.6920057723786996 6.538105622092401 -2.5912411300918485
1.6985430825971484 4.875219219842023 -2.6181958019700966
1.7168004468942337 5.181622586702126 -2.683009406272909
1.780256644685114 5.7996587566789 -2.5355352311181196
1.777190272716584 5.361199883025389 -2.5330776287744197
2.0052832506661384 5.406521972316491 -2.5655258513872568
2.017211981831344 5.912077579450969 -2.5163547014555516
1.822449497572391 5.3966809322846565 -2.6850331614045757
2.0425026362934426 6.502526619668953 -2.740830235076622
1.955885812812311 5.43562180118348 -2.625117289072891
1.6626767788570616 5.235890468739119 -2.6472674085604666
1.9679909022382307 6.6604123786352805 -2.76965557235253
1.6901959967234208 5.6502217148161025 -2.7172181811876994
1.6526944480655872 6.63413793706075 -2.6563842480246134
1.6461731941050364 5.435528684007796 -2.666478185306641
1.8203273233087822 5.587252482208516 -2.702941731057084
1.8516881042243218 6.66323139618717 -2.7805651375155223
1.7584081817659207 5.453281771123233 -2.5584706902200556
1.7225064465687634 5.170131094066966 -2.611047046722477
1.7658116505333363 6.774343558454357 -2.7709996460879074
1.7955542322610993 5.534684431448128 -2.695275494941164
1.684669741686056 6.6968578273779 -2.7405312925915277
1.7380725102868542 5.270456158768546 -2.5791096168704843
2.0617007317374574 6.349901520215221 -2.7106057169272875
1.7806463271403823 5.37014163106922 -2.6677956869929513
1.6520725575478035 6.587522350855879 -2.697881280708353
1.9296248246122572 5.999884653492767 -2.5268616800484693
2.0958472951166063 6.477406219617531 -2.7026735665914474
1.8982325467475523 6.540338965185969 -2.5476287620455587
1.8130134346652866 5.530957223710093 -2.5431158154089335
1.8424690777851747 5.296064758120449 -2.6352796498453874
1.929995479797845 5.925649343457554 -2.5325298381843266
1.6580099402370965 6.54486833030643 -2.6596234028512593
1.822588161439287 6.27878934284392 -2.761864169479508
1.692534687335126 6.262136757013755 -2.595951703294202
2.2718674040160893 6.758467006839997 -2.5845442363889797
1.6292752400276527 6.17163543127298 -2.6687063989601176
1.6994356552556806 5.905396306824096 -2.5930113206652248
2.0750424057698007 6.284362700682653 -2.690370849562922
1.7089486011015442 5.625410731916169 -2.5777939473903264
1.8280590497927722 6.649467321881323 -2.7709426172319476
1.8082145046454985 5.588579132331581 -2.692426399392419
2.1309880991755996 6.590951049776014 -2.5379484501173826
2.050038901542247 6.48920873083674 -2.718990083865465
2.0349047537698848 6.115820319858438 -2.679340372958083
2.0444536210487216 5.856245907224931 -2.6157541696566957
1.6679313357646577 6.596116778727688 -2.6876883387538557
1.9826359277838397 5.568008552301139 -2.586712126243137
1.7169571036771631 5.410282145021825 -2.5983507929939864
2.0053651292911585 6.683941355963707 -2.745164204182479
2.1612418910652114 6.407523586386862 -2.551304376055418
1.7058445609649677 5.713447311679291 -2.7012103044430473
1.8927156677558408 6.475833137718959 -2.7575154262102606
1.7646917107053708 6.563723542855493 -2.756779657281692
2.0454229056034623 5.908213638607429 -2.622619781715782
2.024678399937952 6.622785777298079 -2.7311879031489665
1.8172882197033955 5.275101148130791 -2.5769587306654564
2.227842300196003 6.832726163663885 -2.572178235275639
1.9729777699286255 6.73167521659772 -2.532606830915064
2.108088082518974 6.404936595556133 -2.536605493757581
2.018563359304647 6.189395816305203 -2.691146365212993
1.8953848858471725 5.543046830207569 -2.5476033398548497
1.721326951267236 5.63003043429636 -2.5826283674594075
1.9008746657237356 5.450268529174561 -2.608670872559735
1.9970442688913805 5.626801067765987 -2.578687249726502
2.116340043499501 6.174726711612118 -2.585036914984964
2.0456862349968947 6.230879213476724 -2.5374050994064694
1.7635496656765186 5.309488114851607 -2.610323697797586
1.9822794494871823 6.484417727930548 -2.734190724256018
1.9605614928099797 6.479153371593949 -2.739132806784614
1.735592074067539 5.432631243075322 -2.599971923057005
1.8012136947307285 6.257092548994002 -2.7495926658924974
2.085481572646823 6.129965131047668 -2.6287450295981474
2.0960410944911927 6.111249774961895 -2.6032628907740847
1.7140427818506212 5.939619735824903 -2.599481553151368
1.7453049035992274 6.42745454540321 -2.7448286272495115
1.9724118093127898 5.835127429692905 -2.6509357552879402
1.6816219938771355 6.490039965551549 -2.710385381086541
1.6622828565515069 6.152281130989953 -2.651832656118117
1.694508413110082 6.49595818940506 -2.719932763783639
1.7090415059134632 5.653231638628709 -2.679638201792754
1.6705685376370072 6.086199541034103 -2.6940927375037313
1.7979812734378098 6.411941251589816 -2.5761125173006088
2.045297903604149 6.698010379282602 -2.534032248309913
1.700592230948515 5.760575445287692 -2.6096916429550348
1.6827415892515005 6.345299457806701 -2.721209088996635
1.7833949062544847 5.394670349019603 -2.625467187657394
1.662545201630547 6.090697173633433 -2.6611476618456633
1.9990811437707348 5.716214414913439 -2.598093226165002
1.6870575301506243 6.695107375831606 -2.6692727328124732
1.8303204854347976 5.517457634290809 -2.6579728521231036
1.8645154868757188 5.547896090583828 -2.559868236618355
1.7777631465633001 5.396268791837418 -2.6059404764304173
1.6828676458454583 5.620653406392387 -2.6456612088782494
2.1188443340474894 6.2098976819006655 -2.5886509404112106
1.9716554411874712 5.754152674670842 -2.556696168965914
1.6811759669674013 5.734744520828214 -2.660171770005572
1.7837980151645645 6.4379267446701895 -2.7478634924697185
1.858172713537059 5.792745304122338 -2.5576969891424417
1.7725892528504679 5.4320295714139295 -2.5976478011287063
1.6995943783028178 6.4578133247948735 -2.633217827030148
1.98879252716139 6.0880791001698435 -2.681124904553526
1.8409242348771895 6.182459356414363 -2.7319144414501633
1.986158339940921 6.606345185987709 -2.7294001934503385
1.77411978308279 5.740534654118912 -2.692595760010843
2.148472838366563 6.434411060186278 -2.6273689255485717
2.0170027989454424 5.931368458516552 -2.630734326295351
2.073396823492343 6.160060699299015 -2.636665000901386
1.9944043887228484 6.800232478714346 -2.733116203289767
1.8737162768316713 5.504287261455623 -2.6296274319668136
1.8472565496512363 5.721210489361345 -2.557746352899776
1.8264191584145848 6.086017965164384 -2.7218507810268617
1.7323626123863374 5.477745631711183 -2.6196657527369958
1.810180872910388 5.4561655765551915 -2.6176351404781517
1.854970268260764 6.171217866818888 -2.7252612732182486
1.9681866888861865 6.3607428261836665 -2.540436563444783
1.71751553174719 6.4594623812114715 -2.7256722849861084
1.679151107119068 6.101136623170998 -2.6559100651185923
2.1240205872895626 6.764994703661925 -2.692146096502201
1.8858808236994489 5.577415417715506 -2.6319465501867425
1.7807008959752149 5.5775980315847455 -2.6597042980345935
1.752213086217401 5.682252190820919 -2.590891101888171
1.9822592248761117 5.788818578349217 -2.586055671760626
1.8751123533258336 5.922962912750995 -2.690054476961219
1.7739512697989164 6.801155793413135 -2.625560765776057
2.1583149133512407 6.587048660386856 -2.5849398702757282
2.2004005166611336 6.826667869871971 -2.5778420050326982
1.9973160583577072 5.880983741111869 -2.6147398088932357
1.8681352993544325 6.30179035439899 -2.7350265728619307
1.6864483194855036 6.099147971949632 -2.6492582616796447
1.8122861376959607 5.696869616397363 -2.675357424206128
1.707676704330015 6.583032796416097 -2.670433420362987
1.695311411020923 5.977350773749547 -2.680675440209554
1.996576269572232 6.755353839625678 -2.544874420557541
1.7362043863567969 6.807163034996876 -2.6670534374251194
2.008483863297383 6.52635083388372 -2.551591150502632
1.9206208366409712 5.6100301919957545 -2.5729066251135952
1.9279995004002641 6.026615317227023 -2.689439289346737
1.9357067254807951 5.634774553201689 -2.5764580615383164
1.8773253238842127 5.656257246039878 -2.5655420574184147
1.6925565010014716 6.116264380300438 -2.6443081483235558
1.782153676510259 5.6906962234471425 -2.6733541459493266
1.712729924277805 5.944655497040519 -2.625155539177024
1.7490758865228848 6.828083184916469 -2.653188056697299
1.8209825351771212 5.695683096283496 -2.5741419801923726
1.717942745464251 6.524709676173884 -2.6469687789965244
2.119251068989116 6.262422725650692 -2.597577773481942
1.7107943960110874 6.525557485127609 -2.6578825872603
1.8236134849892576 6.176841790557155 -2.721465419700795
1.8009775527453604 5.828524389404963 -2.583219552956173
1.7285762087143068 6.77936437743182 -2.6593933686699636
1.785781216370714 5.5553346123877 -2.641345688741014
1.8814810580831836 5.7145120133300225 -2.656364176487745
1.8684259145102586 5.6732930160234725 -2.5676790396336164
1.722874252419087 6.527723286617631 -2.7085853306095853
2.018222699981489 6.023289501051064 -2.5681266666542197
1.7333939902808018 6.489907872778214 -2.7192368583110857
1.9498546494079163 5.744120414068622 -2.618657807807046
1.7863058290071954 6.841971598802513 -2.7127283307201386
1.7145225357267995 6.525947799996869 -2.6551299420165266
1.8859394401221787 5.8103280045529395 -2.66413250090913
1.6905830578352947 6.23033455033573 -2.6794421378829023
1.8540134846196468 5.555501249695773 -2.6222925666290937
1.9488079145575476 6.054465133339921 -2.680597512344997
1.80493815298281 5.504516127487165 -2.6038076705229725
1.793585004240059 5.99876769066198 -2.704981876301381
1.7744261566160562 5.547909959881524 -2.6253334682837517
2.074830047521317 6.345851572864502 -2.665609338287126
1.7004414196959385 6.176574991250735 -2.646671274491321
1.7776081882501125 5.666761921297208 -2.6641933813181193
1.7434250550932675 5.599646657215329 -2.614721441770213
2.0956148805454675 6.286667771796743 -2.6338536192355484
1.7952330430429106 5.618666033128619 -2.6565610508565296
1.916012570865386 5.644125393008085 -2.5804789389627256
1.7332289223338417 6.693038099045017 -2.6413464175080223
1.8957564183885403 6.625514995835969 -2.7349600747671894
1.9499917890946339 5.803067505404281 -2.589098733164743
2.0521706119460994 6.134041724643721 -2.6103987271026035
2.1638233557892628 6.80097587301732 -2.6428025131732844
1.7305090367216978 6.763715336687428 -2.655091499656484
1.9639427651023316 6.416289121022426 -2.715604552942445
1.7323075521120865 5.797201903205732 -2.6463129610152407
2.1207667292402075 6.330546135487177 -2.5788431079555245
1.9471965110842708 5.787398992240554 -2.613483002122367
2.1713372008270055 6.723644723254624 -2.559747444949488
1.911633584799913 6.295527849991885 -2.556548570241083
1.9098183352403038 6.387813915215348 -2.727332514404156
1.7878659675820776 5.751354630799465 -2.5918242578670228
1.7324974983696348 6.626553715318405 -2.6727459053186764
1.713288148380775 6.667409714482556 -2.6676087322842954
1.8294340297429508 6.305930330074844 -2.7306911345318703
2.020262912735873 6.500988896552048 -2.69950943803933
1.9620070246202135 6.026810612302472 -2.5614474470894266
1.828714628091941 6.742371402380954 -2.586948517866098
2.117632992818937 6.849159870397242 -2.591090735461727
2.0368821969525444 6.127963713320543 -2.628640168649061
1.7406268716214814 5.778249074150764 -2.655540558842623
1.8449633264770444 5.685950258352456 -2.6538872677284933
1.8351920556502324 5.577547794956937 -2.6034255535609643
1.7082574448478731 6.090059085213816 -2.669209272764273
1.745437680276829 6.752340801574965 -2.6347042112928176
1.7179871834469478 6.05513257629466 -2.632406591515781
1.7997607914979077 5.677911258077212 -2.658211265575557
2.1148443803991412 6.610057168180637 -2.5748037568461477
2.1274161928865674 6.763705360480082 -2.6767675964063504
1.710033834506873 6.062841595773193 -2.674319220771129
2.1258624372141837 6.376034633396563 -2.597830058933094
2.09408911606788 6.660487189925466 -2.552469595833603
1.8371254407469093 5.609495507014778 -2.5864727444978115
1.858496960975727 5.664229827327239 -2.58142190431694
1.7685860695877096 5.6221326383065495 -2.642486880680115
1.7186754989890884 6.160857932242315 -2.687992597039664
2.1068599469005624 6.4341080284331245 -2.6349840488067073
2.142984580384073 6.788133516998315 -2.56523257452412
1.7738997508452645 6.271060818030792 -2.594333205489579
1.841164001605498 5.8452490468197755 -2.584396486087059
1.9495785372389118 6.0399700567517245 -2.6698471391812086
1.9265409144012922 6.286441930024537 -2.7130548245791206
1.9299334270426132 5.717139180227262 -2.607267430331233
1.884639651200997 5.893195302140921 -2.5764423155592704
1.7603251187484648 5.946222554226919 -2.6080865380331577
1.8693499440594994 6.279627780068811 -2.7236604326397993
1.7936693160631627 6.440439136176462 -2.7281425620183244
1.7736405526490322 5.734973110588497 -2.66022331195553
2.131610643568643 6.7815386705404705 -2.6698915946141755
1.8507580818676468 6.780188635742206 -2.7376897241328706
1.7457764316760995 6.770229833702564 -2.646392010059336
1.7308465409168776 6.2782127639412275 -2.710386603046802
1.8768140356587155 5.815375936416496 -2.654663238159756
1.7930323490568192 5.6719789284271895 -2.6518925937030335
1.8651151049247523 5.770956962357225 -2.581153809517286
2.12136614230221 6.703153633553614 -2.5596387539513907
1.8164249806812633 5.976827529216546 -2.5841441446201494
1.7216607920520866 6.43478709907528 -2.648353805198422
1.7069316298890662 6.405161224542741 -2.6691243224620673
1.853909125828267 6.34778645255363 -2.728976883306295
1.7499600174970849 6.74684424006396 -2.631619823615372
2.129580228441158 6.822358717367288 -2.5661841705583788
1.7713275506732957 5.760294169570598 -2.6571216146129224
2.1381712904623127 6.799950426759417 -2.5737053867230957
2.159742815658019 6.72122390420862 -2.647913491110928
1.9830507766952539 6.043134126062245 -2.5724492955182896
1.7164558045298681 6.105265278653086 -2.664564070215004
1.8193562106659105 5.889872361710401 -2.6770541613647874
1.9218747023638094 5.820057540408966 -2.6304580879305037
1.7610526034848792 6.418704016515673 -2.719137060450544
1.8954607897413904 5.678260308542014 -2.596208952804628
1.7406380295262665 5.865342074018299 -2.6474881119296696
2.0037923727045523 5.988056996260603 -2.5957740220410948
1.8784697185104127 5.900120012577201 -2.666556124941289
1.871624333092948 6.524423416993877 -2.5821850074737442
1.8780175511773622 6.039393038748386 -2.5721895977055538
1.7744854628934095 5.874130266125202 -2.610226706062409
1.8553604085256503 5.763120512901629 -2.650593221137754
1.747368344113858 6.600430302080365 -2.6833301947550323
2.086692948495397 6.280649272934995 -2.6213973859075277
1.895231274746433 6.8514475554922845 -2.705131299198502
1.894810985349396 6.84253274910443 -2.595425089820229
1.775424956658532 5.683761123998263 -2.637457619086936
2.0842625043777705 6.712224255555937 -2.5483671220541426
1.8169749627384522 6.481335511416237 -2.7278982284850355
1.9624125087650106 6.094723386829868 -2.665636220185583
1.9220941267623832 5.986460376148008 -2.6675081911959193
1.7071001201582345 6.249582245670705 -2.6843734533242736
1.8237340222817076 6.421844443863799 -2.5902415599398334
2.1631222508422137 6.665016205521411 -2.6142225133199446
1.9109356381768943 5.731366593518251 -2.5991352877155527
1.8258932842631448 6.539551243848422 -2.7246387795439686
1.734860389091829 6.6978139767877956 -2.6832125257013546
1.9052333570046764 6.555414358502079 -2.726315749648066
1.9119753846006082 6.712789272516864 -2.5664987325139963
2.1118873704095282 6.381974377024535 -2.605696760886384
1.7384065665778103 6.53736247054698 -2.6689047749600583
1.9062825560397747 6.4766148975641755 -2.722944453350675
1.8254639050631343 6.754750618096127 -2.599109443969235
1.714462280317333 6.3126857716846665 -2.6866482896856216
1.7735377353568131 6.817272025954897 -2.6914223857448176
2.0227159163090276 6.54551105109838 -2.6897367610138683
1.8064861258580804 6.255586052025132 -2.586819352192781
1.952513703497919 6.426033231719638 -2.709311046421461
1.9811256739179985 6.034696645632943 -2.6403629276145693
2.0660097996961424 6.436827059997691 -2.5707251652537115
1.8251416055470389 6.30096434689019 -2.584703116763125
1.9362330816102749 6.687953436469558 -2.5674759268987453
2.0025813688004166 6.0295222262988375 -2.6117686762065198
1.7578190032330627 5.8640139954649255 -2.636499357095783
1.769425594571902 6.537086082308019 -2.708171478675545
1.8053994024713456 6.400499795808747 -2.724153159086229
1.8127515017208733 6.292567134837714 -2.720373741893666
2.0353438020402788 6.790016567897048 -2.6981663106262372
1.7711631571558226 6.603173308750113 -2.701040104609169
1.7709129537625605 6.299989958256687 -2.6065966943451135
1.815595677582289 6.426653313548835 -2.5969772369089803
1.8563477435125106 5.799044244158792 -2.643529492762829
1.7725105767229798 5.824461074237181 -2.6426482779979903
1.9012428465502382 5.855806698937273 -2.641361193607155
1.8355459133610394 6.208617701287807 -2.7102668966324033
1.8527668180790091 5.683928626285127 -2.604537213557176
1.8074981817438982 5.676927354992365 -2.6230678822088054
1.8051018059191644 5.919124811264405 -2.6039503141183644
1.7529274018665315 5.94111139793562 -2.631840551402626
1.870108333501014 5.797411167330837 -2.60113704767332
1.8124666634745064 6.839363087941766 -2.6414000796473522
2.108335629332413 6.487771114271366 -2.5970861603948183
2.0488033073440244 6.4366344246789415 -2.56870004347621
1.7147658935662462 6.380234463250216 -2.673040793803656
2.0160284886773114 6.26591570393099 -2.559118160823985
1.731795010921239 6.05249089418084 -2.653919019125574
2.0213836871248585 6.271306792002338 -2.6687340025211967
2.101668614974656 6.794477911963478 -2.6664498714614284
1.811115270776235 5.737277747825443 -2.6065950049266027
2.0263640663354137 6.7210600958344395 -2.5530499923360557
1.7289646001527137 6.432870279329596 -2.681656240454233
2.1536131077762315 6.661484112126638 -2.5936675471561697
1.8264219030141424 6.004716672839629 -2.5882929412589553
1.83116922971245 5.737090312895182 -2.6409809152938095
2.1657982343354325 6.782424929829892 -2.6207222396416068
1.9631482965718634 6.038757119225081 -2.6491992876013706
1.876466182001561 5.724411427698434 -2.601845631690752
1.8664909353220218 5.815257671984631 -2.6393896105954453
1.8671513457704778 5.907013147096976 -2.6586901172749187
1.733634435269734 6.119830531962656 -2.655096010056385
1.7442748820420957 6.677342301120726 -2.668783767933868
1.8291885454399721 6.835482499228933 -2.630651146671279
1.7338852538261096 6.385646375322087 -2.63920580341857
1.8659204536837324 6.611581133089828 -2.5951760152478593
1.735361695553913 6.101214455952183 -2.65511059912035
1.7884229497850574 5.871527764349454 -2.65853426627302
1.8616698899987028 5.706708939425279 -2.6128549060618953
1.7856133892621426 5.825400632976428 -2.6298490344632866
1.7376372295135565 6.174214032868329 -2.6730593124348383
2.1222032674861686 6.816856025941942 -2.5741760713221007
1.7828315221278155 5.883135431061504 -2.658274998106087
1.7878264690017458 6.358121198885588 -2.6015194607451892
1.802017972176267 5.732680123710104 -2.6191656068376017
1.916559136899064 6.4994228828578215 -2.716525132413906
1.8030659291012412 6.60390817383569 -2.711087754463099
1.774654798745293 6.627576524134012 -2.646519150648086
1.903514277960121 6.265128021911726 -2.708679208196164
1.7449984681716892 5.965057224790378 -2.6418792279132894
1.915945981166098 5.87626075945696 -2.6264046939172014
2.1337739975048287 6.838303648860471 -2.5982838012366427
1.7438485621624369 6.215612708364694 -2.6317557464004753
1.8462614666912018 5.896071742312939 -2.5960349687192394
1.8540394180424207 5.811438875869866 -2.604547591634063
2.021889969543552 6.812091922994487 -2.7031174937548537
1.9582672781398451 6.399752884989892 -2.5637989567813237
1.7526551413736327 6.126839917870543 -2.6802567895003175
1.9115234035597806 6.344746699776658 -2.7131122790475573
1.8594061994194657 6.6856395642723445 -2.7281758033536656
1.842445238135917 5.793519714322327 -2.6314799402479068
1.7459063225319773 6.237141636207189 -2.633484596330328
2.126911294645191 6.671299844110832 -2.6452709067182436
2.1027919903316916 6.802183766908425 -2.665531746877134
1.7402584500472935 6.4807549857330535 -2.684556300395159
1.8298592854295777 5.892126847015742 -2.6034442444888253
1.8378770691284436 6.801232594726857 -2.7131441618163388
2.018429324136522 6.437238783064442 -2.568622919652281
1.9326166041274866 6.010944086508744 -2.6579018913315284
1.9752131893285503 6.582583030426844 -2.7049794471146402
1.7300689104398617 6.245235533016421 -2.659074968438751
2.056738600477618 6.373208287202549 -2.6569002514562396
1.7762844036467902 6.672999614923285 -2.6307119128184366
1.9496675921924922 6.101307225285126 -2.6614886859656175
1.8846646481667073 5.824395329755311 -2.614048992968847
2.087966986828482 6.423942606268488 -2.6238612601670246
1.7508209076407326 6.571272151356998 -2.6688994610163617
1.9069807102862488 5.881667862029424 -2.6258451776240053
1.8211621223810646 5.83544558418806 -2.6153269823209744
1.8410909919695662 5.995925637217001 -2.5909475365347276
1.7959379927037689 6.659573534141667 -2.6147145783731713
1.7752574405751418 5.973684084575629 -2.671799521421746
1.92661020253635 6.095716940444559 -2.670274065313704
1.8166384765488337 6.196798995895836 -2.698737377725183
2.15251229334451 6.788896908946588 -2.5976856381165074
1.8196522127421522 6.441445596372901 -2.6020964574026415
1.888018016678081 6.087595321079805 -2.582840735865073
1.8904716073515822 6.536897738147272 -2.5881825565260073
2.029742667075465 6.629670474717223 -2.684602608624243
2.1381125789013895 6.7870073531480735 -2.5844198707241777
2.0217217832483487 6.6052383850192395 -2.5756473936784356
1.761155264287492 6.726973683715074 -2.702274746288192
1.7478086310979184 6.085896161100729 -2.650108557378474
2.0827963649368773 6.4838988471495345 -2.6420327972038806
1.866164950283089 6.29429663974674 -2.5781697229095104
2.0870345472737917 6.4173070918112165 -2.6190329860855774
1.9006652898826542 6.274670261012249 -2.5693116675204664
1.9700415311181536 6.238255852607594 -2.572553926833093
1.7970917961956425 6.437712435977741 -2.71328474612296
2.0541743018904772 6.3792930085542245 -2.5698284433260437
1.8429252777262977 6.78885446804952 -2.6100945105791338
1.784861258968669 6.148881881949443 -2.617195423961329
1.7662136162069966 6.142543889014839 -2.6304672271545506
1.978965960951332 6.633252059502777 -2.700637562758483
1.8021182626322 5.991839152202413 -2.6055523640202893
1.8386894065829853 5.917416815662668 -2.6571877861389264
1.867741241578123 5.853778996807396 -2.637529213816852
1.8654048241044519 6.502962182965735 -2.5925020078624588
1.9223746803347617 6.60487850556696 -2.711343109555556
1.892682411406228 6.734511814858294 -2.731388222566726
1.7560411647426295 6.707703631597924 -2.6839379832149897
2.028875333750576 6.434831373660611 -2.6713115988085328
1.9195826546033388 6.234276173527517 -2.691260447706976
2.0057245976261475 6.15791618208578 -2.599505794801543
1.8470131341553175 5.828202984433713 -2.6230461048751934
1.770215783057298 6.1280079281261255 -2.679778201702535
1.7859380324571223 6.644229443578975 -2.6214248125577133
1.8522032254504244 6.517851655566783 -2.59877681813506
2.0664798035668923 6.286497557165057 -2.6076560195305163
2.049361226074916 6.596850061256517 -2.5822813837007015
1.7524950734069464 6.131027485971795 -2.659856408142316
1.7742579937582126 6.342212348947254 -2.6126764404083613
1.7889875329502052 6.645441723924067 -2.620327562882493
1.9230581316546522 6.571726067138158 -2.7136089419643348
2.117033683431745 6.83061425555689 -2.6017220517169344
1.7564344671046475 6.523144555341305 -2.6708281338721425
1.9187033971910432 6.762681569672064 -2.725664078711554
1.8512865111452408 5.856653706890382 -2.612384406300154
2.0187410115808504 6.502839158689547 -2.6798724576277033
1.7930570395501464 6.827356888403912 -2.6749060652064163
2.0700875049764242 6.851503113657131 -2.62169658987723
1.7700946892721479 6.019945994994243 -2.627988179300651
1.820610072109948 6.842569443190753 -2.680762541958803
1.8952210832505387 6.014143987471936 -2.5847482617369457
1.9586999582503437 6.032298401180283 -2.635580556936868
1.8859790236658789 6.470452482379653 -2.715344128390874
2.044265132728353 6.432267919016416 -2.65924541887503
1.8495239034099962 6.1813821804266205 -2.6934145561641922
1.842579750217992 5.933862146260946 -2.6026929755570922
1.7469571369772412 6.417371779710854 -2.684214077650739
1.873289265601823 5.980755540487059 -2.591271529128453
1.8516162507580116 5.870133126631462 -2.6151503954647444
1.9214095886105453 6.145614161931025 -2.584621734415739
1.9303714821150206 6.463394772469361 -2.7077842490240664
1.8889511343840626 5.897557515412038 -2.615373964934074
1.8411117191266233 6.837759275465404 -2.6360468528419427
1.8055224153704716 6.822503125469594 -2.6918800759160093
1.8694259768459065 6.639064672477442 -2.7232082308734338
1.776920204749282 6.126692126743716 -2.6271329301746333
1.8041243245644936 6.244416569807695 -2.6994910703086945
1.944238576614247 6.132498069863469 -2.6596935010460987
1.9352313456872108 6.198734631075853 -2.5836551130218037
1.770375717165546 6.349654941154543 -2.7047227294800082
1.8089743825320284 6.689510503402042 -2.714114850201703
2.022361401966497 6.47797779586366 -2.5752290841205108
2.080804125441344 6.609745502706362 -2.5947833671470097
1.7505867487282625 6.240969413987406 -2.675756715324871
2.000357606348841 6.184753723273433 -2.5996837794172327
2.053727543746929 6.333434663293852 -2.576360108679264
1.8064660421685717 6.0687645421656695 -2.67869342796825
1.7635620835009693 6.72779980541361 -2.691554232349737
1.959207238776696 6.72772272185312 -2.7192111066838027
2.098668090773966 6.699320143479086 -2.66153890134662
1.7787523859853254 6.075037128503904 -2.628190883026943
1.7901898120530866 6.071522503426785 -2.6194540775924797
1.855710030789326 5.904844303758147 -2.617504763465581
2.0673907556957483 6.5464260342956 -2.593617402767742
1.9301774748652054 5.973176028077361 -2.6355440887264105
1.7775862679025196 6.108405982739732 -2.630342147652132
1.9751607831317108 6.06220843793824 -2.6074507707397254
1.8016853804201691 6.471430313601448 -2.616419649756148
1.9367880787674245 5.974747022931196 -2.627960416013204
1.73701658065465 6.286561524652541 -2.6556376223207945
2.0254142953912826 6.396161969760376 -2.667036927583041
1.7858416379962976 6.037939362149462 -2.6252442158167177
1.8693691897359286 5.924726209100713 -2.6177738765514196
1.763303560455157 6.726760708630327 -2.6565026421995306
1.8762149827495205 5.996027737771638 -2.6616063304786204
1.9125036945507508 6.752076916031709 -2.5782823655244718
1.8872383403330288 6.836065981401833 -2.703138832324779
1.8460264244905313 6.178849145874097 -2.5979788993714203
2.126609855222096 6.690654677818172 -2.6312907669475134
1.8528983615178949 6.7548488682823855 -2.600483287763556
1.959447325825557 6.386653778298563 -2.6943172281700196
1.9464456462162292 6.1115889268232575 -2.650497603602087
2.1285380063103174 6.646302624437677 -2.599436259375137
1.8184520316409258 6.194042550333844 -2.6885943891607673
2.053185757465579 6.3976908808347766 -2.647479247142099
1.7973276197726624 6.153863798809844 -2.681691304359855
1.9063271588235553 6.317582591506053 -2.577363460152557
2.016987387640062 6.23153085051292 -2.631399753973369
1.9231887238216279 6.047967311199909 -2.650475378675228
2.075556873423508 6.547225722887505 -2.6079876929268533
1.7681626306749278 6.346843495873729 -2.7001771499953473
2.019385884985581 6.561026296337149 -2.6803852589841606
2.1034347107551437 6.823038727417364 -2.584505685538061
1.89534553819247 6.05320700349177 -2.590584555717146
2.050489224938327 6.7588746454014625 -2.690617567752815
2.072102322319619 6.3728253513669895 -2.5944188771539403
2.053398841628611 6.295138793466431 -2.615036772370325
1.7918096889415494 6.495002502083877 -2.6301253407224054
1.8098791210449081 6.3814036304741855 -2.605119111962717
1.7995247025778682 6.168322878762274 -2.6173247620091296
1.8556987643760818 6.459382540264801 -2.5955555623301203
1.9009674844732127 5.957975098467027 -2.6023174365769237
1.8634871850010675 6.820117976963647 -2.613962355292053
1.9642223521899105 6.402344554044442 -2.6914294862793957
1.7608492632573034 6.661950884520865 -2.6731488918565818
2.0619551560687386 6.36387929591346 -2.5820542038915164
2.0287856465362015 6.550129598331084 -2.666644345634669
2.1109804542056647 6.816726792085227 -2.6490923180143033
1.9191468273222452 6.045243025200364 -2.650815930759019
1.9517142601825874 6.020057588206814 -2.609064802965177
1.9796629473340799 6.65992180360242 -2.5694426159655954
2.029133158614185 6.514884176288534 -2.586495203016951
1.8039154382125662 5.998388228129717 -2.662170387113364
1.7741039414872544 6.22065500300099 -2.629917246190744
1.9214619292290398 6.672851847304012 -2.580244126131411
2.0417032314886665 6.259488158380689 -2.628779866255658
2.1335814865444163 6.784759899414044 -2.6131063048552026
2.081301410918198 6.591262543597203 -2.6127012746949956
1.8160886375546461 6.412436743940244 -2.7084314318587284
1.7836721998876248 6.058152770554111 -2.62914683946324
1.7828190200011398 6.066771945284206 -2.631399499400316
1.8706539146140555 6.650004282007565 -2.5925344593130575
1.7385491440967646 6.341134861198055 -2.67011869939496
1.920253328347812 6.799086618596621 -2.7083624659880448
1.9537662004297183 6.030666282651095 -2.6125036576041105
1.7943895736898177 6.077086474240886 -2.668005967665926
1.8385547553894535 6.267393623244574 -2.7048042812338116
1.8093595009332766 5.96239633587338 -2.6549233120808755
1.8465786841470737 6.332747196661645 -2.7098215498860787
1.7850269200643147 6.564966442819065 -2.6450775087559664
2.092397386434231 6.664106226960982 -2.5755707154652328
2.0220084321242062 6.855468438243511 -2.6164861224614118
1.8943869940570566 6.1436808519947075 -2.673230023935381
1.9994117013553858 6.794919367221619 -2.6936406891755995
1.8286214725959735 6.379492834277879 -2.710656112556647
1.9865645705951236 6.424948478237056 -2.682482613786031
1.9169126389292648 6.019315276220648 -2.594695104268573
2.022025149346047 6.612346145321485 -2.677239030877344
2.0156912388314328 6.22432870356997 -2.619542819024944
1.9630307522299604 6.453141830081025 -2.69210419443194
1.9402077958413917 6.152922089873702 -2.5908787238447797
2.059623223836722 6.387249116282943 -2.63633084527438
1.7620030768059678 6.446448862349422 -2.6670303223719003
1.9731207073578396 6.496522184312836 -2.690687410458545
1.9667215062624623 6.498908147620815 -2.6924215979318213
1.8194144887369503 6.3992597761509336 -2.605245564686089
1.8231639396303085 6.230652767338929 -2.6933497968630897
1.979464708716122 6.721460203808091 -2.567745830474284
2.066367044615635 6.55015966520146 -2.610780685431002
1.9548318633387036 6.4788749198657944 -2.696008517222624
1.7748208489910575 6.1581995692305735 -2.6450710638020674
1.7995855874433668 6.60545580824469 -2.6846277361393316
2.0716737800981084 6.529412839205544 -2.6054539379571686
1.971753254526236 6.7526498092896965 -2.7149711903901186
1.7897940440510822 6.111845622097381 -2.6324808629808367
1.9393142081669899 6.082052321967419 -2.6418126364915713
1.9470242534603408 6.200849725885837 -2.5883613636234966
1.786077757910978 6.312490014568851 -2.697460943842005
2.059565568432909 6.607893105456151 -2.5944916998488914
1.8300695235023734 6.147422065412299 -2.679470680749141
1.806481425935266 6.158301622891347 -2.6795358996045695
2.1131997056888134 6.646358690087578 -2.6338099435218485
1.9712523733877205 6.123435011317808 -2.617078085603807
1.8684194483231833 6.665255795574582 -2.5945085314797223
1.962049585557451 6.541267101841478 -2.6916533534917617
2.075822099653527 6.492355028946221 -2.613584115230319
1.8119300788884676 6.039778055890229 -2.6172760252824085
2.016150091207888 6.790650385225635 -2.6869624020196623
1.7838559098504005 6.499884079175827 -2.689234977831142
2.029119648105904 6.25247889213281 -2.5880537421849357
2.034058369679077 6.8480393396388415 -2.6396071576234044
1.7425239501904601 6.338236123477727 -2.6697906867315635
1.8307152238497841 6.618367638728846 -2.7006305744792267
1.7655550712422092 6.2376285289811 -2.6466453850803364
2.0444675972085125 6.282308666688953 -2.6185730183033264
1.9486806352478339 6.740941892774302 -2.5723417747440758
1.912216810454634 5.988948419315664 -2.637836488917761
1.7833036023874385 6.690202760568426 -2.68981166909137
1.9296956950360564 6.154372634609274 -2.6605980646408316
1.8252067276460506 6.071486322472842 -2.669616991563481
1.8452798703057902 6.013766964671554 -2.605120094960353
1.9061984010525954 5.961138824759649 -2.615513755179735
1.7926935979755674 6.515445190781459 -2.6459297343439996
1.9052167494573262 6.621441801659857 -2.5990443177520643
1.8870116871853788 6.153775107552148 -2.596265178438526
1.7632148397598395 6.464261459438493 -2.6706034640611653
1.8721786454189935 6.205955212284645 -2.5941324643220582
1.799103308286646 6.397495908037504 -2.616860948263107
1.983767150337116 6.412041040141714 -2.6802746227799634
1.7749983638543054 6.37854689575456 -2.695033310991244
1.8005039353173058 5.990393638758383 -2.6340773505110078
1.803786093514857 5.971838064461198 -2.641590676712886
2.0638386807133893 6.606332557563086 -2.6007759449742127
1.9050898676445818 6.427173418340339 -2.587543086957254
1.8073201387431337 5.970960865302489 -2.6463946554539985
1.7970586979837009 6.616147830718489 -2.675432778987135
1.8913430224934282 6.787213491218583 -2.711180141911163
1.9594954793330754 6.532477720979861 -2.586451093730232
1.9477478238808834 6.149523385898467 -2.645322076033172
1.8272592419927627 5.980875787604212 -2.619950657570018
1.9059085697143066 6.4112762707769235 -2.7016772793746497
1.9065528096139004 6.615270441053364 -2.7036717240822297
1.9757423600388937 6.21155496309121 -2.5876471700992063
1.786453172480169 6.221428858043948 -2.680018206408661
1.7812597218645947 6.5679016154434064 -2.6609273104968483
1.984737547831541 6.7588167625967674 -2.572165852990241
2.0271690997212457 6.400765823447678 -2.6580767400169494
1.9071245388495504 6.101312288933101 -2.5975480024471373
1.933008235526132 6.210880708409945 -2.5845320967441965
1.8954181616118522 6.266996837426436 -2.6954256236444674
1.7641363864454873 6.307094377143844 -2.636648603899453
1.8396549001387106 6.4549228119974185 -2.6074511791410306
2.0748620779500278 6.570925077761189 -2.600522554616628
1.911164027688897 6.1152761628886285 -2.5959178245872763
1.7949053772603252 6.074756083434252 -2.65385128894198
1.8008178309722376 6.602268505975303 -2.6686513951196806
1.8954123458714003 6.5580822031457355 -2.70732151714758
2.025105018853451 6.715638996514641 -2.5674100138145346
1.8269826191372456 6.221252386507759 -2.6081308831969956
1.8091867667364694 6.783197131365008 -2.6947955071915795
1.9944778203651634 6.208800735476314 -2.636880098009544
2.061721891113544 6.382448953968497 -2.6205831962916237
1.8077342126797222 6.508986912897365 -2.6315552702377283
2.109097654348524 6.6526177183138335 -2.6298954147285674
2.0373905440164237 6.477089719486334 -2.5892748696349797
1.8864345437869008 6.221602065191361 -2.591775194552766
1.8724168173746523 6.557300252739566 -2.708071841663396
1.8040670800374627 6.047803266949537 -2.6505809418474913
1.876352358711891 6.455349225201423 -2.596525823853222
2.045263252331913 6.532741259574185 -2.6494716492602293
2.0391743251045313 6.481541989654284 -2.6533549384677677
2.0978400638543704 6.798704943998391 -2.60001894672524
1.837332482143688 6.064062047125795 -2.610558874546581
1.8942873334405 6.252961716135012 -2.692152529728185
1.804087047310467 6.016655693992977 -2.633312998182265
1.7989191423728628 6.287091206234538 -2.695436477475747
1.8187591801156697 6.077165462391486 -2.662514828823463
2.057511363853228 6.357524077501703 -2.595831780448135
1.8575216591314345 6.045947323618357 -2.608747680721971
1.9984708212371163 6.6000119301843565 -2.677178593563208
1.797950452482875 6.055993170529644 -2.6551276415907323
2.017841398513868 6.605003484111186 -2.591023252475306
1.8971909044730513 5.992236241846259 -2.6094652703191654
1.930813070697402 6.835387339344434 -2.607946740366159
1.8010891416659756 6.114274682085517 -2.6642710402349135
1.7764658946872323 6.470430289078596 -2.680971806031504
1.8591630159613444 6.019887793991417 -2.608290168533509
2.0446932723239684 6.8034758970687905 -2.584858393580242
1.8837569419545175 6.790404273709633 -2.614353442979744
2.1161486126235873 6.763750224666754 -2.6456600103862913
1.881644763583673 5.987401330374841 -2.612452133704657
1.9807269445413271 6.200387841635351 -2.6216668862916745
2.086846815272758 6.693883190970542 -2.6559892009544845
1.886868337012316 6.357258212387508 -2.5842633889740974
2.0063532597594187 6.242350725866708 -2.623527661936528
1.9993988528486857 6.553005466191479 -2.6814005953700364
2.112705913490988 6.683248249290729 -2.619881145009712
1.8908284281700432 6.100089350860918 -2.6594073657087547
1.8331436872690903 6.36540395261958 -2.5996582814581126
1.8872025195475501 5.99574897353123 -2.6377905207350185
1.8085279523040718 6.009105593676914 -2.647079828690501
1.880192016106054 6.373227574645702 -2.7032918089603495
1.808361005662468 6.585683548239959 -2.688840350683577
1.7602438005000023 6.338993945419798 -2.6820010186026852
1.900074326799252 6.154718754000731 -2.6651623144657246
1.9082737468606326 6.324028172695772 -2.69530699126184
1.7904708291669038 6.189065948221096 -2.656761191050891
1.82875135202733 6.722079838994187 -2.614796127055073
2.091344819943264 6.823188819957126 -2.6519628465330376
2.1095299441237176 6.825419165398381 -2.633378873623153
1.923201119448989 6.262418346542093 -2.686387594634197
2.052557775595128 6.497110756562827 -2.636146383675948
1.8596402237112653 6.16434319379846 -2.6747392214240047
1.8051254318858367 6.093799764679629 -2.634343249954466
2.019290615684752 6.371038740378607 -2.657888339130375
1.9453905040227504 6.424424857267929 -2.689735079128143
1.768382575041327 6.414191902650379 -2.6633450213559406
2.0894527881129363 6.79612399436316 -2.639668295380657
1.797230889214855 6.537593205311486 -2.673674616346471
2.0817593214988914 6.6758634103883905 -2.6531007032791987
1.875489050798694 6.290046029508541 -2.6958679919400397
1.8780557514636316 6.823714907790533 -2.6164515474848784
1.8448152523657033 6.358308011073356 -2.596870669056874
2.0252778204293653 6.441738080039288 -2.5927447852642747
2.0072624020656686 6.337921067239141 -2.6617935242372566
1.8197003002579986 6.00268120599162 -2.6439554033383668
2.0216725300385527 6.8320745147099124 -2.597988736281543
1.9422703666229286 6.196845988452289 -2.6010942077584764
1.899554539794549 6.453475828134572 -2.5940737057447762
1.8993190283129089 6.125122516321758 -2.603845077173858
1.8708553364916738 6.670980655627743 -2.708340699547495
2.049739344456269 6.610663536707514 -2.601259193031281
2.0264791985777793 6.7806420829049525 -2.577490474822344
1.8344197560419309 6.642173409927262 -2.6112964904285274
2.04437384050138 6.577898673130166 -2.593295669199448
2.0608451304594593 6.610426467588629 -2.6300035273771822
1.8802569704909151 6.03753137975344 -2.645888610979079
1.8568244672977703 6.497458546749732 -2.610049059115064
1.9605878095792337 6.505174646451637 -2.686182339563784
1.7843035996925858 6.661086822431104 -2.653602599413265
1.8368121493550507 6.088672442521505 -2.6568367219230717
1.7861155555330674 6.443476949603806 -2.6477499179756805
1.919404095167995 6.111112593005839 -2.6104478125316923
1.9253248769668478 6.420383574260337 -2.692499214609273
1.878708666124874 6.6431978301207355 -2.7130471329762123
2.018784218833864 6.4431692834965535 -2.5934612313518075
1.989657038778986 6.270506970694003 -2.657892960568758
1.9334381941880312 6.105099488032393 -2.6190294437695614
1.7951055261685358 6.642955197891589 -2.6960075381761452
1.8014599722775457 6.675380923892157 -2.6412320433951875
2.0398388831077416 6.3418187335938585 -2.5907639166039105
1.9882473901380746 6.792476887886583 -2.592471356782169
1.9121796706411622 6.441505312031743 -2.592642967702359
1.911477997945751 6.605733852918863 -2.695652413509237
2.0270095669439554 6.831233172822698 -2.6683601997793596
2.0295042707952065 6.56294323114786 -2.659730365599717
1.9751488302406637 6.7638745746303055 -2.704579296363934
2.047095896538365 6.4538869430769825 -2.6113554975335127
1.989535360427595 6.538133740130466 -2.673573072754965
1.866063523431368 6.166135287790356 -2.6700986708133954
1.9036772298696607 6.6183469843092455 -2.6055133462301043
2.0302641566442663 6.273901928719917 -2.613289688437292
1.9866851165339126 6.83286205656407 -2.681965040528961
1.7619000162701213 6.3659131353365 -2.6647923007441863
1.7988437559922077 6.748342717216596 -2.6342363263930215
1.9756812460815851 6.339126554162695 -2.57646180353962
1.7843078570382724 6.742365442416126 -2.6854889536737954
1.9078240800911326 6.069413293518313 -2.6162427221248543
2.0774719540733058 6.838863108164101 -2.6207286037338875
1.947806674850081 6.180926870255754 -2.6077515163138716
1.8374721228500466 6.491623909992389 -2.617114980905689
1.8907926735717973 6.017022142310568 -2.6239212103023037
1.914369072550312 6.698216807536715 -2.7096678718020932
1.8683098342547557 6.096443683444481 -2.6124268103364088
1.7874711483217784 6.720958144210616 -2.6823398480884793
1.8333029358624304 6.801879536328761 -2.667136784231065
2.053522978821098 6.722053886080655 -2.6778779284545684
1.8784798137198502 6.516868013668452 -2.6950186920530452
1.792394659182123 6.640831304293295 -2.642347073601044
1.9986785845240707 6.682522136408064 -2.6902363906262687
1.9153829018537345 6.313157498048838 -2.686154832181849
1.9161153641690771 6.612788031702608 -2.602447898246549
1.829135431548858 6.126519181182281 -2.6275086212971406
2.1126792859191736 6.701681486429034 -2.615804989647601
2.019157583912337 6.350714917797596 -2.650276562187514
2.0262954266056576 6.531563426397551 -2.6531516713830348
1.8388768252334966 6.055809249443898 -2.650956629185994
1.9072138202446784 6.101474451318828 -2.6420360914042567
1.7684326802371393 6.282533588961222 -2.650143575812388
1.7987939506744586 6.239355514027384 -2.67037096652201
1.9041484720179396 6.667405576891096 -2.590545391104164
1.9200636925928467 6.2830239304747995 -2.584475664138739
1.8613385967320708 6.260679175368524 -2.5943474724143423
1.870917253227042 6.82716734590575 -2.6251948983445947
2.041541304230335 6.363754076367545 -2.594486765478444
1.8042638844993562 6.738686390258247 -2.634509906960453
2.0873706622345805 6.779631395484364 -2.6546713078670807
1.924185135512431 6.124648551952996 -2.6337182164932065
1.9151697087845938 6.173972046800707 -2.65256590629581
1.98658633223573 6.59151449208543 -2.596607414896345
2.007093013643436 6.695662853868036 -2.578077620986146
1.9873216091643608 6.31747749245034 -2.6577556132053046
1.8568455856530963 6.206448790004904 -2.6089058926929862
1.8287045112870994 6.1843077234289865 -2.665337834847062
2.085731267373055 6.82204950344644 -2.5993064980338376
1.7801489292009287 6.405116062913052 -2.6723884946787444
1.875913724110824 6.309809166744698 -2.594587617271147
2.0203974665537885 6.302272378937124 -2.606183126500562
2.074022947099289 6.79738912378396 -2.645451555923092
1.8246432919945739 6.617330865662315 -2.649442281551204
1.7721336670994512 6.330806215956806 -2.641515991176804
1.7947361124000243 6.715943199643744 -2.6857721150819005
1.7876178989998013 6.47033237133609 -2.6590851309293106
1.8853867770370552 6.351400272937484 -2.59007700211291
1.9683746738848407 6.772743141029106 -2.704362548402633
1.8310425765485348 6.611024242390569 -2.6816862171217806
2.0954480554569743 6.676881922344222 -2.6035244620118445
1.957435782349188 6.201880047291045 -2.6241469881716015
1.770951309700251 6.265046356167671 -2.6698521388585976
2.0189478081115793 6.5068484506941395 -2.6537068144966143
1.9757961998304336 6.676971350588905 -2.6942546776761285
1.9277258976416696 6.214106048572464 -2.662115369459737
1.8425427055292602 6.155633740888198 -2.6226664066285856
1.7996808076432909 6.670347023931159 -2.6672284976089813
1.8061433268638862 6.412751663605069 -2.629667585446851
1.9337709787284663 6.706925256697161 -2.5877972252722863
1.9050193350791083 6.416096885634646 -2.5941062564306554
1.8426239732341887 6.56190937684638 -2.6938699020712464
1.975102560912749 6.620420518380692 -2.67984114924897
1.8778552651698872 6.095489378090354 -2.619058291453692
2.0336343366255205 6.571695910500827 -2.654272496461503
1.7913711894117013 6.263048764417311 -2.6255388200450107
1.9869146623654883 6.591552965606105 -2.5985053395333306
2.017133201039461 6.440622860489826 -2.6481721617560714
1.830785308222863 6.24067775585012 -2.617545617609274
1.829218752702598 6.62646118105045 -2.654077734115247
1.8783206220237727 6.540426937595765 -2.6156495227142367
2.0429679955564146 6.525790925595832 -2.6289206154065505
1.781689318094447 6.3776727795678365 -2.6793009984365845
1.870327247771989 6.146954698934406 -2.654210095530168
1.9734947206942548 6.25316028549898 -2.587996416856069
2.1241397154310646 6.73359657970417 -2.626145465416603
2.0196696353740773 6.549348719540932 -2.64647671664681
1.9901241594705334 6.257243466744864 -2.6469706654159166
2.036811973930914 6.4028481115680655 -2.624983099466416
1.932632180584462 6.74712907305501 -2.5817223116532
2.0412053842596616 6.732578390036741 -2.682932723987678
1.8174524457387915 6.707169864943664 -2.6350268825191256
1.8715690969554157 6.159591694435008 -2.6126127565191135
1.8371422005096991 6.595407545501071 -2.677359206072725
1.7810392634479522 6.395386389709396 -2.656607026208592
1.8938349113916233 6.322513961587931 -2.5903965834655116
1.9444041965877426 6.808816519362265 -2.694713050128289
1.9770158738166244 6.794640790513731 -2.683863276292032
1.7939951092029363 6.418599633129384 -2.676787839308094
1.8373224059375457 6.777624295722938 -2.6943369379927535
1.8053550324100787 6.279078248302788 -2.684743282117179
1.8654952676633352 6.103867909570421 -2.644487180241879
2.094636800437012 6.735521696701601 -2.5796782363237813
1.8243261713159955 6.538738578850062 -2.6758203074836433
2.006509051028069 6.470923813790053 -2.5932864923647965
1.8862610462420593 6.429049760057053 -2.6918636216414225
1.8862610462420593 6.429049760057053 -2.6918636216414225
1.8803332803989292 6.719196649287708 -2.710246502442474
2.086918651879307 6.765999076802964 -2.6550202035229553
2.0298768697147738 6.6645221259478715 -2.580468222411133
1.9802760716896923 6.241956495040911 -2.6205188050532264
1.8673538909447556 6.570378051501262 -2.6144661073540227
2.0423084564410985 6.688229039166383 -2.5841244213731467
2.0117531436434413 6.689736141508808 -2.5817266872842546
2.023368397485547 6.395228902989436 -2.6402722350082533
1.9722630809313626 6.713429987808109 -2.701922513658846
2.0150580734792425 6.26663072905149 -2.6150948737316595
1.8309636319405005 6.664928131218248 -2.6994157195992017
1.8994202206483703 6.625673721806379 -2.615742317362065
1.7978561870478802 6.3868258052790035 -2.633956539322366
1.799025184161354 6.474898863837771 -2.653924188887562
1.9287876332656726 6.42171726654184 -2.684878237256533
2.008221689467462 6.544303832186691 -2.653171881319767
2.031211965904396 6.584568467515542 -2.6483925611048855
2.1059222780484173 6.725659859146154 -2.63719764572216
1.8311189960467018 6.616669354778888 -2.6674790484622406
1.7882043989729617 6.313982518939514 -2.6465133740781104
2.0443083265463997 6.834137903832184 -2.6462402995214958
1.8669557600583446 6.434000291267636 -2.6918008323993794
1.8070103910550785 6.7641232772021365 -2.670026968520032
2.012351389718239 6.326076016893 -2.6437602302945367
2.0241765508167573 6.678068879219771 -2.674247450866928
1.9912548956015903 6.635313690701433 -2.66523155147342
1.8897981602118912 6.367222552850768 -2.592514241379753
2.0870833405049356 6.66050600923752 -2.607756753067601
1.8577233499111592 6.368660127454636 -2.601704326564272
1.8504910641436274 6.805512497353324 -2.662233906621567
1.9644747902319435 6.368971977417724 -2.6736355018104074
2.084471239578268 6.783784400771761 -2.6350607204355256
2.0870628585077338 6.786602015627334 -2.6089334486458475
1.9690020908348826 6.781148131412608 -2.696334363322486
2.0451098259657705 6.809787676273757 -2.6632450980165983
2.042374773953771 6.787748910490883 -2.5911622417420057
1.8437963949677112 6.374424328289152 -2.6079301522867446
1.9522047844654655 6.205617547288437 -2.623375118390297
1.8538541712022454 6.247706201974747 -2.6744000990397745
1.7834436462954975 6.293817423708366 -2.6567309866224433
1.8688481979855398 6.277764206619742 -2.686019427120163
1.9881251283440595 6.2628740642404575 -2.5919897577040354
1.9182364160857692 6.549082226266929 -2.610887177425071
2.0900377407312307 6.784770314364138 -2.618947233059969
1.9623846768820854 6.390914786968123 -2.6724685398844588
1.9806245213421896 6.325506642126373 -2.661753916165104
1.851143487247112 6.356853801201975 -2.6042025816073693
1.850900017013793 6.727641554694561 -2.7045939045980036
1.9264007984440217 6.383961276613173 -2.684022722833318
2.0312710286268203 6.565462719416768 -2.6099271014347414
2.0702424328206934 6.693808218969507 -2.649963821985616
1.9440769916688767 6.508205576158611 -2.6792093622767643
1.9632471729242142 6.389310602467536 -2.6721281781941157
2.0102501645958535 6.534797679627955 -2.6099144790976343
2.0434223830147076 6.56094107307344 -2.6237276669879925
1.964525762111309 6.377171027440378 -2.672474507326786
1.8114658063096074 6.724143408964563 -2.641032626187469
1.880001221985423 6.548745563596083 -2.6232900810266733
2.0113968745097734 6.715759398493864 -2.5787879588173777
1.9045610084400946 6.565966849109509 -2.6894095723386218
1.8859014128173401 6.703318612878334 -2.608138710237145
1.9273078285756235 6.387350309156784 -2.683317371191459
1.8742663789575011 6.1845378942144915 -2.625308119983215
1.8875433639501367 6.5959821384156765 -2.6224693729349937
1.8867380977142973 6.441453140242616 -2.607248218353435
1.953392690286073 6.591682655134292 -2.6760551182115515
2.026923476780537 6.385983977879876 -2.6111121473459056
1.8765798565234575 6.460299909266464 -2.691804484460264
1.8195397236392248 6.775617960165916 -2.6841837870593874
1.9571242061076113 6.666402606332223 -2.5855178794081404
1.820976710171664 6.7382980239676185 -2.631572769320281
1.8803419115588769 6.3503647681871325 -2.5969396225711847
2.01724391747876 6.650068917309127 -2.6736813381442333
1.8162403901532742 6.262904823434937 -2.6811171836888406
1.8075749261209806 6.473998439617107 -2.65367257936268
2.0293573570391206 6.680498312996833 -2.6691656353535005
2.0075707394172118 6.53871715357786 -2.646319799432228
2.0193876671257436 6.508386200574083 -2.634269162610411
1.9867880394530584 6.401934316386274 -2.659660053087731
1.8862452060978803 6.412553962687889 -2.603706229060413
1.9960804414132545 6.383902230177928 -2.6545621666395016
1.9181248300813392 6.827208651064354 -2.614662735228073
1.988423838997108 6.250291668037306 -2.630731298936956
1.8720542910152813 6.796337138247353 -2.6430380620151697
1.8381107131576622 6.216065755970737 -2.664350417782864
1.867978285980047 6.564379185707542 -2.621593646703185
1.8854495666198554 6.165217561358762 -2.627864288812339
1.9888352541569287 6.387408406659428 -2.6578027756923692
1.8258573397554294 6.6401297563375365 -2.6927748888664382
1.8665409013924208 6.536611565109187 -2.6823806707731297
2.0402042828573705 6.709548694484268 -2.5848193753499342
1.9356167162030062 6.650956986099651 -2.5917542742501016
2.0119085721023606 6.576862626718151 -2.6023215005775264
2.00373926520955 6.3573032201111435 -2.64756332125465
2.0100252082488073 6.347246463274523 -2.5966467002769793
1.8310169715286804 6.730602902152274 -2.6975511091112945
1.910833525374185 6.7975694227579915 -2.6204274171111583
1.927031554120206 6.690830817144008 -2.595947518615014
1.7961899593767554 6.306966259584604 -2.6429232597548262
1.913729321047569 6.511191859179313 -2.681886626301652
1.8435862423130651 6.614920354918338 -2.6621466615718385
2.0663003988553967 6.685978751317556 -2.6438231961041425
1.8410036947910564 6.581277731740999 -2.6428730831050875
1.9631004382726047 6.833580693774992 -2.619831512380381
1.828497595174028 6.72222990823779 -2.631529861815215
1.886332665918156 6.303643614965617 -2.679934065046628
1.9723182881280976 6.492038287138914 -2.6689061286447107
1.9995214149684868 6.277092369941393 -2.6110940397142453
1.8208702891876858 6.493370933127826 -2.670015776437269
1.8769912343188677 6.612118432448083 -2.6275620942690137
2.02334983027494 6.473262209915547 -2.6180791184736796
1.8879910145629148 6.199483922385033 -2.6313227090035025
1.8528704715155717 6.575890401364705 -2.6835588955340284
2.0174624004514916 6.774473589189465 -2.583717507559893
1.8297499227335225 6.309633756340187 -2.620579659015078
1.9293612242445213 6.84190287443209 -2.6703725835511856
1.9956040805066853 6.411358963195857 -2.649936990055129
1.8315432824482514 6.4925123437557275 -2.6791739845386155
1.8327826910822511 6.533335319429838 -2.658233039393217
1.9454492359426054 6.514796481032798 -2.609175929401389
2.0599105313705883 6.7070909406016535 -2.590264982389413
2.0010319040522058 6.544509608610714 -2.6451495005703447
1.938677342005442 6.521999001512688 -2.606727562090757
2.008492796952821 6.466055264773815 -2.6469060987109065
1.8530635124534913 6.643112783818647 -2.698995844950316
1.8706307183429622 6.2475723623239015 -2.6666185763772887
1.8912883658087938 6.423660807995842 -2.6065136527882693
1.987260517381451 6.490215139844998 -2.603250120625266
1.8551315784378832 6.626524813222833 -2.6656872289910822
1.8942331974445152 6.604625262705933 -2.624084448248974
1.89666508549512 6.576846193409024 -2.613013590212672
1.8007906764832708 6.390513793670708 -2.649283590578591
1.9054860706171852 6.649806830506838 -2.6017607476692324
1.9771210348837844 6.526835375633022 -2.604659801894864
1.9050475035228525 6.349653549334246 -2.594488344355387
1.8492841860315554 6.535233994623664 -2.638919826506132
1.9548508160002371 6.247831938960156 -2.6217935318093626
1.7968926426738212 6.307118257768915 -2.650628837693774
1.9910317247850293 6.800722800525653 -2.6721292981531217
1.9043916668666026 6.6009653930588605 -2.6252936399185995
1.839249973996706 6.389446916282159 -2.685622619501955
2.003061869321083 6.541413945590326 -2.6416008442654864
1.8010596982948117 6.26003416354858 -2.6667493874473323
2.00946183696924 6.555423600138905 -2.602144086237417
1.9684865252237609 6.447516880585196 -2.6048353317995905
1.800220616708431 6.335207739316878 -2.676237524012781
1.9048875406961958 6.6785870835955485 -2.696312674537997
1.8898437302824442 6.562399297790586 -2.684916794878676
1.8367736292721448 6.58015630213093 -2.6618825617828907
1.9019801247745214 6.634771774448923 -2.628892402874563
1.9427374789243157 6.7856127333094065 -2.604524933921641
1.9608511852886812 6.84207723964958 -2.666959992472276
2.033974021210253 6.761816054744377 -2.5852644855601237
1.8294601789164906 6.69807612215468 -2.6402173701248994
1.8295962230386116 6.568590821579772 -2.6655335503099518
1.8916051938277536 6.621187165087626 -2.679742804698223
1.9309036737388352 6.22148488084312 -2.6364571848087754
1.8478283202560664 6.309129738923165 -2.6797899860920533
1.962058732090735 6.255526766519925 -2.6498969310458858
1.8466280106110284 6.718029100368552 -2.6974300205585457
1.9300764813574736 6.812439169818029 -2.6130425931642964
1.94790425641182 6.339542007005032 -2.6706017249883254
1.8411711775534383 6.642161498664928 -2.6945702078387583
1.894195765723724 6.706800319566513 -2.6985712058937317
1.9931925368375625 6.472388562749703 -2.6035062603028005
1.8392247253677572 6.241504130344341 -2.6577748648614543
1.8068405026137069 6.386707866851196 -2.6715261679026754
2.083676619933085 6.702272009540724 -2.6139904915005046
1.9928617345293 6.599940991467278 -2.6191951265614444
1.9173709061397903 6.755806119516155 -2.700470533953882
1.83329092307895 6.720715239214797 -2.6922013395032924
2.0158945399106964 6.814360200069393 -2.6683819838958147
2.011987570681689 6.72066433302728 -2.581569127220922
1.880594383800255 6.5213410572424495 -2.6228821744063087
1.9282655965083118 6.549168658162271 -2.670821843606402
1.8870578096032045 6.539375669392733 -2.6254834334376156
1.7977422791015791 6.343239038665811 -2.6687239610469513
2.068375854055847 6.7144270715099115 -2.6521315676134023
1.7974385113024343 6.37709681640332 -2.6573425527767807
1.9854633270939437 6.748396571486401 -2.6965673733288797
1.8552680630383986 6.678028602963133 -2.6249815387731252
1.813871370076472 6.714766116347979 -2.671471658221992
1.849140610668956 6.239992293425239 -2.6550582738148494
1.895710657198988 6.344150437118058 -2.683195415034369
1.841993733723715 6.576422279573063 -2.644451115699506
2.0517687160264573 6.640452292080763 -2.6481376699430887
1.833946772899803 6.259214315619177 -2.6181604259225155
2.0021316420954056 6.5258644350841974 -2.614145652492968
2.0199460057596785 6.556038994245418 -2.6095844029884896
1.859259929463649 6.45811372855921 -2.6809975411337787
1.9085851624335886 6.7288640212546635 -2.5988540300680505
1.9999778769507157 6.4013840426062565 -2.605550679281517
1.89835789026726 6.623600961577521 -2.6779372661128793
1.808765558581909 6.7409053050856365 -2.6729448487117793
1.8905715393292328 6.589057153793031 -2.6775352017114216
1.9857576309738012 6.629264989825174 -2.6573145032958116
1.9466582252994744 6.3407819450481 -2.6696043608712934
1.9869899666957405 6.486887112414065 -2.605752969637394
1.8193481971025909 6.302054246433429 -2.6333112882815923
1.9646391717665648 6.577561507196021 -2.6047460662800033
1.9613223401877313 6.287577923585001 -2.600831224528781
1.8573667306706299 6.784051732343481 -2.669800086881084
1.903835934901754 6.350681831259848 -2.5972177402620957
1.7942283671814474 6.3393603189640455 -2.6578078007649477
1.986138880575445 6.305274154153739 -2.6221747307069045
2.008046293362465 6.628112362878053 -2.6329181089415723
2.0927173318106824 6.755063838223965 -2.6058273418745292
1.8884360941298284 6.7321793438103725 -2.7034170103407584
1.8478225854501962 6.5020619270578806 -2.6732829694178433
1.9971983240394535 6.6036262660450875 -2.625202346556695
2.035499371786813 6.813001585527749 -2.605308695263993
1.8463463670630276 6.6871823981727685 -2.6852619535643982
1.9984922939905254 6.603708579414926 -2.6385118428929
1.9662155643486503 6.590867460177661 -2.615196410187814
2.036706104723324 6.790878594990177 -2.637912445463745
1.866353069889805 6.6092390566137915 -2.6483583051068313
1.9415426347037164 6.815494001229412 -2.6823719840156848
1.810041878737434 6.303691826753791 -2.6568225413117377
1.978478664481707 6.669030769433387 -2.5929810708969043
2.0080399215611786 6.364322672072024 -2.635291613048654
1.8318863818005138 6.714956477970063 -2.685930317224717
2.004965832919246 6.462726348812925 -2.613145017457798
2.0575433741054674 6.660411255636934 -2.6027719114397967
1.886137422716502 6.322167202293666 -2.603292457865347
1.8905878669242293 6.605988250299282 -2.6720468191784135
1.9904078729518553 6.4763712386279275 -2.6494739535013485
1.9734262075442839 6.524248568334673 -2.609614564822805
1.8966665320278935 6.819099369839668 -2.6781328595720284
1.8284420078732913 6.771008041994019 -2.65576027107295
1.913350718040073 6.7053700784586905 -2.6950419070010394
1.9581610622806398 6.692323999362728 -2.594747196340465
1.8847720611047223 6.491641367854607 -2.681007215893204
1.9488975575772702 6.8004558006844675 -2.617371232488641
1.9520957603452054 6.481319192886636 -2.605929370037045
1.9604061143238756 6.278745153587337 -2.6481163809847024
1.9979237314245335 6.625414596344242 -2.6465341314453044
1.952058529978416 6.833214446302934 -2.635847704073561
1.8329076697770135 6.719292300286218 -2.6870398261618242
1.807497798274453 6.7456843167469 -2.6687021918590004
1.8716184417165507 6.6926142275729 -2.692554862564793
1.9736347537364853 6.791063177842699 -2.6147399007726264
1.9489923775312379 6.330260449119576 -2.6650866891806344
1.993087421240953 6.837903688866836 -2.6367214300419954
1.8616223548598405 6.246636560315071 -2.6311165617705203
1.9824750038367664 6.4929465057980185 -2.609433979407024
1.8823893888183458 6.251547320664834 -2.6070399087232605
2.068037778931944 6.738991783440996 -2.5861650359516934
1.8637650644062351 6.508913839800281 -2.63587722912353
1.8766981959165532 6.285698601638542 -2.6726066489469753
1.8729571133636944 6.575028298651468 -2.629889631743894
1.8733961148297178 6.2161866362625355 -2.6451548813121586
1.94530470850338 6.378814335193784 -2.5966403433476115
1.8788170492408183 6.351847093742798 -2.6820867974597284
1.820094371986095 6.29236769678639 -2.6376405490616466
1.9478733759423754 6.582252338126645 -2.6703614542986425
1.907282535979237 6.514321253219662 -2.6691041714544594
1.9842603226487938 6.38156220166513 -2.649759933594089
1.9139949447236662 6.373886256079569 -2.6771851561430933
1.9559493032610917 6.285484486285218 -2.604599665231415
2.022544233342377 6.799344150923918 -2.6164644049218326
1.8985185205587167 6.214657632867086 -2.6337474781258754
1.8596687967579677 6.5654657471295845 -2.640209010316818
1.931668440560577 6.394159190810428 -2.6698956931770264
1.9993870607373398 6.3884283852067085 -2.611812548174254
2.080669623731812 6.755320584755821 -2.6380241675279716
1.8402555209384786 6.482734851155001 -2.6442402786707815
1.9065269865168502 6.823324212821801 -2.6305021179223047
1.9626994277273995 6.822571673208219 -2.6119569574971377
1.9095918871918638 6.809423649879736 -2.6278073681653957
2.0091922683441927 6.364181011477968 -2.621078104286767
1.9558985053116984 6.450359937092152 -2.6121957208882334
1.863407152960904 6.456106999455629 -2.6273158654874993
1.8465265308789929 6.341154773653743 -2.616276918383883
1.9579283956242866 6.438085491287216 -2.609317898488308
1.908755906008214 6.6917671681496715 -2.6918314400847736
1.8965621080069415 6.308238514036237 -2.6705193463165013
1.952330345118043 6.672893298772965 -2.5972899302302173
2.0413658680250757 6.71120853475715 -2.5936524174389284
1.9301091231140843 6.5770756353682405 -2.6127580847881386
1.9732486100574924 6.748792874148029 -2.6959780208950574
1.8194064521951465 6.306466165335356 -2.6445898375854107
2.091615552330288 6.727063019519901 -2.6136685668957265
1.8393471716980223 6.698490249521198 -2.6420907766714525
1.983546264170333 6.433705565559303 -2.615451864897989
2.0817696479828616 6.767892787071257 -2.6363958205096156
1.8789285106586555 6.612302013989183 -2.666039478249693
1.8726016479325431 6.294675160944496 -2.6129609839635846
1.8530452946862856 6.687013699557726 -2.633507786691462
2.0327564213952947 6.823860931208441 -2.611699881937623
1.9965262702880118 6.494084017000393 -2.6297995893153034
1.9979583113257737 6.339002470518229 -2.607588309251348
2.0244978843644885 6.7934516537439915 -2.6363324283794416
2.0524174835995574 6.753034069716937 -2.664599246825239
1.8583301332961568 6.288736883502633 -2.671024289042517
2.0774014166720787 6.765081688374211 -2.603433821610391
1.8322111175558307 6.710977877060665 -2.6509715771333453
1.938139600015354 6.6700508590374685 -2.6842135369230355
2.052488551138912 6.676666624513129 -2.6385239797207225
1.8420306885349167 6.558618932977666 -2.654394205460128
1.912760035898183 6.346427782276288 -2.5993995685955054
1.9016276027708585 6.599591919155661 -2.6386410805528486
1.9622258231743142 6.581692669702833 -2.614126381284421
2.040588153411023 6.7697882764633 -2.590954015827579
1.8498798084647363 6.496224150214408 -2.664660821254559
1.8941598775088413 6.714113609493998 -2.6079548761883906
1.823441511482406 6.366982501104816 -2.6332333564013064
1.9727784281727727 6.478498470033539 -2.6115926712092903
1.9233070466460802 6.556968895316398 -2.611705234636468
1.8440385911342851 6.466536730841776 -2.671785338710667
1.9721712409236174 6.317827467544909 -2.629864985124378
1.9794364776596995 6.474523371885709 -2.612286647198152
1.9243566032883193 6.824804709778737 -2.6252029566221857
1.8564788710059739 6.684315199002445 -2.68238273634873
1.8845303756407634 6.293877310723882 -2.6107398668957105
1.8277294586764745 6.331182698015093 -2.6732648757705615
2.0582123399965937 6.682765961728976 -2.6195991447771156
1.9176894621189984 6.663726311156257 -2.603023733957005
1.8606476592283507 6.4368573030643335 -2.6717867358111693
1.8304080229547144 6.366874166298235 -2.6292710961888455
1.959731425023973 6.257256320342142 -2.6101157525637237
1.8606706745970456 6.560437267684308 -2.6391055832932664
2.0297105099408994 6.73853043000082 -2.5839362546890583
1.978974427437874 6.777651645724698 -2.681486426788927
1.826465151515002 6.371884971012639 -2.6348967157655934
1.8920937135930236 6.464811817024825 -2.6776042171653724
2.0512284032636083 6.65170087552046 -2.6103785161593196
1.9017060806173198 6.658216692983517 -2.691323300872335
1.9415980790684624 6.634551491784032 -2.6538164325889966
1.9660169109161194 6.595200357660779 -2.6326608258304898
1.9823272842733402 6.4951990217313735 -2.6197038381406976
1.8222413200804555 6.3823554050610465 -2.664680603531016
1.9432662768075568 6.623923763728099 -2.624249227410714
1.9541908155797023 6.479352045282013 -2.6621708567582827
1.970271930589719 6.603331230267374 -2.6368284321814253
1.85843717857676 6.342922873526906 -2.6783356281792465
1.871267694523349 6.446533611093206 -2.6697606138576435
1.9839723909568374 6.801860480947353 -2.6647318004948515
1.9075918504393665 6.527592457113487 -2.6225405984211827
1.887595286054851 6.384644543393964 -2.6100051277498215
1.9912087141682786 6.687165845803088 -2.5972956926674664
1.9213261347077344 6.333279777862722 -2.6001066077381294
1.9699482283394878 6.639843977507388 -2.594888989090423
1.904317144408648 6.516182471558164 -2.661644523395542
1.9602724260012254 6.600531547756974 -2.638470006944466
1.921316175241946 6.632260743265126 -2.6574011892905336
1.9303835424505853 6.364411931458817 -2.6698031924921377
1.8427603846998768 6.4150654546751715 -2.640119883874074
1.880790580997941 6.427437691739301 -2.6703496289540483
2.0214477814996865 6.6373480350941465 -2.601126796060071
1.9445365557180305 6.549735799454665 -2.645984766222184
2.006196614193638 6.760985921746388 -2.6765715561294687
1.9917057670776104 6.463823498285449 -2.6352901773214787
1.970791839272747 6.457768265337695 -2.6457696847288967
2.0509636651432643 6.699005274237663 -2.6054996281806675
1.9399975235813338 6.33241808418361 -2.6625352753213245
1.9806605803056945 6.46490593653728 -2.6147553837980553
1.9602165599850152 6.460484022690231 -2.6586789476872763
2.0004294648396077 6.815467122061413 -2.6123783105760596
1.9579607257122402 6.525753233203709 -2.6565917247501245
1.975723142984236 6.62043252834755 -2.6437535478738274
1.9222875795879193 6.6793416272743915 -2.685899935730819
1.8413250214247623 6.775258879132772 -2.654798742666072
1.8354938794654423 6.667857608856129 -2.64281829029249
1.8638155309777962 6.569576466155687 -2.643964056817972
1.9521066125140494 6.274581910832494 -2.610022945806542
1.903495341381964 6.405293497636379 -2.6122396807758994
1.9236685913240463 6.7920954786952406 -2.6594476443221784
1.9906774456301195 6.352142946554626 -2.6327601350114147
1.9227963419571106 6.508584915836134 -2.623466056036966
1.8785970880250003 6.420404102116159 -2.6231231150266203
1.9049244603252447 6.421328491621452 -2.6698403511552034
2.015792276173023 6.81720381108166 -2.654339511612897
1.8614482732404198 6.419561929002067 -2.630710711773281
1.8858978702538984 6.511537370074211 -2.637792443757363
1.9339222634559095 6.6383072256006574 -2.603096503805255
1.956708957408297 6.356533862501357 -2.6573494460361187
1.9888863738657532 6.399592769072434 -2.627559270779409
1.8734345558326466 6.344060883670133 -2.611744995424977
1.9064874864539862 6.544247056548774 -2.640477948529484
1.9823368762710234 6.818054232490385 -2.6149815292037477
1.9238686553633575 6.585700296033262 -2.6239754426051762
1.8624828211389537 6.274096758144459 -2.665823883909447
1.856210172581933 6.404293517792754 -2.670010852460617
1.9770185068023989 6.670348499063032 -2.6713749121752084
1.919837846237242 6.720818098016504 -2.6937680094248284
2.0017218224206785 6.8055849529407055 -2.6189274698853584
1.9821195925339423 6.349097331251091 -2.6365043041230196
1.847925530557451 6.258056028027211 -2.6605318496342596
1.9920116682874296 6.356230296004714 -2.628587056224316
2.0031256755500246 6.700360736955796 -2.5969365877798447
1.8401709233754548 6.409354428017833 -2.657091021119548
1.8752230661282916 6.783264619789131 -2.67864335921952
1.973966671042535 6.582185024950575 -2.6237399198557405
1.9845974227073282 6.708463092865609 -2.677388183269708
1.971754717756621 6.34804373143624 -2.6451243373371667
1.983718236732636 6.3699439984763195 -2.6098420689159214
1.9638882857067625 6.491354746582557 -2.653269357599161
1.8300744882677442 6.279173718906042 -2.647053489508253
1.9248872397589265 6.44495372914403 -2.6598109630458655
1.9168172379273476 6.540940483072541 -2.6427315049389417
1.9795902473412794 6.461147350276168 -2.6187346500829793
1.8352639372091328 6.640391531071721 -2.6723479342127257
1.8319394713133947 6.725921050847885 -2.6699346998970244
1.8841339637720604 6.562496745709041 -2.665193751132266
1.9455712735468185 6.822550410745228 -2.671196803980333
1.8618852443477134 6.458609776993539 -2.6623690346760096
1.9794985716788336 6.347375695051237 -2.63778177393342
1.9185615669639233 6.591977799038631 -2.643258752888501
2.0441604801228968 6.675786684459022 -2.613557597600308
1.9400112585602054 6.593867685374336 -2.6479162258812874
1.8564092431286974 6.553954420664799 -2.6555734534807716
1.9188194233447922 6.534172398922955 -2.656840447869972
1.9254672204651575 6.289632056967938 -2.652935785052855
1.890056933384047 6.6443131954865935 -2.6892442834944257
1.956495689030135 6.613046450915365 -2.630559865352797
2.059207143983077 6.728512082751461 -2.597446140463486
2.0575541315471764 6.700747750678342 -2.6231430576810433
1.890279317073207 6.584719078685925 -2.661910334511475
1.95272068375876 6.499235679666665 -2.652570276067798
1.9381804186306835 6.5929164332833645 -2.643078628771839
1.9056249033659738 6.524899008314853 -2.664478161422769
1.880519655430069 6.5697009971003775 -2.636904340151209
1.8837853555354123 6.336028889159423 -2.6728236917544743
1.9781014152681395 6.76917796592661 -2.68294124399221
1.8923326645490492 6.717263573890122 -2.6126979269908195
1.854887097541956 6.332454971866626 -2.6713025978407567
1.901103395601301 6.472402862621146 -2.6696751581862648
1.8778633638985605 6.449977323336778 -2.6607605178499694
1.9990661652192827 6.800174795191357 -2.6333217916647644
2.0679472566824817 6.7633828004505245 -2.6345026144950996
2.0226282291743067 6.676572029765679 -2.6047165847741542
1.8606891337587084 6.474591207131704 -2.643134718804359
2.0416503513957434 6.694152234707341 -2.60691944752102
1.885761527409223 6.581818864799959 -2.6483410567711374
1.9142002298780554 6.303388180414321 -2.6542015325107675
1.8623534560820763 6.423626416795171 -2.662632137847101
1.928041064559042 6.478774612836339 -2.6631346463859704
2.043960171650044 6.640381096457393 -2.6299939889699395
1.9331689293854062 6.3598125261685725 -2.6045109399800723
1.8392971333484716 6.639089914279686 -2.664716611893179
1.9262487782442657 6.621513753604471 -2.649424775504359
1.9845203910162885 6.715156767410152 -2.5935824620000414
1.906784682952705 6.811521910360508 -2.6543415144194364
2.00177370675362 6.66951751634298 -2.657914363433931
1.8354871155071564 6.6597912878345 -2.661119879235977
1.8609846669851882 6.677235781018126 -2.638151287567286
1.9087745845495574 6.8127133895847045 -2.643230735198875
1.9452737673687923 6.358807149732764 -2.604221506097825
1.906425324067651 6.426479241261574 -2.622441371756989
1.881850064241684 6.390345476863283 -2.6193458821366096
1.873023596337809 6.280524727117921 -2.620939137396503
1.9642749040108487 6.784080165745853 -2.6147409079771884
1.9444351040387686 6.623962325556953 -2.643840042400031
1.9338221921269905 6.618111373281685 -2.6485442602205573
1.8288300466290714 6.325767658222121 -2.638830408687008
2.075775668077969 6.727823328102565 -2.613962659096451
1.9429452214541838 6.61597899635099 -2.6462288851223326
1.8805595932892594 6.5769989146500345 -2.660945025723892
1.8850629432772115 6.725763442358076 -2.6161845245055524
1.9353043453999768 6.429862467637257 -2.6556373931479267
1.9809544744506495 6.557903682795232 -2.647264610866153
1.8485130553716513 6.330414697835874 -2.6246217059511627
1.9779702851103456 6.649496549998053 -2.669622816896865
2.0585582213069236 6.709097605431736 -2.622208062585851
1.9037443675233767 6.672486187038399 -2.6824680351693493
1.8699656677816954 6.365460326148074 -2.6169784521026784
1.9799268954809641 6.380733308509422 -2.619338889097709
1.8593117402099515 6.680453629146797 -2.6714380460205707
1.9053238510586086 6.5575634300004655 -2.669478138697672
1.8511594469815074 6.290329253799946 -2.6555593102585746
1.8662546913592442 6.6479073101602575 -2.6846719728440913
1.8655531055082823 6.482959520142851 -2.6435726734094094
1.884628292186615 6.319012750125422 -2.658899148079229
1.9518404739146082 6.688228646183838 -2.6060200411882954
1.965584221986028 6.473890328493242 -2.642506860225361
1.8500815218084483 6.776350843321012 -2.658099509896628
1.9094414429337707 6.331767507550125 -2.665486319482493
2.041343388017268 6.7544658473483565 -2.599006865545802
1.9072808197524402 6.531349877732977 -2.6485225942271047
1.88845265212026 6.500426934923613 -2.642219645328772
1.9249358442312081 6.417613744770184 -2.6583467380834565
1.8589879066325858 6.670908141267889 -2.653116211171005
1.9799801498857672 6.37110548161893 -2.625267627366063
1.9108239665504394 6.6952742370948455 -2.6841964398639937
1.9239149687388466 6.695133787189277 -2.683655635477053
1.8429079745433334 6.735097913020802 -2.641366204374078
1.9155411149512895 6.300023035453118 -2.649308167609198
1.8699175504706762 6.260719596499699 -2.624147592354255
1.9339791373672979 6.526898470612638 -2.652023284457712
1.946612069141867 6.467672480608847 -2.6198830943313807
1.899534235382268 6.559908267568368 -2.664450400626629
1.918612778786702 6.578871178381801 -2.6304932036504027
1.9386795180534906 6.481175451191517 -2.6552761756401795
1.846442108813687 6.262536148308997 -2.6531527595491866
1.8915816701866366 6.505006086100957 -2.650290676953202
2.009748716445527 6.726533021663667 -2.6713076538183484
1.8929024975268667 6.7560714956698416 -2.620678357910928
1.931902561898983 6.5229526442955885 -2.6339782321976575
1.862684548203093 6.411910318630063 -2.638794951888886
1.8857656477613145 6.670883856020852 -2.674884853071009
1.8329224992610689 6.740704394945881 -2.6615522915956333
1.869984863124812 6.6681334920440385 -2.6833724070887506
1.8479027704229027 6.731689741964478 -2.6375610144071406
1.8819059873844455 6.356280718243677 -2.6153279406993684
1.9239349086514017 6.443946747111571 -2.629429248804598
1.888624377958374 6.693951916550088 -2.682006438712306
1.9044116082733336 6.498649497370419 -2.6346460730636427
1.8762605853515204 6.406592291691747 -2.6625332383119313
1.9503664823429328 6.5597522322705535 -2.623606396295078
1.8935572220381478 6.4865476341993675 -2.633392127977693
1.8959093313191757 6.267638980437232 -2.618643308266313
1.8990970217868195 6.351012761637552 -2.6660648016606427
1.837409363714473 6.354795117820247 -2.6410150830866534
1.912021207852559 6.660085884946394 -2.6814371813766544
2.0314120443253705 6.650789029589798 -2.6151181388143354
1.880412885451932 6.697938762152896 -2.6801428400661473
2.0089613814374325 6.818873926537687 -2.6407165376788795
2.001929735820437 6.807610351262539 -2.6458336813736745
1.8979716013168646 6.34000385658273 -2.665897518223007
1.8865006093463603 6.487914054809302 -2.653987839322566
2.004165126599427 6.816546144154078 -2.626923426038057
1.9481223943405617 6.423170234842463 -2.6403631085701305
1.8493096396245146 6.748343088713416 -2.633691280552767
1.941884830097138 6.457525987871917 -2.6359311233310363
2.012281627493329 6.649440109580851 -2.6489148917318226
1.9199366571196472 6.402779724631639 -2.6584593519645665
1.9268432478636695 6.822266703004048 -2.6437477217833254
1.9005254811665324 6.436487222182055 -2.6316900884424843
1.899640367602232 6.306228777264168 -2.6518696699691695
1.8822316980281024 6.453284928974089 -2.6511674178774625
1.9754857816257148 6.6804156787916655 -2.6055780857949955
1.915431650518768 6.496067217656694 -2.633240457702505
1.9202371389416568 6.584313653916282 -2.649061823723989
1.8365961121598517 6.3421725303771455 -2.6557824508954964
1.941578997736328 6.557505178523874 -2.622527894061456
2.0326922428236727 6.7643624060287 -2.65708818219269
1.95969556947996 6.405139022405604 -2.6317232018404497
1.9301104982717394 6.580288028336274 -2.6477085915236565
1.9138733474633225 6.750085245389993 -2.6082107407952595
1.9170948070806784 6.407522061922099 -2.6223756708578643
1.910105861997027 6.34306415011047 -2.610944648009551
1.9070438605233035 6.301568256724088 -2.6452827924279623
1.9876242242900184 6.8154911092261194 -2.6264251690750386
1.9060384584564738 6.762946491218763 -2.684561219972652
1.9105435679184075 6.41663214568314 -2.625875221199263
2.047993850004421 6.7210176552820915 -2.601642865075141
1.8813826863481076 6.306703706481602 -2.6501859084218484
1.97337595412837 6.697516892779463 -2.6724573011072144
2.0438336825550447 6.666179912762441 -2.6267676431963
1.9031736736212657 6.463974104706247 -2.628313101938234
1.8794795739131702 6.3049314702351955 -2.639527171040747
1.8715261277666586 6.4646976411813 -2.650508317735442
1.9895744329721219 6.819170933549945 -2.6301513571280744
1.9306960811906335 6.816557709664423 -2.647166597029068
1.975782419552623 6.680826735391054 -2.606562754111229
1.9685982849248704 6.359930673741202 -2.628473617822233
2.058989433274872 6.7127369671173485 -2.604519651703192
1.8984742434048258 6.4536484974233215 -2.650692284991134
2.0474926635740465 6.763781820144711 -2.6093409478172633
1.9012810279913301 6.454949710720092 -2.63794551984804
1.930229133335378 6.672177588178928 -2.6126957502956474
1.9444404449933514 6.684497341418156 -2.610977503615122
1.908885541607307 6.298050497140148 -2.637460006793005
1.9462914510937357 6.822710900066882 -2.6383104952176324
1.9458415743561828 6.4087623624770105 -2.637278832937951
1.996838284332566 6.8276135156609925 -2.6391577741364953
1.9370127629632057 6.691180720883684 -2.6121404988609904
1.9391687136007643 6.459220533841641 -2.65036295094513
1.88361160866729 6.652095303573613 -2.626475772309244
1.8856844756595854 6.41532459449616 -2.6381593569223067
1.8761126557177388 6.737180835659156 -2.688143356880671
1.960751518105858 6.349405650513379 -2.62232455908491
1.8443943463107146 6.363531836267491 -2.6411246317091823
2.0844415025319307 6.748728089622613 -2.6191860360805697
2.083474574643084 6.7481911459561505 -2.623966741637744
1.9250535836120217 6.4238773582112 -2.644091017365172
1.910684585289533 6.4790664992362075 -2.63600658268608
1.8959887039371885 6.469434138498748 -2.6542945480726132
1.9853652821497536 6.814426608696972 -2.6307689879072544
1.8873672609666112 6.725874740695574 -2.620619684729556
1.9488467985912856 6.383347068532659 -2.6194749966480786
1.9453054727064267 6.559133572705138 -2.6329986666468317
1.874047604495048 6.373651480939871 -2.6622842066810133
1.9483829043290726 6.82135137538593 -2.6419161431762612
1.8685318893380045 6.265204175526751 -2.645647322383595
1.8492599951865754 6.359713772235285 -2.644344965437041
1.8656275487009966 6.368345543135227 -2.6297849913840095
1.901692990980722 6.557357262265102 -2.656008222234454
1.9267258866242973 6.570368045745515 -2.65085553495328
1.9511324170870075 6.3302143851897466 -2.6403925313000185
2.0057163405526213 6.6818881853444765 -2.651849565368102
1.8621183719299657 6.710690666100089 -2.648325347916945
1.892613272376166 6.280262671121156 -2.6418486250361335
1.9242208198233075 6.4156351423935565 -2.6421891407103066
1.9943598914442418 6.762037598844361 -2.602789409239398
2.024790128522107 6.783021403121096 -2.618350171041481
1.897176373397572 6.556389017603739 -2.652232947382771
1.872270372844563 6.718736314044916 -2.6807524113761714
1.943454226311393 6.764612797257952 -2.680917870780415
1.917041874327988 6.555634538057163 -2.6560369607362295
2.014646289848177 6.69227300286037 -2.64916236741942
1.9828652889085774 6.813473374525943 -2.6416582973830867
2.0435111848446557 6.767265436748844 -2.610326088923247
1.9863365189889413 6.68711900257071 -2.6604630739219353
1.9076136718218328 6.26323312645334 -2.6288406845293792
1.891325355145212 6.274245253214106 -2.6372752019442163
1.926074274129327 6.727231116926458 -2.685319482331061
1.8478493991710496 6.7426898427497415 -2.6417095573981078
1.867254000870429 6.323366770959591 -2.6482884383411704
1.8793105403055101 6.726162919760181 -2.6262548565224786
2.0685565597219266 6.754385807999045 -2.621616744034708
1.874075622968618 6.70015034007065 -2.6396595834179983
2.0402722123320323 6.731551127783896 -2.598810031902557
1.934763912946541 6.643020622817256 -2.6772916142797554
1.8495521299314863 6.335946758488305 -2.6456316948626624
2.0659330425862503 6.742428574619111 -2.641266216888798
1.8992431918411645 6.657384997676548 -2.6228425837177065
1.946652033722098 6.698199608360895 -2.6116076345747112
1.910648145580462 6.555000695820857 -2.642142331636202
1.851818361591187 6.720110782890818 -2.6543034416148084
1.9449961160056701 6.641257850729648 -2.6740892020106957
1.9159736297831333 6.471293567645658 -2.6402832123653726
1.9452301918291224 6.325258603733607 -2.6385740228050416
1.8972456923235688 6.3200427907239645 -2.6286225506564076
1.9263243525350937 6.662523469509684 -2.6146568243230632
1.994494237728463 6.67312136002465 -2.6121199950952994
2.0417154880320476 6.762919954162302 -2.614246017831488
1.9332653994728297 6.375050291402879 -2.619701866919326
1.9154187605281576 6.395659442105391 -2.6481050253043588
1.9202318313531148 6.40174616631383 -2.631946420485698
1.9404835882582705 6.674345269356676 -2.669965062569722
1.892948695103442 6.75818624570326 -2.6295788798852096
1.9051258564245521 6.323842423993342 -2.6467053192543375
1.9264425289157951 6.367170941187135 -2.6512368380944915
1.898855979575871 6.325708335666532 -2.6208952508412917
2.042866116301297 6.764971795224588 -2.6157401972107746
1.8941736217859702 6.320466560639756 -2.6343793046529016
1.981084269547325 6.661479698872815 -2.662029980093295
1.9011807931019458 6.3954356464323885 -2.647531214390659
2.0125974407935057 6.651439409359815 -2.620774960245279
1.9820661600099199 6.709793403315503 -2.608075363969097
1.9204205013137736 6.3975510172415255 -2.6303373757993986
1.8954144796851162 6.6989621577920095 -2.6727871220716164
1.8688002616953252 6.713636611236787 -2.67131667281366
2.06080209445857 6.733655320265992 -2.6317243117896165
1.9022607564713514 6.337049206501504 -2.654917403253238
1.9212228410230738 6.648571537366764 -2.6209201570246985
1.961713309471434 6.721788359963014 -2.6035151296471666
1.890077634636405 6.77655024176003 -2.634988396521887
2.005637402362122 6.7810460568683055 -2.6524479241156707
1.9814877373998159 6.6926921159408455 -2.611046415350928
1.961220223551804 6.650806323616799 -2.612110060273776
1.9318831200460256 6.679490893877098 -2.620227193985647
2.0192841239325077 6.692171650788031 -2.6320252106066926
1.9019556492531724 6.38597750135913 -2.6362176150782783
1.907368897138857 6.758776548274527 -2.676652107266901
1.9450260013825864 6.684832768164817 -2.6180703741156925
1.907435074396921 6.353999627259306 -2.623609349367186
1.8667190312037996 6.6657823564745495 -2.662513296088833
1.8813662620506388 6.325602157217476 -2.6505645754993252
2.0061996081584166 6.757595090059121 -2.660029454812304
1.8777230470275645 6.759238486658994 -2.6465716250494777
1.9704095121432532 6.778673457672568 -2.664621858397708
1.891947307031265 6.760370976019414 -2.634178030496153
1.9524083579922948 6.646223026666161 -2.6698486760922338
2.0152144577866116 6.745199283917439 -2.667608675020693
1.9271911573345402 6.349173107699343 -2.638909224858785
1.9627685502129975 6.786547924069362 -2.6454627703097815
1.965951473727094 6.649451269970548 -2.6169052624050693
1.8579821043276605 6.732361451080765 -2.647363345863793
2.0086881686191465 6.671719638323758 -2.631033086528002
1.9943222592184886 6.662834651045316 -2.652002055745213
2.0152412443740912 6.7222878940575175 -2.604200723923246
1.8639401465125043 6.747518562758767 -2.634800942031611
2.0390427959153943 6.716177479249492 -2.613751128647711
1.9885615773583225 6.649421014051116 -2.621377684497679
1.8589601405080383 6.737663340657631 -2.670085280785151
2.0011874489130217 6.652989880243477 -2.6187138809961628
1.9402349357365445 6.733009807439384 -2.606860237957859
2.0064639079536857 6.691888305730978 -2.6389473524329192
1.927462810269251 6.368824917790484 -2.6350062547569957
1.9422971534957407 6.756681546676145 -2.615024091081101
1.9775463226461087 6.693731535399131 -2.6150056353993882
2.0032560492361586 6.687489998479075 -2.6328579454869807
2.032066868733308 6.7246663753853895 -2.6459877379611196
1.9967702254575355 6.7646433179265015 -2.6612337205215977
2.034838371329099 6.776806168356627 -2.6385294670689188
1.9027026977074097 6.367670322354519 -2.645122998351708
1.8859465301156402 6.657022360171098 -2.6388634320850337
2.0391388893752342 6.7748888167612265 -2.6273592760959072
1.899432225454151 6.685952640727817 -2.6593467832218414
1.9443971981210677 6.777929267159873 -2.664453897171697
1.8957194771863641 6.771674363710783 -2.6356645141685586
1.8631224774779058 6.746587453168133 -2.676744707680456
1.9787191235440118 6.755343286080113 -2.6097793246930587
1.8925949049726616 6.676427575369587 -2.6495277735403766
1.9201249960334161 6.364174106214523 -2.6310155747771895
1.8755271241740221 6.73093826854651 -2.6731476199594386
1.9596984785398397 6.77518309900355 -2.614001610200897
1.8955368270984037 6.747962300270891 -2.684805844115207
1.9198912034860167 6.647377165525064 -2.671078068988182
1.9993194090018949 6.664258678563398 -2.6199445629339713
1.9119989177100678 6.653792391418088 -2.6265043891446997
1.9651053959058185 6.776030682442858 -2.614172605673337
1.92971596451112 6.7350142312959465 -2.6118060493808137
1.9861491497391384 6.679955193340696 -2.6433826922610697
2.0057658856434855 6.693636260840122 -2.6317906413426693
1.924744052198311 6.641623759213264 -2.6208793578934775
1.888281961839069 6.708927247082479 -2.656892278924214
1.910704297585248 6.673400109092768 -2.6583577310057276
1.9107516447951844 6.701479129238172 -2.665944186024624
1.9929302635452415 6.700448398808053 -2.6200534106153333
1.8675082616933838 6.734169614562043 -2.6458830666396205
1.9852299825513406 6.686054112475709 -2.630094218452009
2.012593915497087 6.769516481844761 -2.6514537939075282
1.8793927491879043 6.641448581444392 -2.648292256961939
1.9075129983199086 6.705560835719916 -2.663833584994772
2.0094374571579756 6.734287333402914 -2.66002771791378
1.9924027604768333 6.775116985953063 -2.6602706395935813
1.9058091730455393 6.675701987018914 -2.6512090835341824
1.983019659506096 6.682743491647234 -2.631002029522886
1.9744611921369666 6.680914459753627 -2.626350138439705
1.983914933620194 6.715106158227158 -2.660833562408305
1.913067720976776 6.679672386867893 -2.643763475009951
1.9027135135645683 6.733789181282811 -2.6776839273629545
1.9325179611352072 6.781034292338627 -2.6427260282581004
1.9859138783649124 6.690855170727587 -2.6395363121673325
2.0071588899246704 6.707246107094897 -2.62928694505294
2.0342884426430903 6.729602488718703 -2.6230057358069656
1.9614209173673673 6.653435426956111 -2.6553026979627177
1.9690262250248196 6.673487748552406 -2.6460166464931527
1.9568412367350518 6.637386309887493 -2.6270611673333586
1.901911822617035 6.757479525976612 -2.6405520440311117
2.03067452206896 6.728633753423475 -2.633711357619874
1.9745685759987477 6.6523581812501655 -2.6233708668351707
1.9346725868109402 6.685910708703537 -2.653298697589716
1.9987000536004633 6.767129370806844 -2.6534082697069357
1.9612371260532093 6.654789697864202 -2.654097024034107
1.9793229060096025 6.642760752721307 -2.6482000362036735
1.980018514058415 6.770655781387973 -2.616233039195545
1.948641889239303 6.705434020044477 -2.658628739840368
2.0382368187867383 6.750854962454566 -2.6342751414836725
1.9156540709542398 6.722672124700712 -2.624290810525302
1.9538814895295709 6.7717807479571945 -2.6213192109059067
2.029286408337989 6.737019381605513 -2.612667646329099
1.9347959234480894 6.653015237334454 -2.6571932046013957
2.0347095893067264 6.744156694876727 -2.647011265098026
1.9764017614883063 6.697697215496891 -2.6283791597176505
1.9718193519868048 6.745407501008778 -2.6039348346399547
1.9042710927390711 6.644204398371153 -2.636600392602306
1.9643769197869305 6.651691377448429 -2.643227742966964
1.9503721717111968 6.654405207246336 -2.6531196592963138
1.9261540865423474 6.638128759945451 -2.645015245204947
1.9685094323041203 6.727039750898489 -2.613015886452688
1.9194690580127647 6.644961973756822 -2.660104515770205
1.9773440904412318 6.66319458984435 -2.638676594685509
1.8999065563457767 6.729216664178287 -2.665572843435335
1.9100917003164306 6.7600839606726595 -2.647640565808716
1.908234231622894 6.718756812014241 -2.6307013902286247
1.9411557274579934 6.658148671200831 -2.649069959705432
1.916959275437018 6.753482374266869 -2.6258827860015757
1.914578172665526 6.756415193400683 -2.6414735375760783
1.930563123620211 6.745647403945336 -2.678339425046076
1.9323838208268818 6.651204481223112 -2.6459789690895414
1.934877099484086 6.6502376034102015 -2.6457114092390928
1.963462444205092 6.765036800699001 -2.6579180675208343
2.021444244985934 6.731323360608387 -2.61940922385838
1.9663871266305804 6.774551461329224 -2.658964250353243
1.9658214668791958 6.70655340759254 -2.6332824867022007
1.939934581641895 6.774051297220216 -2.661717000794515
2.0057508932341546 6.773917817055714 -2.6330327864959937
1.9528129017649265 6.758970256225445 -2.6585972060250294
2.014146822754742 6.725504878923824 -2.6232410815704057
1.9769782778832856 6.767840985293391 -2.653584313605646
1.9254650102824589 6.766292196018216 -2.6550787852795756
1.9025609403726071 6.71489263481778 -2.643384323509321
1.9852281298942975 6.771046288742746 -2.6516600490232625
1.997099205257487 6.764287120110831 -2.632949613631233
1.9841918207008957 6.712725362575233 -2.6123326128174424
1.9955973463860321 6.771611496688197 -2.6448254841452927
1.9236861993845973 6.644543177810437 -2.6530609595390846
1.9598406087757407 6.710193353693784 -2.6494344581361435
1.9501467699763217 6.762813428524785 -2.631165320147433
1.9675416240014165 6.726655124142428 -2.659619057311181
1.9903668750723686 6.756027241659638 -2.6331857956705544
1.9844385761923107 6.7654078633401245 -2.6394119736565416
1.9850261997133876 6.775092404878307 -2.6449450901870737
1.9401872194284109 6.750854304021716 -2.6223407259559597
1.9521599270479992 6.763184040158583 -2.6413445551460604
1.9881107552300314 6.751542890160087 -2.655703187521324
1.976352666641032 6.75486500019351 -2.6445239912773486
1.951535509676828 6.7749901751688135 -2.652132991071075
1.9562611652773065 6.7669853460857805 -2.636915387236427
1.9643229157851736 6.767892466003337 -2.6360963840289697
1.9469270964841061 6.7453768932374 -2.6142159403240215
1.902341145352692 6.752700218886673 -2.646425945103938
2.010432979170732 6.741557078534422 -2.618857612833774
1.9198969123557696 6.734317072563211 -2.6298524327213935
2.01770555963987 6.742733123935347 -2.616576316225647
1.954551832848809 6.744926527897576 -2.616084877493833
1.9615187125765559 6.71717790923139 -2.6291530144468855
1.9375759325233397 6.752096169199151 -2.6614504170710176
1.9162822899490937 6.729841878561068 -2.6373550781090715
1.984075648242539 6.73534260369696 -2.6206253939351827
2.0241473754895756 6.743534364469255 -2.6301313970321543
1.9455517585142799 6.724300371962169 -2.630300019144465
1.9670094660351953 6.72040309780235 -2.630429533674235
1.8981278449155208 6.7437634613761634 -2.6599313922058148
1.952154388277756 6.747964373888021 -2.6666995023649456
1.8928175986424702 6.745646601171893 -2.653173483664343
1.893518191196481 6.746037551123791 -2.6514990945270274
1.9475616435160612 6.71302030610852 -2.65587243422437
1.964529727739641 6.712685191191621 -2.625559800151437
1.9530744070939274 6.7286232896923615 -2.641612691466223
1.9758428375324035 6.745744867406147 -2.6592502117184367
1.9974207368658137 6.737288250123921 -2.6356987053486716
1.9758802844210093 6.747074633989508 -2.617543649958452
1.9053044563318982 6.743615500745634 -2.647085926350323
1.9303112079306213 6.747664046038403 -2.6632164595549845
1.954797486532188 6.7499433670521505 -2.6427047472127865
1.9692874289710995 6.732959006840371 -2.6340850301486807
1.966476963735858 6.733876598273251 -2.6397875889415
1.989376666992725 6.744357281544686 -2.6376564798730153
1.935040801012664 6.742563908117773 -2.6439894632487517
