mc σc log_fpbh
21.74375592999076 0.8780097512532457 -2.7984162664864773
13.930867321666776 0.8740334225398114 -2.504864302932789
17.22567031787404 0.9472940576401757 -2.6331079521675287
19.670927571480284 0.9523945415484845 -2.752417340359272
10.065331701133243 0.9317627995985956 -2.549396807607371
10.65531160637088 1.1229407433821463 -2.5840952670007677
12.196241909622692 0.7232555858282455 -2.5676011000223897
10.48070815044279 1.099103150167534 -2.676556574249582
19.666760517915037 0.8391313129038861 -2.6631387012862433
21.87827902878624 0.6356900119776974 -2.8458630898210053
15.583489473667433 0.8880557213278472 -2.8578155657195605
19.900207184871235 0.8927562828069181 -2.7241006996796786
13.70289537715821 1.003709068322995 -2.795155712071792
12.680069555408487 0.7719802083892124 -2.4971609654098357
14.361919049973073 1.0826924691702728 -2.749330046661651
12.023602597695234 0.9644002835085398 -2.7394868885397727
21.586281302830546 0.7782348046203569 -2.7339032133286993
16.448043748674177 1.0299235714620603 -2.7693907542020506
11.109268852067785 0.9727282104382613 -2.5334332668931916
21.116333914708715 0.6240004476711766 -2.8441794954686626
20.871842777809142 0.6303802104359815 -2.850331175297499
11.035531592883913 1.024559506713653 -2.665368206599354
15.187375499439133 0.6059272137976093 -2.6537248039698493
21.84702250914572 0.6371133111066936 -2.809181353153032
16.68076041031707 0.8334643441163244 -2.580627924298039
18.494744415386773 0.765794270784247 -2.8796331366820653
16.817895685219867 0.7602601401978872 -2.864353984452094
16.769842185476215 0.9515517240167923 -2.661992743499754
21.485613735846165 0.7404783555920238 -2.8307109507458366
11.26146780136223 1.030341355995235 -2.6554371370122385
11.092759942517205 1.0252599300103515 -2.6251538758481416
19.714380607373844 0.7371352486893947 -2.874234533360375
17.59675759151191 0.7079522383708771 -2.5657377477776704
11.816248216228196 0.9073242718940331 -2.533890452355678
19.19459020991131 0.6072074612305319 -2.830343799223016
16.998419859926372 0.9406554259073198 -2.8134518377484197
19.747852696176246 0.5950624263783214 -2.8138493457073688
20.923207997906594 0.6217670909175567 -2.8188027110671245
17.067135117134654 0.9758769204556328 -2.761616534996002
20.34949622280973 0.6215910246059647 -2.660904395385563
13.253059078747839 0.9549493056618313 -2.5708492673380405
19.211015114333726 0.8927307388675644 -2.788809028831132
16.39694499125811 0.6834996641104175 -2.8259980813002956
19.528852554923674 0.5656904604439971 -2.698466581243604
17.083756636731728 0.9673991134074028 -2.7711599985347597
18.514228121942523 0.5605658221362287 -2.697496443173816
16.430749860763896 0.9460603504304392 -2.656723586030796
11.652635517965761 0.8664983479776887 -2.545449949738959
17.425961218344383 0.5861738792711799 -2.7573367348179563
21.587363320450855 0.6620046518584313 -2.7393170872488692
20.01564356412775 0.6103955639634024 -2.822728287972946
20.3020337761939 0.8123020988359605 -2.7205816947628385
12.759024031122843 0.9866615647863897 -2.586448205242416
19.37399313490849 0.5843764246521383 -2.7911478514872314
18.416319831985692 0.7999230839747185 -2.8620460989237353
12.393859393580577 1.0133271141588884 -2.606708842263874
14.231629419069108 0.9330419102247789 -2.7854988631138227
16.652642690233947 0.7075315972189985 -2.838928287097086
16.63164227835249 0.7689665672737886 -2.5632669334949316
14.912782152033621 0.8955742622660676 -2.5785662737301225
16.683418221885184 0.9540795239416157 -2.6864147781677423
15.083675215960183 0.6318766535006385 -2.5828900326397646
21.514093545758847 0.6593751013491562 -2.7674921912413906
20.06372228297323 0.5849577608077831 -2.7028798736307476
20.71815336531798 0.7778445801944788 -2.7338078606705882
14.951539926669138 0.9624380330532187 -2.63088749451192
16.768433254323327 0.7823732156383923 -2.575113562416492
17.211549525056103 0.9513711299934232 -2.749545444931818
16.564656891715813 0.9597501165438472 -2.768257025139319
12.742198469502835 0.8080022496750656 -2.691069241917414
12.375049614479186 0.7804127611328532 -2.584431776604748
14.728776278789306 0.9934643365681632 -2.6627959074209118
18.80476142394744 0.572873315479464 -2.679336728529871
20.05024328932038 0.6913948020742927 -2.8471322567813524
20.121757096249254 0.6050080890961059 -2.792467550233802
16.83021024825564 0.7947364288886369 -2.584534849253229
14.42429729646071 0.8305760923979493 -2.7861128698267184
20.018338658972347 0.721789907714693 -2.845896486274581
12.891433387604891 0.8242253282094855 -2.5346002060632946
11.75887261903311 0.8991267770988981 -2.573614693706527
12.214336264204684 0.8914373214711381 -2.55460575203649
13.814465277777321 0.854341889940182 -2.7634397715489745
13.560053195280979 1.0114507826004686 -2.6806287758520373
19.746792892793984 0.633121216280673 -2.8227864617219267
12.164646241968208 0.9603936881848542 -2.6753907783047604
14.981232099668722 0.8249087182303122 -2.556274817070036
17.678747114298936 0.9114551989430617 -2.7095708139716574
19.423656726675105 0.6504055042076172 -2.8342988435531384
20.86611352788929 0.7352963495063436 -2.734321672390648
13.303238034996687 1.0073159193262171 -2.6872944203484543
19.28197222545328 0.7550398501992092 -2.8468437114035345
11.87797669543745 0.8974640034309147 -2.575506333739492
13.429173253325244 0.917184656952148 -2.574308865417456
12.964750447155122 0.7492402341875457 -2.5712562975227784
14.462054254375957 0.9880192429064119 -2.7320582818907164
14.327591129619078 0.9836028636414738 -2.7362901611875117
17.563327635486097 0.616839914899949 -2.785159603059097
15.583015537335836 0.7931515841927145 -2.5587191268891565
17.146087854937683 0.6984372029867743 -2.5713111780792186
19.68758636458777 0.7922473969642156 -2.6958975551243785
12.706115674775784 0.9996938191705235 -2.655221683707177
13.628068549671193 0.9673034803788773 -2.617344905711032
16.84040153582105 0.8965035434386397 -2.654306369153433
14.379452338222592 0.9597322670723255 -2.751705869072188
12.506257598912683 0.9559108961213469 -2.5955197644542247
13.005613184612805 0.9839322163793288 -2.6259633934417694
19.34886862960949 0.8398950835676859 -2.732729681706012
12.087086117321526 0.8522383411736683 -2.5748161310843973
13.191464304997652 0.9055403420977953 -2.569487787505297
18.82484397762297 0.5840736172210073 -2.6725212646700625
18.3266613960758 0.840347002437142 -2.819893254677676
19.101283749694225 0.6089533208415876 -2.7937934215290423
17.527191466940586 0.8681792324733064 -2.660260839832749
14.736715307281427 0.9580443161190608 -2.6437633651826435
12.375196834606973 0.927786767557331 -2.582598178341077
13.078303429694344 0.7738582997668745 -2.5499914465768043
15.919568946262322 0.7799558415852903 -2.5648794415513736
17.407674514343732 0.6284600308021266 -2.788353694568003
15.696865421073813 0.8906999214225245 -2.6152010307430418
20.595367035256032 0.6401004640201869 -2.7116876631193363
16.23167439441705 0.6927280614709027 -2.5571687921038952
20.38978050018825 0.6682413062667958 -2.6889779974048302
16.1557930880156 0.9118090343674219 -2.787978015603424
18.294183467599165 0.8402908003845073 -2.6723295499934103
15.226289005638316 0.9059021371681472 -2.613709984898619
15.848875335111618 0.6512057306807835 -2.7476371666252755
13.88272146779039 0.9350566772804109 -2.743933737162579
16.12895460228477 0.8764625704451299 -2.619805339479667
18.235033939811792 0.7133566754102515 -2.842344427470782
19.112577965844878 0.6112608882823762 -2.7915890342595913
13.530632104714776 0.9266156501931558 -2.591251875963215
20.91778024022274 0.6649541362586084 -2.7743592937353263
14.422935698472708 0.6669770191050769 -2.632312775639073
20.644984492896448 0.7505567006662375 -2.771773023506662
12.317285266687083 0.828872784976143 -2.579997899603744
16.593174528198013 0.9397334519685402 -2.7344184457221603
12.96333573291823 0.7947856193139521 -2.5512373020165917
20.359345375354685 0.7089680394141813 -2.6971655048475425
19.4650046588506 0.6966127857936282 -2.836720229581025
12.213934209315962 0.8961911215228355 -2.5811944879092596
14.79294866689037 0.9375552702420306 -2.758548485865292
15.246393907018225 0.7671758312633238 -2.5514572237796003
14.126770333827292 0.8910287682540136 -2.758672038602821
18.87994680443726 0.7598512330245362 -2.6484059960581
18.992983013539394 0.8430119078676425 -2.7840058776485854
15.470475722106608 0.8039132663433067 -2.801768323474171
19.403546767467336 0.7672272972643576 -2.67586767954612
13.567771556857593 0.9820431110384754 -2.6645345734443557
19.01578134547494 0.5873738406717586 -2.72658028898304
16.444834619533346 0.8999754681745815 -2.654905706296458
15.354553403115794 0.9561066731510278 -2.683485699331448
19.28307032653742 0.7381809151364549 -2.657644741685881
13.102640820169238 0.9767191816514927 -2.659712092633245
19.104168828569954 0.8073041203031157 -2.6934930394011523
20.068576635502023 0.6749535358893559 -2.6799165301794075
12.446333358633025 0.9521726510404723 -2.633113092118632
18.79237607790061 0.8130670769940659 -2.813436986685751
15.918445318069164 0.9416514855867072 -2.6911452104362903
13.457763053434382 0.7275735223228483 -2.5956563654681983
13.653019812689356 0.8031202295013415 -2.7243788947099365
20.56096629682233 0.6506739297460442 -2.723379398089725
16.80088763270726 0.8546297047056336 -2.6329680662510944
19.952597311548335 0.7812584447678023 -2.732753782479594
17.375166262247248 0.6101363406540855 -2.7503716311761277
19.275022510093926 0.7631872598670622 -2.825719379680148
20.489060856266292 0.739827193906661 -2.7825550315914813
18.91393526372857 0.7901002325313818 -2.6725188098441457
16.294482717773352 0.6761765729704369 -2.783381601256999
20.343650044736652 0.7156908007825528 -2.710206689542954
12.601377483290419 0.9045016928948048 -2.5859647256728007
19.47213578374786 0.78384957055097 -2.8100230042774346
18.394142809108445 0.8415611596322187 -2.798975236611568
19.9236081183357 0.7234651519787372 -2.686833698684148
13.577762889578832 0.7215123142626743 -2.598862555140082
16.80352137466651 0.912786960913464 -2.696864033721953
16.812765697229455 0.8953754651245404 -2.781098969820876
15.045043550587149 0.6923087708353016 -2.557755667323616
19.96067796267404 0.7858752460564439 -2.7622864649355408
19.437547779210554 0.6079232922103414 -2.7666469395260576
14.650440900245357 0.8539693697231374 -2.771128483705823
16.39957423913264 0.7587876694620334 -2.814528420858409
19.339691629199617 0.5967955617059756 -2.7066311798217315
12.953086982255268 0.8811993780024844 -2.5743700684448245
12.969424096252201 0.7818338580152162 -2.5754401686760344
16.298303373061767 0.9037550179310814 -2.661149653932254
18.488741633168836 0.8288247819943154 -2.8035205565651866
16.4325072265299 0.8444930036577191 -2.6174154336167934
13.311499903353528 0.74973761371736 -2.5793037445219635
14.99918296675855 0.8796084000424028 -2.7745699133815425
15.374807222025503 0.9321398285288999 -2.658271611763451
20.258539744867544 0.7562518010054418 -2.7480392497263644
20.615329015824663 0.6968827016169631 -2.7805517106186644
14.225846009264123 0.7585508995695437 -2.7329661508921865
12.549864102650085 0.8278621810469876 -2.588860518681373
13.756584827565023 0.9024478484177875 -2.5922058029196355
19.468253230972042 0.6990726782616533 -2.8250378765534623
12.485147783929989 0.8998110694090292 -2.59641277159933
17.21054178788122 0.6961097878039135 -2.815271646703232
16.393553652135544 0.6779494666101509 -2.7842999102435493
14.792902137991835 0.6655652750392734 -2.664750694557165
17.472721965458728 0.7069381596962371 -2.8227559959022575
12.473699671634721 0.8394594255880559 -2.597391897170061
18.726792885583038 0.5920422417281279 -2.719978026229824
20.098157627888675 0.6422495533283529 -2.7866490452655044
20.409942951276207 0.6530137665244576 -2.7774505132021594
19.74794902641536 0.7670111100228855 -2.7094957395576413
12.930992982793502 0.9004239093014049 -2.690377896219379
20.029190949283475 0.6808019700555815 -2.8091474358574904
18.788715624223492 0.6524355177060106 -2.632359521901509
12.788047813826541 0.8247500079176131 -2.657279494517065
19.44490862722033 0.8101488712378773 -2.7613956198207594
15.66823929233723 0.9427169102650658 -2.7092436175796024
16.4329459539099 0.9170188889026587 -2.7514783250781676
12.887618920704806 0.838812088738138 -2.6747006094798413
13.297171751923562 0.9557501925725914 -2.6784722730724564
15.378570214602588 0.8717222973247886 -2.7805398693911783
20.043143538427348 0.6346222356792772 -2.7033360493288665
19.31319600207429 0.8141190430826738 -2.743856634839006
17.760909097601925 0.6642753067964479 -2.8084140435165685
15.410179536312693 0.6386761677920287 -2.6468914999383175
15.946722079140574 0.6398770875071638 -2.5933799493918905
19.10478835177892 0.6551731381481748 -2.811828845023744
20.19328370750381 0.6322659951462611 -2.724022851946303
20.579176971625685 0.6902532934824769 -2.7468525143816214
17.061078129497474 0.734291477271992 -2.5895784104116
13.080746068086675 0.8823464887643165 -2.5806777347419105
12.949931044037545 0.9341248330861983 -2.6195234187593535
12.85545645103894 0.8210221282823875 -2.573851805646732
18.280287472071976 0.6988946864736546 -2.6176539561801095
14.469889609659049 0.9389142400948843 -2.6448235514416916
12.887598949047248 0.8825849854401177 -2.6824612914143176
17.775896794261108 0.7936732382068379 -2.820290302265357
19.919498966642543 0.628384809341109 -2.7704195373469114
18.553114339843574 0.7821988399366939 -2.6593858498453584
15.151160647605348 0.6608695500538985 -2.5896365739667635
14.411388070739585 0.8907727465391518 -2.6003170897682812
13.454400523285402 0.740927976951496 -2.59530309564089
17.153211169259656 0.8751055030703174 -2.676127699684141
19.85707356947834 0.7775563071281378 -2.751670668299525
20.24940565680262 0.6690834272458792 -2.789713398756874
13.259010064160567 0.840879791143376 -2.5669198584059503
14.005176433392275 0.7127629565333359 -2.5821711355031196
19.683088788568824 0.7711801465112688 -2.7931982193008063
16.811312264262362 0.631084923572251 -2.748339093746011
13.38165537890147 0.8203121735159667 -2.7008775321111793
13.238112358722379 0.9208934294481697 -2.695001884097179
16.407365167739137 0.688182474206563 -2.7858997799878447
16.287812124173406 0.8265976014259875 -2.8013054591490434
17.132912907363025 0.8979308048105105 -2.7338717883764403
18.402195530490935 0.7963657754064066 -2.812638325027687
18.01804974869996 0.776869867468754 -2.6378165316828355
16.66059112859419 0.8264302463677955 -2.620375706820133
15.19895208050127 0.9233933554444038 -2.743232731432051
18.676046555368554 0.7952107806755387 -2.6779487819070757
15.320452860341847 0.8410657412806135 -2.593013043854855
13.805480713895752 0.9506812837881456 -2.6646381489087156
19.085190578350165 0.7041077664171937 -2.6514751508572934
12.858792368429404 0.8577445977320928 -2.5830603691451683
15.238713973154539 0.8658628393610309 -2.6061571079102923
17.455626930998456 0.6255217139356088 -2.76090725381538
19.00641400170363 0.7679123228335737 -2.675831274346157
12.853029511436802 0.9009949440221569 -2.6685972904658666
14.958881237104071 0.7051485412037262 -2.72907564723922
20.233789790469533 0.664419447292551 -2.717225007343681
13.28382002645628 0.9288070683252883 -2.6245793264350725
19.018206164849808 0.7688345405067871 -2.8110095353710873
13.24055639948853 0.8276285541355333 -2.5698742929766154
17.184466453587504 0.7589656581088242 -2.6046935017359107
13.185315862901795 0.8688033780699389 -2.6931202028352486
16.45150423837048 0.6693592049282937 -2.580889057397597
13.96005027554605 0.7521257103782594 -2.697987179140709
19.602646167765364 0.7087507459338437 -2.6793496340704825
15.15651583805899 0.9336102151379673 -2.67802819623005
15.423320933027592 0.8421618666142753 -2.598150787675297
15.770030658367208 0.9249872250552786 -2.725521461964558
19.399003409016025 0.6577753308711266 -2.801193506161557
15.527742497066216 0.7312591375084433 -2.5643918990037484
17.693208715968364 0.6033994847825447 -2.7189458997516835
17.131386014081833 0.6671486399030729 -2.7896503652184412
18.696859212852523 0.6573612917554033 -2.636839356239631
17.837673819053265 0.8623112843686869 -2.7138662101794804
18.920056329296866 0.6018668338177567 -2.7109453893663047
13.087531620319643 0.9012156589255674 -2.680713276448566
17.450883216398495 0.6496900594072748 -2.60426564175318
17.744335924481152 0.8202898990681856 -2.659077448319209
18.460847613510673 0.6756878381249586 -2.6279260615284032
13.961427000717636 0.715284497684868 -2.603160474599729
16.51041185510301 0.8662031760516425 -2.7810753411308564
12.69872813939229 0.8506361084083103 -2.6093199431998997
13.37172568383965 0.7580450491672848 -2.6211666564148848
17.319792182517308 0.8424057783296514 -2.791005996255623
13.861249042012453 0.9085881823643448 -2.7142114038659284
14.586564627867261 0.9395907978818184 -2.6835029713787213
18.6750970545813 0.6331950670891624 -2.6469895130232803
19.316704862275472 0.7545610581756191 -2.690161058296196
16.995842843135236 0.7529095556328529 -2.6002523355050124
16.867461672951023 0.6369551674552942 -2.6051724101000246
18.934117272554523 0.6926277523952663 -2.814433110158938
15.878800384763188 0.6696225444734354 -2.7415245226009617
15.34013932601691 0.6637938682555753 -2.5929923635814536
17.603521238984392 0.8432230122775369 -2.7859634835847857
16.829962119397123 0.6706734209435253 -2.589195809917915
17.788548839095874 0.612798573920099 -2.7405246589415553
17.95310322178122 0.6007807960580888 -2.701350579825716
12.848399702926642 0.885579625728938 -2.609888930798514
19.81623882217547 0.7420057104198166 -2.7189508006594076
13.467304799894835 0.8365832898634277 -2.575542597889925
19.928951491982243 0.6956027665314793 -2.7925524821369008
19.614337399877332 0.628448026488148 -2.758939594724521
18.80901183386054 0.7802442540327447 -2.8025635189905405
15.382383883793112 0.8866918959838743 -2.759099190555456
14.510739565491843 0.7461519405986803 -2.72621930572435
17.731598312656164 0.8355908942156097 -2.7883329998499558
13.733398056734913 0.8909925854571299 -2.7125874241659833
13.633855409732067 0.7898806699568199 -2.692133076278021
16.824045287767056 0.8660024838070992 -2.7759420954422933
19.604414684467542 0.7515110348484831 -2.790516846299078
19.94976492366876 0.6617205130466579 -2.779176323733725
19.80494890698269 0.7416512402969665 -2.719625549746045
14.247307531322996 0.708109358820783 -2.658899530315365
20.25089356037836 0.6811263867911495 -2.747268703479389
16.045464151193627 0.8426696149650633 -2.6196782125249976
13.862504523358504 0.8140291900422062 -2.569839590791897
13.321437147481625 0.921696528314674 -2.638311308430019
15.419227616091867 0.913678303710337 -2.667457057167418
16.685620820869033 0.8919071221088251 -2.744846493952675
17.803671650503958 0.8420844404418253 -2.7790105588348197
19.364592502726786 0.6964234029584608 -2.8069412782592034
17.148222243707664 0.7837106534629958 -2.8084813225791665
13.276879409809514 0.8771132663704524 -2.6869546545094343
15.734248619732107 0.8448753861967502 -2.7782320781852987
19.383199760006114 0.7019168261509898 -2.8062876520302336
13.094417575993184 0.8881566829041795 -2.670854189673672
18.092881317911992 0.6645529094921091 -2.6219183923167746
19.500140304916034 0.7050872377110273 -2.6820801619173045
14.013078719133919 0.7338564433119328 -2.6704109380194136
13.088573284471746 0.8646458924205408 -2.5971173671767893
14.195772996514906 0.8245562295542944 -2.7331790341611555
19.584849611641268 0.694755713842129 -2.7989527109408363
18.074563370539206 0.6684799384380041 -2.799921683755036
19.104477109321056 0.7841199826706536 -2.7121339686180947
14.90982491282241 0.7494571765632201 -2.7450566510217214
19.470565656827155 0.627076567096586 -2.750296055851117
19.996278210667477 0.7267662286213091 -2.7591706254796593
18.064745447593616 0.8355696155520471 -2.770804694775902
18.82784639030512 0.7121848038578888 -2.6531212732273675
19.311050090943727 0.618205231574605 -2.7197214141665134
17.87183511117331 0.6499807198527394 -2.6210093232375593
14.129492982344493 0.8442324133881218 -2.729506981896502
14.061304878762636 0.7973359847502851 -2.5698774032145835
13.150679380046794 0.803268566919232 -2.597474283713751
14.862828983006624 0.7961204433956082 -2.5748608401657647
16.3480988959101 0.8991756689658159 -2.7058865961760175
18.998717344608647 0.6569357261549221 -2.793287364216741
13.854262126862668 0.7443453117707782 -2.5853611405780406
15.063264861726333 0.8344523966630327 -2.762230022438538
20.114348250540274 0.6814147206435097 -2.738564497804656
15.332930978982272 0.8177450567256146 -2.7709610965745872
13.287405663600909 0.7818094676107497 -2.605885669489814
16.38349183566735 0.8491710917761943 -2.779368899521991
19.172933906948927 0.7160373041859268 -2.6712835133897945
19.410976812943904 0.7034455577684509 -2.800519232339516
16.528965012340123 0.8793562134481494 -2.6769373829350767
16.142774417018472 0.9028532266241295 -2.7103700796343086
19.303207528175513 0.7555297504151207 -2.7902016848520086
16.98349556803602 0.8569707912214192 -2.7717169842969094
16.751412513706953 0.6196871332470298 -2.6485636249339506
18.60964605260987 0.7671069324705798 -2.8028547690465193
15.970976573977856 0.9023524955364723 -2.7286343527944874
17.169231608729206 0.8672845616523045 -2.699433113041766
18.005710941765752 0.7512681159768113 -2.6376044516049815
16.615554134803332 0.7486138037891649 -2.5953617510625255
14.3424206798135 0.9031068699461626 -2.716384057784987
13.14694988710451 0.8051489984106172 -2.6255474677922157
15.39085642228499 0.871055601504352 -2.6286545834947517
15.851456000988179 0.6608861076546645 -2.5964481514780084
13.92107472477247 0.7432746029299918 -2.58718122276352
14.447638610098608 0.7140995216914229 -2.680363073449055
18.344819012795288 0.785983028010481 -2.797305152910721
16.408721594692253 0.7425774026722677 -2.589581061774269
14.833971001607667 0.7336627485745281 -2.5702022844481203
19.360088984878956 0.7740321730287669 -2.7410212533152585
15.947719698019094 0.637545766166974 -2.6562123963390585
15.601790833439198 0.6994579476382193 -2.577342313510852
17.004627131798586 0.6888121441968229 -2.5970596221776594
18.80063410189632 0.6538633934916607 -2.7877469001311734
16.178904316904653 0.7072478755201907 -2.5819802338292055
16.850428616039807 0.685968055667519 -2.5943856368045073
15.98273357737654 0.7475115904273528 -2.5827442025656113
13.06737855646275 0.8275422792563881 -2.61180951282725
16.89364735751498 0.8054925804798198 -2.794553872730364
16.200925712305462 0.8831711424441805 -2.6722784016714334
15.489575471632824 0.7122599855245438 -2.747795808494499
17.63922729798285 0.6325318112137246 -2.630275110683308
19.32063543265741 0.7751548050513328 -2.752094064735703
18.45310811773694 0.660729883792594 -2.639927076379905
16.795647065754984 0.6916808645465702 -2.7828446910257636
18.426421483788545 0.8119232412038371 -2.7063254462744726
13.766198518376637 0.8806693332536342 -2.6096723914846924
16.640470830349507 0.6589641817614392 -2.7535520227036816
18.484392618308487 0.818948323633708 -2.7299302336935245
15.156013792166053 0.7864222472764166 -2.5798757634215574
17.731072584483055 0.690699092643755 -2.615890129226638
19.08541447282879 0.7801795997533852 -2.718789553856571
15.267401376208017 0.9025150709418406 -2.662754666876827
18.382030914775854 0.8136313994870709 -2.7714038891568613
19.019183950289523 0.684763495569099 -2.6619174741264353
17.56102322111442 0.8468008462484596 -2.7622528979937906
19.193277601937226 0.7085489587676265 -2.7994907744048745
17.660851280153558 0.6989077315177532 -2.614666206582058
18.907740391361973 0.6702021340834432 -2.7946300045173356
17.90213892251629 0.7689044619521848 -2.804250914502509
16.28755737035284 0.8381308981623006 -2.7777465391943323
19.977731776853222 0.677116781748223 -2.7447321081571054
18.116762816512168 0.7550700738220448 -2.806229537663751
19.627339556608817 0.6968249506685765 -2.785638657563516
13.798419901673228 0.8647001162619714 -2.704377621536585
16.27772264574356 0.7289191602878279 -2.5863283347140458
13.614528212044076 0.7729877771952655 -2.591154593341578
17.9985039700437 0.701668845485014 -2.8040793362799494
18.65910709491628 0.6856373771534747 -2.8008049100046257
15.98502442871113 0.7948603630575521 -2.600065860254423
18.668600579950247 0.687230558454164 -2.800939553024665
17.634213279694542 0.8403034273808697 -2.765438807781246
19.235295452250043 0.6583635928346069 -2.6764233270256064
18.097803170299102 0.6945764231054996 -2.8024509479514528
13.142170131666255 0.8717739603415542 -2.6454596588348065
13.835523404957332 0.9080580878833183 -2.644936252554766
17.618125942993082 0.6209651294151858 -2.6474257023270678
18.55826977547018 0.8117740915806235 -2.727259011032227
17.21262827963162 0.8652501058432154 -2.7266909643018424
13.78674601379706 0.8479950896705344 -2.7020667126439006
17.93181426566918 0.7859154800616512 -2.658432437277926
14.102226164702566 0.8862159172340912 -2.621267588941018
13.429869304069479 0.7923169307510091 -2.6484905449127245
17.79270156969705 0.836656016507515 -2.7041880693925013
13.599914485781818 0.763777429804877 -2.626179772856906
17.505973809060777 0.8497141840086315 -2.7518048709906715
19.73804395868743 0.6687352644753038 -2.712981141071352
17.147710517349598 0.8655004606920995 -2.7344141578327226
17.87584881173956 0.73548399433052 -2.6315699994258877
17.415102310505894 0.823461826630985 -2.7811543741142737
15.174043717154268 0.8724527811522117 -2.744066407755694
16.102210221976136 0.8545718441025945 -2.64331624216399
17.974185320370786 0.6565525190394095 -2.780109385163359
16.291600092975955 0.8418211570394851 -2.6393728157610683
18.44544243580487 0.64632993232432 -2.77494555256689
14.983234558092223 0.8128707451153839 -2.7517854633410654
15.610309902026517 0.90127329464892 -2.697758549044443
13.238810168691108 0.8579216489494961 -2.652243314588304
17.224658745685858 0.8393654961921194 -2.6756776724890847
18.50457124287913 0.6335768209605845 -2.660797908947017
15.98879795416752 0.690609911242904 -2.749230764860009
16.490245796885247 0.6293249412132359 -2.6614671010871707
18.22870829576613 0.645198817041013 -2.771731431313608
14.287916633890768 0.903057474373261 -2.6491224210063082
15.749386316028263 0.683480877468323 -2.730798612287464
14.812614804770293 0.8386300878591608 -2.7432146261096912
16.0694234623612 0.6743906961666464 -2.5940526218504028
15.9074374491068 0.8171013415318317 -2.7733876061235136
18.946181009682498 0.651052870230735 -2.7747287089034884
18.635448304951737 0.6919244311735925 -2.651593224984747
13.355831985896033 0.8786314572953918 -2.6345179969897075
19.069701219763413 0.629181578756329 -2.7396067921847065
15.591665524091194 0.8995073715148195 -2.698938763085886
19.106500867256834 0.7537988846054768 -2.7025047655305126
14.606385316358056 0.9034887157548419 -2.6592171894288117
15.276975768927178 0.8985344750974386 -2.672678568883287
19.178291425964623 0.769200264808698 -2.7556982955460345
14.147605600887779 0.7282469711483067 -2.60855238262321
14.117726137759618 0.7944780625969917 -2.5814877963159706
17.91483428450067 0.8326577567512621 -2.721015654640328
18.138448422747903 0.6303416916599162 -2.6540482184715843
15.971841517655637 0.6512421289441881 -2.619737609773952
13.230129263903072 0.8441276995759325 -2.6275657025938943
16.022131881896208 0.7765617406150763 -2.7780723824445444
16.84788654922422 0.708927988938671 -2.6000619736203037
16.44036976427747 0.8072499420989181 -2.622968819244863
13.705400260048872 0.8965371992443549 -2.653364061895247
17.85827088628313 0.7351352278228889 -2.6341225932636894
18.431102892339318 0.7866217313040161 -2.689621710705376
18.678746734703893 0.7635073856347961 -2.7883033570727864
16.381733098871678 0.8125898559039021 -2.7795367210012136
15.980091545514238 0.8180750772673631 -2.772640291029218
17.925202541379473 0.6287631498936894 -2.651074455975018
19.68916966259134 0.6987627359149426 -2.7204578021013868
13.4897292838241 0.8593186775955353 -2.670811492417399
14.24367717551101 0.7627018034401043 -2.5814893872815152
15.096622659596896 0.7010825058323507 -2.7049687843872765
13.370010609141056 0.8106001597322016 -2.614667439358348
17.529165170783187 0.6255749715202361 -2.6500036511599463
14.600642822635102 0.7108750586847269 -2.598542531692215
14.255017045766007 0.7224383454467669 -2.6429058456452763
16.74069039245834 0.6989845718185859 -2.7765369820307018
14.336249368080573 0.7335143172289971 -2.5915625929885815
15.366624414096401 0.6652311072739209 -2.641633493867279
17.422874794405825 0.8082868832176053 -2.660249184334874
19.47555912622482 0.6631213153249014 -2.7045393859564566
14.100422171691998 0.8798204151437271 -2.626553178804423
16.19028287528924 0.8469048904160116 -2.6457470755841843
18.186364964179454 0.8181413372162074 -2.742784262698898
15.928105065608712 0.7306328307044037 -2.587001164387032
14.022483251068252 0.7639875411329273 -2.677055352375256
15.045013629907476 0.882250990342591 -2.7255068098988007
16.426125954148137 0.7770510881865274 -2.609632156701849
18.68520782136746 0.7746971681587631 -2.698836378015559
15.33511951753092 0.8839185410621012 -2.7272093715836414
14.187838657438702 0.7951896965781784 -2.7069859481489047
17.289608749859497 0.6299645567925705 -2.643519921129809
13.766563341511038 0.8857239644239404 -2.6392496924985553
18.68927897891509 0.6768790752416518 -2.6575499204631674
17.22718765674851 0.6236246116306933 -2.7000862367139495
18.903442036533832 0.7053172457207564 -2.791640909792929
14.167196061570237 0.8201121842674782 -2.7108900709464763
19.408101497586113 0.7388660189364274 -2.7279331933712325
18.99821669177347 0.6304558957377303 -2.708894140903815
15.433851080563121 0.728131051186686 -2.743439970124853
17.98909308055939 0.7671368810683865 -2.7932545889672564
13.387623736608896 0.8161418644741029 -2.6314014919691884
16.01082339115338 0.7172949341121267 -2.760952460181194
16.624897025326483 0.8590270952213879 -2.747836928286648
16.95639366060626 0.8343436123440475 -2.6659445152462755
16.246779416158112 0.8366447844612163 -2.6409320041529556
18.355420745563585 0.6557106453679906 -2.7741018164173004
19.68916673483515 0.6871110887991506 -2.743582649468755
18.8024989858364 0.6358019967170204 -2.683343804882613
15.818409901392661 0.8684874709388533 -2.6577100897888974
18.595458580479434 0.7462842747093776 -2.6734678535002834
16.526791913793538 0.7152384813323538 -2.59728361738936
14.460367550746987 0.8065423524336129 -2.722709598255325
15.685456867977596 0.7165580647304296 -2.746988618667772
16.923708155215643 0.8353874725847721 -2.6668634297955585
15.33587957484239 0.7152499892779574 -2.728985993274223
19.21176334627652 0.7569106394692787 -2.743791149308625
17.700310895889814 0.6296183549607466 -2.732560173812344
16.57691770594345 0.7126933440313098 -2.598505909005421
15.275487671347053 0.7055766849997475 -2.7170120595214553
19.52587374591193 0.6602961074756036 -2.7279176283125164
17.20135624864262 0.7907010558365154 -2.7860628556988924
16.02117732099034 0.6514518791027537 -2.628822429892436
13.61033062777617 0.868274663234227 -2.6312124533854395
16.386747455572532 0.8729579921562954 -2.703236879101678
14.852226154037272 0.6913742328305507 -2.6307694936719397
15.731350322334766 0.7534645974092541 -2.761994253484299
17.99332424220227 0.8115095847366894 -2.762276022095833
16.386121080478716 0.8597088925050531 -2.673354833064178
18.873745426557704 0.6340084215373356 -2.695623356757034
15.646311526024771 0.8071237338939449 -2.7621539125372125
16.684274683005746 0.6736047381703266 -2.6060502222711275
19.15594558402519 0.7490737910084169 -2.718403981354048
18.926063151863133 0.6504641341660098 -2.762059634690815
17.950263011778187 0.714444792340408 -2.794321567243112
18.01099905573356 0.8200360968065094 -2.7360600338005288
18.696842898359556 0.7717655205469091 -2.7714908905947446
17.001036046896974 0.8482897143228973 -2.746196761326642
15.789207291808736 0.8236841839472875 -2.761348542300521
14.323718446672983 0.8448873747586242 -2.608104716884325
18.334864607034845 0.6574097766718652 -2.6510836893739684
14.907202570762342 0.8815436718632664 -2.6495886778318765
17.581169597073945 0.7295118239054939 -2.793406589660434
17.28934651206227 0.7633442920621505 -2.7903340947808526
16.893411961638584 0.6325990331072477 -2.6992365125016295
16.113132837760972 0.7295858141057407 -2.59325099943863
17.587664958471365 0.74795742715315 -2.7931625602808943
14.293830075306465 0.7280939501376019 -2.6471161258929183
17.20541350773459 0.6339166959837633 -2.6439904868253543
18.57776001367185 0.6258415046060827 -2.7066415571426723
18.75779975204548 0.6724791654567913 -2.7792175812361766
13.525628395081863 0.8526444784208652 -2.6524656744811344
17.165109957043843 0.6731561539680608 -2.7668005885924427
14.850541992838568 0.7047490704615792 -2.678241382132094
13.684284720824815 0.8503360359932778 -2.6718291337076114
16.664068829318612 0.8300818975649079 -2.6545980671078584
17.590946092691205 0.7064955537124488 -2.6247027467356836
17.568793625464288 0.6375072955811613 -2.6439694075999176
16.261668832446368 0.7599631665983642 -2.603216487910591
16.73971079607344 0.7260558273339617 -2.6056541433897173
15.513588698528812 0.7167714560447471 -2.7357008857949467
16.757045855445426 0.6858776997036212 -2.605458832038873
17.28664940634355 0.8265587374401119 -2.76213834170542
14.129767529752622 0.8873048995332196 -2.671567016672825
15.887022596994402 0.7438283078738874 -2.5923989210448246
18.837802358382348 0.7754321914976862 -2.7410599926776076
16.053469210571507 0.839645667480475 -2.756850618739803
14.715735801373645 0.746275560880472 -2.709783429851607
13.93264422437402 0.8667897528321263 -2.682203937880111
16.826985336146656 0.8130514779841469 -2.7730925644386315
13.548586197025717 0.8128496437187657 -2.6416358553075656
18.980448554115288 0.6402353172569786 -2.7024533907804695
14.207489625751567 0.8191268095052305 -2.5981416145218525
17.539119537954257 0.6831515270659703 -2.778214149391588
13.98687757663412 0.7736585531646485 -2.5989119668990868
16.394513022306704 0.7283176320233458 -2.7715329640041286
16.452601025264574 0.6964566005983258 -2.60024047288239
15.073954419075735 0.854403976920528 -2.629344216298389
17.84629486109032 0.7226841121335439 -2.791613326778942
17.41631390737806 0.7917027794353861 -2.7805096395037108
16.452753964152517 0.8238807674020521 -2.765442285404524
17.408806268181472 0.8053824919788273 -2.7733068511233485
15.683828630684506 0.8783171609537094 -2.6822095988763985
15.826722431850348 0.7483491059608925 -2.759555165319993
19.42277590460532 0.6959013849818453 -2.716587571266122
17.35670843547929 0.8343704216359007 -2.743642200109491
16.461654067149226 0.8640690445315619 -2.704427008957329
17.145392754045794 0.8453243316160184 -2.723607329924105
14.183190598418593 0.8029982202834361 -2.595684827958794
15.05263579625333 0.781006486691445 -2.738082499665821
18.207399636206535 0.6256564877286974 -2.6950324217596227
16.190965338646226 0.7996720263401979 -2.6210480970386403
14.358457464287234 0.7373767677372111 -2.666365747901458
19.157395673786375 0.7454602931693504 -2.7480059164718913
15.16862544957866 0.7294824698754211 -2.722795657654655
18.647817388516977 0.6319020300250489 -2.719093100493171
18.779990100735514 0.7729857728521699 -2.7319832920484295
19.227737174864348 0.7114466849910155 -2.7687092022860122
18.37482220354325 0.658654300844758 -2.767399196871132
16.12796313071645 0.8711360542722194 -2.7068273696289786
14.034530837003537 0.7780549164005718 -2.673597509990865
15.095114500571565 0.6934241645390177 -2.612653596794475
13.958757030904879 0.8238254123936948 -2.6851068672832445
16.50988752563285 0.8067502186698233 -2.635720491318745
17.247165585022238 0.6294213979058656 -2.6932389074191043
14.016615050759404 0.8751893518303924 -2.6563869894720296
17.915056976544136 0.6994039540414316 -2.637792289529183
17.984680593337053 0.7294640475250096 -2.789243202278864
16.279588945062734 0.7704504056533833 -2.6107632903627147
15.736857851953094 0.8036641351763075 -2.7582201742721115
18.621759602055413 0.6926090654388883 -2.7817645836459572
14.47358966120292 0.7398838323161531 -2.6797399062128626
13.768988104076929 0.8401111260590887 -2.6208269733988225
16.92576899299678 0.8209846158206927 -2.7638841143388144
18.273370132426606 0.6279073987252183 -2.699059254078869
18.82335101879816 0.6506162161363208 -2.685684857245529
17.991370584894334 0.6605560626573029 -2.7655817280459516
19.399112280271744 0.6928406849142471 -2.7516317686195846
18.07204830512451 0.7835852242991069 -2.6844188208103965
15.220555474174514 0.8624986214433445 -2.7251338462820174
14.511039066343455 0.7415068670160421 -2.683865311415876
18.483916649062373 0.7097118490133499 -2.6625041466202055
14.923355412787314 0.6974061484949095 -2.6254875378944895
18.54429403303157 0.7700549628090895 -2.765341013070593
16.193584471611103 0.8647554690978259 -2.7202712763879724
18.337400467389728 0.7939048846479237 -2.738264409697405
18.482675267271876 0.7863663368124884 -2.7391715012864726
18.783079966244753 0.6777414789293131 -2.7726721961712744
16.50030152720428 0.8310656668158403 -2.756568663044528
17.00959910747646 0.6594950846513903 -2.7431583102696955
14.089896837956918 0.8174719977789813 -2.6051536791764667
15.27841202782444 0.8761592467014401 -2.708164231258686
14.634077654026301 0.8541504415285435 -2.712541207720486
17.169827291084406 0.8232904041004349 -2.6792087531632185
13.894751932704182 0.8497804388481085 -2.672803529788252
14.093237276460819 0.8689911304087926 -2.6457211029655245
14.707010377440035 0.8809808392059115 -2.668691469720933
15.484761082083418 0.7360036338257702 -2.5917298966728923
14.23595263686689 0.7405124529395083 -2.6300132872095023
17.6233204085533 0.67737979813883 -2.631111499250502
17.56528753031082 0.7619215549285169 -2.7838954720352014
15.668069195011935 0.8600873973787808 -2.659010006371618
14.271130456680932 0.7460824810375646 -2.659244605416072
14.549963226696638 0.8798762165734456 -2.6784415264169494
15.398167304543684 0.6786382291725805 -2.628884482925467
14.719623741448995 0.8801565411144926 -2.6708611001624663
16.579893043765246 0.6414331880425794 -2.6774897523254744
16.094786542831038 0.8564358458856132 -2.672391048097087
15.116003882039077 0.7846228064448114 -2.7367717636403333
13.90034331163658 0.8426668118196763 -2.624163876782254
13.790542801743216 0.8121172492848384 -2.65868840482103
18.13756729741643 0.6875480025004311 -2.779049968775916
18.27694538748284 0.7938063078064794 -2.727192646730503
16.91589207832027 0.8239249028774401 -2.7576155818405717
16.188833085147028 0.8613375872921937 -2.721201001249547
17.87531245719785 0.7622352746370726 -2.7815258714033613
15.016147438382646 0.8797046802455969 -2.683615575612735
14.268625727839835 0.8622728049376399 -2.636545724477501
13.934006650050584 0.7803252410298913 -2.6143529366233818
17.714257654104223 0.784937168584245 -2.669906778044557
19.08292009861761 0.6564558840228188 -2.7094843539920785
17.10080838858451 0.8357171868171548 -2.6993486737168126
18.269990585791227 0.719835858217901 -2.6586260224603793
16.357003753873368 0.8106066217755366 -2.6370739249512574
13.901049173290756 0.8460736636681836 -2.66947762436092
18.50842462937421 0.6750812894408458 -2.663986547469829
14.990295037880305 0.7995481768373561 -2.601905407108155
15.201600420907068 0.8775093349283876 -2.686336122924735
14.38178137806144 0.8722715948600288 -2.6541717277547807
13.796472940285032 0.8150330759123988 -2.6206341606006847
16.40137294346927 0.8157659408386795 -2.6427122690929847
16.64582831123836 0.8262839335460005 -2.7560025891441056
15.087560536445931 0.7662347120337147 -2.7303700436196996
18.3102881434338 0.7374580897542294 -2.7819633150934724
16.239907844620443 0.8554007332612246 -2.728970835276853
14.672938459843252 0.7730365020609862 -2.7113762390629548
19.230992710519537 0.6692255883911657 -2.719191359409847
15.519648544243923 0.6957601484281806 -2.6039297426839854
18.63169922875533 0.696145171036597 -2.7771980416178677
16.09878114028008 0.8627407379539922 -2.6919983689939975
17.448750059667535 0.7678759138207722 -2.648304019570938
14.035649599519985 0.7698722051174786 -2.615509711192244
15.217858155966365 0.8522411563655967 -2.7256622795011425
16.856337317470803 0.8432340376938982 -2.7007788058253936
16.1686426571952 0.7818048710474707 -2.7650883852937476
14.274706597092269 0.8692309451597576 -2.675203601242061
16.11663560275387 0.6591361384664572 -2.6331325937634142
14.58995511227063 0.8536410865354392 -2.6317242981979687
15.053390826222557 0.7103070799394026 -2.689413824314002
16.921397743484203 0.7203999531076438 -2.7740647477906952
16.00080543997821 0.6740845535296897 -2.6157140966000445
14.075760414484485 0.8470985043928928 -2.679170769172956
14.697628017611146 0.7753205435804266 -2.595751003309659
17.23167456291619 0.7927541991353652 -2.7707675472309314
16.23600620380674 0.7420385770945559 -2.605523319525823
15.719563764491044 0.7552862672818083 -2.750569178203354
14.790576149744256 0.828961808685595 -2.7201382721524814
17.70318479601857 0.7465892623654146 -2.782419595904723
16.150105639362213 0.8576388315993205 -2.6865584914436154
14.313495371352479 0.8302304337918757 -2.6153798636668006
14.69864728733073 0.8537211443086421 -2.7075836384480247
17.485960733144267 0.8133883063567858 -2.7511602669051767
18.889710433246854 0.6786962206328948 -2.7634372917347356
18.415587194486285 0.6647166987434651 -2.7623944754455474
16.209915640878712 0.8147586169843893 -2.638156812999468
14.99361525995674 0.7004409934705162 -2.626638792682609
13.962125080460329 0.8047313515930961 -2.6152803423487514
15.65581908256433 0.7742206546538514 -2.7504817221864246
18.814020934611936 0.7238455357262772 -2.693079313558088
17.25794094082288 0.6484250978742309 -2.6427080267798235
16.195809045328645 0.7147071549584207 -2.751774499590096
16.76815528419763 0.8355015544001501 -2.6828950940131033
14.14041652754642 0.8435876519713652 -2.682029758869621
19.238297329481806 0.7072137051132588 -2.732922458094831
17.421737690771916 0.7384000751378929 -2.780995279772066
17.159459162698923 0.678437446250802 -2.6239613232678636
16.457300505427398 0.6617724401738191 -2.715313653706416
14.645503347967418 0.7316680844211095 -2.6743909551159977
14.062332176935648 0.8290714491911001 -2.6204248960092418
17.330421190328263 0.771015567897062 -2.6482579687267496
14.183136690106311 0.7888641599518481 -2.6065571629719315
16.31634626864075 0.8455862964572601 -2.734385708633368
14.031274207235308 0.7829099323183223 -2.6159403037801057
18.82645656150955 0.751929479513597 -2.727014532433295
14.348800714953938 0.8664136810167598 -2.660118119405423
14.400429452580221 0.812443709348567 -2.7000400029647627
16.812161193228384 0.642148562961598 -2.6607879197699384
17.173956628921896 0.8220949117633227 -2.6890963567247193
14.784885392226952 0.8375934861714026 -2.624858000931421
16.594598121660738 0.8299821725974813 -2.6683967293447353
16.869341310289713 0.7459944949295159 -2.7743855355424802
15.276381250348187 0.8012133185430584 -2.6103690018083148
16.465580902968462 0.6488579527462015 -2.6799274049786286
13.970364646720803 0.8011344916882898 -2.618536903920224
17.359923746481936 0.8155209397528045 -2.7478303845293293
16.096663523851646 0.8379276282134767 -2.6575517769792647
17.627143423684387 0.6348846307100662 -2.7049410597711905
14.22376066782865 0.8139110774735094 -2.6879573908909755
18.57242622000559 0.7660636050566711 -2.7208068687982516
16.853227844416587 0.8218416914111815 -2.6717532828836577
16.09842954900151 0.8526308517468267 -2.7237405428805648
18.42689135412519 0.6639878713884979 -2.7579341196332456
16.009887816198635 0.6609835046610602 -2.6703435552114216
15.70410918525058 0.8172019063220942 -2.6285596593587983
18.171347237040692 0.6669062422426295 -2.7609731281648857
15.075029616712415 0.723493667631735 -2.7000973733477425
16.504544973325324 0.7375157144462484 -2.6124831096666936
17.790311771497983 0.7318415353696498 -2.6485184301879467
14.899572154492276 0.8690499783490883 -2.686544032137954
14.142170343893383 0.7635968601954505 -2.6421366632917938
15.294002423107438 0.8406091791214421 -2.637555261241868
17.019998857639322 0.7660534263324477 -2.774016036905758
18.04535732449905 0.7558628257643448 -2.6716025609601406
15.293550129960394 0.7738288744420716 -2.601661819906497
16.09220165732372 0.8516158981067448 -2.7233904059616796
14.671189959476648 0.8403377158228613 -2.7067896134520106
18.757111804751247 0.7386356879564556 -2.7044420654278376
17.13710568846686 0.8267987743040942 -2.7345949971976706
14.632101053381486 0.733002315210531 -2.6125960877529075
18.442633326699493 0.7737584487192152 -2.737462337418047
14.995543124173313 0.8158608984483342 -2.6155542115175776
17.263391591980724 0.7655474352463449 -2.645037678563053
17.219811717200795 0.6506703978100513 -2.7274248394051783
16.9491681257248 0.6510580772579766 -2.64202790446703
17.92899248543783 0.7209339414155252 -2.7787688792075738
16.179204311347 0.7271564688205846 -2.6056404931273174
16.97473235456745 0.8328122339975531 -2.7268552750192967
16.98892091955071 0.7269864059606904 -2.772063814972466
18.136795165473387 0.6423282953518386 -2.727694151898225
18.718187246692654 0.6496566608579162 -2.70794845686288
14.18743159262802 0.8259247308358284 -2.6818499035084056
18.390819409730078 0.7695346123942245 -2.7520444283394587
18.034032490448773 0.7489139788084571 -2.7752281995220347
14.873332259152479 0.846391016105796 -2.637039354528838
18.210911141774382 0.7312501322664068 -2.7763975005799706
18.921430731542568 0.7354418247644028 -2.724091629001154
15.967160627374598 0.6711268861814037 -2.627851811010997
14.300259761152638 0.8287935917204076 -2.622272702055681
14.811391452366747 0.7452585166240262 -2.6969980694769493
18.143912818835865 0.7601710232101953 -2.6817385901555415
13.950480971366522 0.8102581708314398 -2.652449928822894
16.570650946341487 0.7047527689761518 -2.6122563949000632
14.07931720001094 0.7990845513264736 -2.6664170315545115
14.793479333716133 0.7465307730812341 -2.6963260494160224
17.552847351328907 0.6853419660083747 -2.765538923203032
15.622214107589558 0.7223716625549431 -2.728698639692213
16.045644901607016 0.8409355194913369 -2.663511741447717
18.956726236088283 0.7143781799886635 -2.7556621155143404
18.564272067448737 0.6994893836520291 -2.675717165899982
14.913513933494874 0.8346702597655382 -2.628676182660694
14.420568514316546 0.7412409890043724 -2.6340606691860904
15.103124780798256 0.8518179863960481 -2.7111620199163378
15.460841795925486 0.8141838131025805 -2.737545271779017
18.358440112794444 0.6499383012831952 -2.681438633303182
14.073003657625033 0.8014906978777564 -2.6645849703395488
17.290741783354363 0.6435557139564874 -2.7118961501978474
17.109960163604615 0.755058848519629 -2.77349806321428
14.617838524485272 0.7964468848663683 -2.607516856228934
14.396414256224578 0.8514239219771834 -2.645722766629696
16.2225546327808 0.8506955652537165 -2.70593901727723
16.560981585734645 0.8424470747682041 -2.7019088975774297
15.654505800010195 0.841989649280204 -2.727928443865249
14.228533966890327 0.8503147213526867 -2.65397630013026
17.957809053646287 0.7441824560491535 -2.7748323326231747
17.76874952446645 0.7468108506691418 -2.775392963348051
18.039568619326126 0.665453623340774 -2.7549258120986564
18.05644726215993 0.6979274313080672 -2.7722090966961734
18.947830630130653 0.7156905703117582 -2.7518612707149064
14.378661423066388 0.8317092890235126 -2.689191255888021
15.060319522451962 0.7966038295551433 -2.610047446455834
18.010610659459573 0.7559613298531609 -2.770270612934006
15.423505985432957 0.7243952099175587 -2.6022060329598578
16.72680922023026 0.7946439316117889 -2.64706676798854
15.967535724139196 0.6801891035144249 -2.6202699329739145
17.337046449903365 0.7814925756633477 -2.7665679227046347
17.685984964238152 0.6766485310366367 -2.642982151490043
15.761514253051995 0.7183991241362364 -2.603960203959165
17.822524383227666 0.7835428630639092 -2.6883774934794724
17.765006407261755 0.7235433123031269 -2.7756145254855293
16.34794323049914 0.6614403402142759 -2.638460703390995
15.674485213310886 0.6891266230846718 -2.69680373453006
15.39305566524349 0.7044851112348293 -2.6119603108810527
17.925181476052195 0.7433233988132858 -2.773637830688775
17.821994249117033 0.7446213822087333 -2.7740285341652284
16.850237874409444 0.832185353777952 -2.721534684616332
16.41767359482715 0.8431011590987313 -2.716039743049034
16.94861314748143 0.8273650572511255 -2.698221078316921
14.3891839064705 0.848829786804343 -2.6479336657597647
15.25733071943546 0.7182246987445764 -2.6068037266233177
14.32657405177422 0.8004409642831837 -2.6838805574708555
15.278834110537757 0.7384613107694332 -2.60165524448084
14.995851405484958 0.8373265859285398 -2.71310836306321
14.29398340322502 0.8009557249600966 -2.615870802118394
16.879218188913182 0.8307495628021088 -2.723302806679685
14.505208460481148 0.7721706590579629 -2.6865356929427
17.61373869081039 0.6389820209040977 -2.6959938325828485
14.92214141224308 0.8450105752204979 -2.6432264749528134
15.990390615121141 0.6659580188491123 -2.665004003083034
14.84533544486537 0.7709427221044194 -2.6041681861364516
17.97013956730168 0.6421123217426508 -2.7144783800485963
16.16357466616641 0.8407327921946658 -2.7260479513241966
18.622910748018025 0.7006221398806323 -2.683819158512282
18.216127901785782 0.7168653276393826 -2.6666105924711996
15.849350312345747 0.6791547905800435 -2.6916040427823686
14.655121920197754 0.778178571754915 -2.6068036196662296
14.24339788302351 0.7658752113756208 -2.6354653555754433
17.101481563704187 0.8233896204173844 -2.709390361709602
14.814949902006507 0.8545934468649325 -2.6896751849776734
16.103113305836516 0.7589367399425067 -2.753843075104192
17.105561347457435 0.7144893647518052 -2.6275218710631094
16.393949986153565 0.7339061561303963 -2.7568168556600896
16.84375691980854 0.6885878049951979 -2.6227981117757357
16.11859694948724 0.7410927185650253 -2.7510419426937345
16.64587806235463 0.7906907363669962 -2.7593840636613267
18.092065956809538 0.7182700659342469 -2.772273842994613
15.538877886939781 0.8468893299908811 -2.6610993132745806
17.852751304751713 0.6594166531930199 -2.658277406029402
16.42664743919181 0.7883683772294379 -2.6359572853758024
18.455456762899555 0.7348662614874276 -2.763667464770048
16.265594859004054 0.8450180208615935 -2.704639554192211
16.008396549455398 0.7182639319153123 -2.7383474131504006
16.674505088078924 0.7081741799136518 -2.6178615929212574
15.557465950313627 0.7535190797288221 -2.7348606084398996
14.201718680586461 0.7921339361002558 -2.622899370410366
18.951211738446112 0.7001596761439887 -2.744487577469429
18.383540534839035 0.6599914840969062 -2.680684691730616
17.394734658948142 0.8125177452066604 -2.720625099897769
14.166715892246147 0.8215203222467252 -2.6343376761064854
17.2347891799319 0.7752323386710661 -2.7656463559021853
17.268409418143378 0.806566706054306 -2.744858718598159
15.218364945065328 0.7418457744290395 -2.603883382668477
18.702486354391944 0.6912095206666591 -2.6904112890427836
15.99275440468811 0.8492265399297069 -2.696635631350866
16.676305923805167 0.7229183340640584 -2.619260654656372
14.867168540633063 0.7708444703008305 -2.606017496279511
14.967937716381797 0.7386516759016579 -2.607206699395456
15.458568809933428 0.8303389396878614 -2.725426564261018
16.420076128349304 0.8065805933971939 -2.6493070729611223
15.446467924670431 0.7097458804334974 -2.611138172798507
17.959473734760337 0.7842443447264812 -2.7081840783186895
16.106549163939974 0.7225119726178129 -2.743113023089472
17.318272114759615 0.6937493693758364 -2.633703693057394
15.958247074762026 0.6785405250854883 -2.6955362461101267
17.309188329414688 0.7725732974430909 -2.765349396600244
15.011024237505849 0.7096614418193494 -2.6498706993535834
17.308505774014805 0.7034716118592377 -2.6336775032234714
18.486365733906304 0.6519921172077252 -2.7090104261459733
15.575978495483504 0.7444961365465147 -2.7312589402519
15.380166326701135 0.8550164874590841 -2.691831152307163
18.698246027131482 0.7043293617930714 -2.6936378775085417
14.871665745337095 0.8225496144225443 -2.627259514032949
15.510383515556844 0.845229072553358 -2.7133942046010233
16.17390251376476 0.7397561106894031 -2.7505779470911706
16.244826785798544 0.8345857363132375 -2.727621235272973
17.864933977587263 0.7890366067641473 -2.7375124750078106
15.303134085269496 0.7037026764541077 -2.68094027362674
14.465187347323065 0.7659823063594315 -2.6726370791758685
17.22209208727975 0.6487532027440893 -2.709304487324319
15.330814416332018 0.6937316668344657 -2.650374428898455
16.12571384152085 0.7197296227831709 -2.741609704947372
14.847152646740653 0.7518261852415923 -2.6078714233363405
15.20797579099119 0.6996720832502361 -2.6468699054963416
17.628360307133804 0.7869543927336893 -2.7522242387289566
16.207894634372476 0.8255690725529484 -2.6613595321492376
16.763902897459396 0.6756216236189837 -2.7330193972637122
17.33261983659068 0.6434553550943114 -2.6837179296892613
17.166135423568562 0.7539683253480016 -2.7680976331291527
16.803762354888974 0.8172380935025094 -2.739520968038362
16.492953074126802 0.66205315339234 -2.69924125168646
17.8352379166922 0.6545356750035152 -2.665535945580831
15.620750143572947 0.7954253770724171 -2.622656623008721
16.999584459251253 0.661713098135572 -2.7241290978189787
14.254432991521389 0.7979815396932091 -2.666689652827884
16.23000593120762 0.8347358782232623 -2.7250569610314974
14.42736185667151 0.7657859128139566 -2.6207623217190665
18.52318320641016 0.7524201115148061 -2.727745590875375
14.578477233754105 0.7669874061640207 -2.6132924642347692
18.915377444657665 0.6995477022955234 -2.7362099408420866
17.02087800220911 0.6703334563477998 -2.734967956325919
15.381278092281718 0.8058458543434307 -2.728825124154614
15.049923252020685 0.8330226263136152 -2.639669413995703
15.7160527165649 0.824438449397664 -2.730351946122611
15.790678490422762 0.7640912333931017 -2.613312532592709
15.193958586355762 0.7632025316149882 -2.7189014405633762
17.737988398078844 0.7894999654626069 -2.741618621118021
18.35303678318831 0.7251164711395767 -2.681981762784816
18.78861266417499 0.7114649950582759 -2.747202218799118
18.77991806430412 0.7265432037721125 -2.7266626041727626
17.051512277721024 0.7583297782787873 -2.6423919205001978
17.574625673816993 0.7598390069512511 -2.7655413030315126
18.473615690886714 0.7231636501986174 -2.6892247682319175
18.156562252170474 0.7694780697603519 -2.7102371733055497
15.406062535839956 0.8317439895898143 -2.7186736785665992
14.519886957197189 0.7783378213284114 -2.6814510138574232
17.208968086270495 0.6748116223589666 -2.7429050372314387
14.99962976909657 0.7251715569122882 -2.6786505412823525
16.367634359417764 0.6725389186304912 -2.7082249963314715
17.473722517449808 0.8025280732579287 -2.7089341891970973
14.922666880384526 0.7964145741372786 -2.6168206029496286
14.453506212210552 0.8011351540023504 -2.682190918256363
16.891595493473602 0.7135161405681376 -2.757761093288088
17.759226350376395 0.6451138102344666 -2.6993539741309975
14.569023182995394 0.7988432488378767 -2.6198932617754123
15.428434700278592 0.8333163879325438 -2.6496442649132037
15.42827436543964 0.8498309311328331 -2.681669100537645
17.478195971494948 0.653457743490395 -2.7215977307265202
15.331522550730826 0.8361471211434685 -2.650933496977316
18.86987248643045 0.7022738983590568 -2.728532347430006
16.03048586953217 0.6814132914300116 -2.628983528469028
15.932899405553053 0.7090422238514167 -2.724332308024395
16.504472638630723 0.8051328422613437 -2.746029120439283
17.518937837458047 0.6454555779905307 -2.686961519751359
18.55452079940332 0.6637531606033344 -2.7018423249171226
14.884149675445162 0.7410515351129793 -2.6840953511475325
18.268234013494975 0.7138199423473178 -2.7632578741920018
17.419728841786654 0.6743425856396721 -2.6445411871786373
17.16580181443865 0.6806463873780383 -2.6366545932989833
17.30436155942473 0.799822244190883 -2.69054703119276
17.467397618994603 0.7877609598537002 -2.748708748287779
15.047073629942608 0.7478621424049499 -2.6103819443874583
16.793929398791697 0.6874332462620999 -2.7400282521910806
15.940335957217146 0.8353211480150932 -2.7179254187768125
14.438872533028706 0.8046236788507712 -2.627621837192481
17.21904498917454 0.7918184892309627 -2.749686647100436
15.322344470479154 0.8318211456428526 -2.7125891140960436
17.049441329656673 0.8097511874948459 -2.7341816225125646
18.79414187221338 0.6831099174551909 -2.7233060146371404
17.281681651804067 0.7513377578855257 -2.7647362195988663
18.333834576339278 0.691468905346625 -2.7563251062253022
15.102158295033117 0.7111066480419393 -2.640709390498559
17.052259977147028 0.8148723276566641 -2.7055652299572683
18.06860733795041 0.7711594594797829 -2.71214949449956
17.053912057980497 0.7754528298289592 -2.6550112028225907
17.42475908117593 0.7185403908745959 -2.7646261600959163
18.4727961376734 0.6903074023051581 -2.6849600236427626
18.466692577897636 0.740824099241871 -2.7455336083462507
14.675009188083324 0.741848208810497 -2.654633094797702
14.417742153634855 0.8292334477334445 -2.656143389014385
14.365325503578601 0.7826578366784643 -2.6600092936973985
15.065982847821195 0.7978613238268721 -2.7135772908705027
18.072366860419603 0.7710738157986262 -2.714684325483388
18.042584640122026 0.7519807220180897 -2.7570427278869696
18.115250957921745 0.7688202230012888 -2.7160909458340328
16.58528152777688 0.7791913658208605 -2.6418275804438576
16.390982112355033 0.6851996985681484 -2.721746026074366
17.10890906375358 0.8107756809498744 -2.725676183818703
17.04462534388757 0.7468176298497515 -2.7626290517739225
17.725681534630443 0.7519077560805195 -2.7622371916015456
15.971555178872123 0.7819862916245085 -2.6274685120505903
15.60029712156112 0.6905164704311149 -2.672132089238272
18.745467265172415 0.7160589235045605 -2.728661609226393
15.286563873933572 0.7048330996172689 -2.634885521666158
15.067073253578847 0.7511156576297761 -2.6117004501510745
16.57358316662237 0.8188583127764825 -2.678785352528722
16.128971821282544 0.7154086561206546 -2.6158007631530342
14.988662432482256 0.7194514144815118 -2.641429062021502
14.62477679725284 0.7539057043322835 -2.6647015816578214
15.838078597403298 0.8395916693240224 -2.681558417419545
16.26250286863072 0.8231484170181889 -2.7278520764090235
16.352944143488067 0.8113508330777199 -2.737710321447693
15.037519262820718 0.8118587177652962 -2.709048181529032
17.255455567158094 0.6754658131774738 -2.739935086121274
14.941097375118893 0.8410281662181692 -2.6616039620659135
17.604238128179425 0.7847715588228369 -2.694317231867484
17.585534863001257 0.6534423960893693 -2.670580006556847
14.841611827359738 0.8097694703096538 -2.6281898453179693
17.919154381220075 0.7405934227162158 -2.672742161966381
16.201954702663798 0.7828349253491054 -2.634283318099575
18.27272579398152 0.730885623726633 -2.687589854432222
18.33966051805597 0.7437129579095045 -2.7468499484832014
17.708782160043555 0.7074095673762693 -2.6530527368317385
16.17247191951777 0.7135395934336684 -2.7333925857745185
17.0561393785204 0.7844289936689891 -2.7520440513072932
16.474265630738003 0.7129929660142754 -2.743207926451456
15.99330049089327 0.6767152228186282 -2.675861773408817
15.581276460531138 0.8371577426358208 -2.66778961786802
18.286036162765697 0.6791573541472695 -2.746638823601387
15.700858952340676 0.7198480188538725 -2.6142899315215646
14.76663942643274 0.7365516464150644 -2.6469445145856163
18.354373529100044 0.7020578782101943 -2.6820945855510043
16.81492657980104 0.7278345739352947 -2.6298007469609264
17.145714590383996 0.6519100687651498 -2.6756258933773576
17.951752147675165 0.7011337103375451 -2.6625062379150197
17.34574804796151 0.6693955545712017 -2.6498585461399076
15.4182171732221 0.7367952500387831 -2.612618956278853
16.344935366496475 0.7682134590539494 -2.7498261481697064
15.277590864786994 0.8395541634767355 -2.6948429994549215
17.631301071671178 0.7571445846010408 -2.670473510598275
14.439863657218757 0.8063595481741654 -2.668080708367289
17.262474176672406 0.7616735053608215 -2.758788635295188
14.537129020243752 0.7762438671534457 -2.668653781096358
17.898128853653446 0.7463521786693775 -2.7577871661823767
14.945718491275832 0.7278885875699858 -2.6597174404726065
17.267015530614614 0.7244380435867525 -2.7605093033393837
16.651024427179408 0.6905804473525711 -2.733197499444384
17.597551489053036 0.7884791715225057 -2.7284673555009338
15.676773842232043 0.8391662724354526 -2.688135973629163
16.96725014354745 0.6549351428439314 -2.6852146922631084
14.810435069119565 0.7934770338716636 -2.6954177398199035
14.74402891514376 0.7428833409272961 -2.638521936237224
15.137184229854519 0.7398865141815281 -2.6167934118814937
17.5412896978944 0.7489459594843955 -2.7599037733141865
18.114038303766804 0.6579272229017472 -2.715681618351225
17.77139285034727 0.7770920159090856 -2.70472325875035
18.48126457251084 0.7283032246390728 -2.7095616261868285
17.22402754870332 0.7449418139855545 -2.75983964849802
18.197528516943137 0.6860038577001802 -2.677146297090183
15.175970897587531 0.8042737996166202 -2.7108459709856314
18.24075315700532 0.7147379205620579 -2.6827264321022994
17.147986590073963 0.6555310059106386 -2.6971889104977125
16.78551575406467 0.6979724401734787 -2.6308558031511344
16.693243777109117 0.7603542907681348 -2.639600788422812
18.102333861206574 0.7287196083637704 -2.680944008158927
17.191339409437703 0.7608648580324847 -2.756668053607209
16.403422756768343 0.7850319288371657 -2.7450564273146956
17.878602921383333 0.6553720197533636 -2.709329755796939
15.408760976490488 0.7354317856697592 -2.615903466355901
14.679410721916712 0.8270236034751977 -2.665712870691254
15.167104932345083 0.8375045621442551 -2.67847902128357
17.99433878696813 0.7611258036792802 -2.7022123347491283
17.643926277421123 0.771920902676695 -2.745615998945356
17.121307400941294 0.6555113878265688 -2.6753216700541316
14.79273121050267 0.8304617631921724 -2.6670508905340675
14.45654435145349 0.7994886010457362 -2.654238105325936
17.460857179631915 0.6660001412684678 -2.659728627447519
18.242211561258145 0.7333515837402196 -2.748868967582757
16.100473268417588 0.71194638950451 -2.7252861875132997
17.40692741955384 0.7855210003497175 -2.7387344299880083
17.037361725670394 0.6655731892504293 -2.7146992838808943
15.169592440702113 0.8051723384464039 -2.6333730362259313
17.95126146977313 0.7325003970398812 -2.7565775313229035
14.58954485655051 0.8157530502015251 -2.6500159606914773
14.612894943925724 0.8117419949843725 -2.6735091214958917
15.387231965001968 0.8331324792902429 -2.6958024624855783
16.77443653324982 0.6973720849204279 -2.6321170084414653
18.427818657840632 0.7338236169610142 -2.7304726672391535
15.030703518964934 0.8336971704088676 -2.6780160995807742
18.26629502459921 0.6881404093047696 -2.68342503025496
15.185434714070972 0.827934325042337 -2.655817442789324
18.409506321977858 0.7340950727160992 -2.716017925276848
18.416114526154203 0.7337232856885795 -2.7326437459439483
18.019265992754804 0.7625818757803831 -2.7312057054117935
15.486756394442207 0.7862934311460283 -2.6269942899921714
16.298522133612316 0.6718312274254127 -2.6568202197323836
16.329595073671367 0.8245114646978411 -2.699363977077733
17.96416711230426 0.6583514713185146 -2.6954081508075953
17.920465981260158 0.7585151539619648 -2.6960156957475707
17.423245313922006 0.7056761671085623 -2.648206232517916
18.096269232257594 0.6819679172542779 -2.74280376077101
18.591978414640934 0.7009458610291203 -2.7250791231057363
17.632411419586433 0.6557735776423156 -2.7037187574082626
18.0555996626618 0.6816865501409998 -2.742857403786287
16.391327444977858 0.780178260062145 -2.643661077628642
16.066903055731473 0.7016369428104938 -2.713813933127196
15.707004884411498 0.831609454733218 -2.6791260677820357
16.494614226953594 0.7704168722646499 -2.641066540569528
14.676237850666213 0.766400345454447 -2.632660868793348
14.69351423087427 0.758638744318337 -2.6367048050857322
14.821837939561028 0.8253179926493295 -2.6746878095918554
17.31002402639769 0.7744231132827858 -2.674665265425598
15.628360456696209 0.7367966625538969 -2.716697806492609
15.40618386726426 0.806103528368398 -2.7147254110951433
17.92552171198173 0.7405141151257096 -2.7527937493589505
14.726282088585558 0.815330793056283 -2.647093857462136
17.580829164448936 0.7492392464708781 -2.669015937668875
15.572539361793083 0.704784145231443 -2.6832582329873063
17.260348583796624 0.7936333209395398 -2.7276807473845386
15.998549447519421 0.7101896767466311 -2.6228649864415914
17.87881527799269 0.6643813582048709 -2.679362468230221
17.55072075409359 0.6946680096028632 -2.653247260696597
17.295576823365366 0.7293693799081963 -2.7567180592652267
16.596566844901563 0.7451510559350658 -2.7490685654873968
14.693108937689942 0.75960886257955 -2.638208574003206
18.48494630106193 0.6818303605444239 -2.722088782257961
17.07441567566231 0.8015905877448329 -2.7199203070572926
18.37676435836015 0.6776575502964237 -2.7005984026285734
18.071585410316956 0.7203473964070207 -2.752842841867792
18.02851742152297 0.6902921676443371 -2.746871768929491
17.562013993491504 0.716934432483408 -2.655629987855378
16.706456216844387 0.7475943799414895 -2.6375824165500648
18.01961343687953 0.6726992611192618 -2.679259508400534
18.071350660870305 0.7571699055885426 -2.7218960743965535
18.523156411010575 0.6894730804569288 -2.71529660560405
17.388377750192205 0.7802494377788898 -2.687381714426568
17.71949819695209 0.670149422253753 -2.730512548092111
16.65129059549848 0.687157923734609 -2.7238236765920982
17.56865633442198 0.757430968615799 -2.7507855294479184
15.698357937065934 0.7980976951094102 -2.6397668070677094
15.296680954196276 0.7413097507702134 -2.6203486328655714
16.281831151584978 0.7925259050699666 -2.7363290459563196
17.11713469542891 0.7973043781524561 -2.7245563234806354
17.841646577240304 0.6725896866429935 -2.6723346661615297
15.518862298842047 0.8162540867117191 -2.7102812429380636
17.554665523994917 0.6824774296784996 -2.7402014927005025
17.021012895673334 0.7717532546162217 -2.748132424861147
16.12768406334424 0.8226433901402154 -2.7068385495848903
18.380428861256505 0.7064537701043976 -2.7404539331675313
16.398380471834358 0.8022067091859978 -2.7311903907908985
15.600680807733227 0.7085053868531465 -2.6307531609248835
16.831906920258774 0.6868827593574254 -2.7288009258163246
14.790634605640733 0.7508720475198243 -2.646456777218553
16.926645127737558 0.6763319283144045 -2.647328837192661
15.197459723949738 0.7380234780566053 -2.688280963801275
15.49680714100709 0.7855065556457099 -2.7187216206578433
15.65934445727631 0.7577562116333648 -2.6222711129772964
17.817593174745504 0.6873754586978118 -2.666591879671224
16.013282321237774 0.7149590443321213 -2.7185604676502573
18.022592319184525 0.734023952278521 -2.686961627829917
17.75279408022447 0.6719102297667027 -2.6713516882618795
18.388408117381058 0.6963819941751344 -2.73463295758116
15.954350582806022 0.7106025412291905 -2.7120301995015086
15.031030002902886 0.7759193250436565 -2.6953463036638015
16.715547087980426 0.7801663801430059 -2.657793459800387
15.601283111969934 0.7108079492803244 -2.6892628325641206
14.718645935404515 0.8087022032438287 -2.653660391540381
17.09977766030221 0.7166321952744822 -2.6430748822845507
17.469802845897885 0.7421858376600237 -2.663658807931754
16.028479401811282 0.751777272930144 -2.626472781239316
16.6126555877919 0.707402232394506 -2.6321358982078698
15.58126736274732 0.7107298415357927 -2.687249193901563
16.137443100016117 0.6973526628968201 -2.6320720809854157
15.140595223365201 0.8072422335082818 -2.6985576488844125
15.882526552602654 0.697464249868796 -2.6359529250492906
18.349509525022633 0.6928845200310983 -2.69847115356295
18.027525984445617 0.7056477807701417 -2.677102992334113
18.306887376526053 0.7100636106803309 -2.69676138611499
14.768851401826737 0.7624970994792011 -2.6384877627913266
17.77708880034502 0.7070079525506422 -2.75048666354294
15.674891830602247 0.7536709165714035 -2.6229608482205915
15.616357082572115 0.6998823378797394 -2.6519044487007672
18.008925274583092 0.7549553902411 -2.71756897191747
15.401725660640539 0.7312414044840843 -2.624708897530957
17.564671690832903 0.7107754190097167 -2.7511425699108187
16.555043310313643 0.7886586072763723 -2.7368997272221964
15.914920425929713 0.6877723458711371 -2.6631628221443773
14.792571454756013 0.7633589777955156 -2.6375613186945412
16.663054835872018 0.6724439035971649 -2.654971130379579
17.62540688102184 0.7748557612723279 -2.711307161866543
17.44162622904925 0.6599349668169439 -2.689128381768942
15.015963780878987 0.8162714786386274 -2.654480634176794
16.3132710912049 0.7327380538219926 -2.736159668732787
16.990349793280608 0.7699153125632238 -2.7455249734736142
15.829112232101934 0.6936264809082001 -2.6475282877819843
15.86517323888597 0.7682846133555905 -2.6303046223952866
18.090758361786975 0.7194653289322323 -2.686596503804175
17.98196160750878 0.7435125515272569 -2.6953732766707565
14.892247795597996 0.7794741188945445 -2.68361352210169
17.72155941342657 0.7669799367286637 -2.729961855576411
17.013062578151864 0.77177705237098 -2.664902796082938
17.68677976989771 0.7713993961192218 -2.7158237994237844
15.036735603051259 0.8141808677631636 -2.6529020140178723
18.159947390644824 0.7421374151733545 -2.7229324118103397
17.902640320898367 0.6945854758338691 -2.7438227110012106
17.41993793949573 0.66435833416421 -2.7096366150547615
16.679710647215288 0.8074240304992084 -2.7100279252758295
17.960324190819094 0.7087262653078549 -2.676250506658884
17.483572084809282 0.6678112695929174 -2.6704857673545197
17.622093781558696 0.7369050178145902 -2.670006371492128
16.46614563560904 0.677664555469897 -2.651787013477805
18.043159813366216 0.7149530241909758 -2.682844132405476
16.333410905795162 0.8155206269783035 -2.6985225231744505
16.446348986966804 0.798530541018352 -2.667347041395182
15.486198017779495 0.8246672322127018 -2.681840769486784
16.526252851690742 0.7105780424750798 -2.732245616391423
17.481482194713948 0.6738421126783931 -2.6649544918856867
16.31947264606869 0.8079079626355364 -2.674428662580258
17.737454916097384 0.6784237260247774 -2.7320633693697483
15.626132195172275 0.7109734244378958 -2.6871838985046894
18.202988394639867 0.6817016488958959 -2.6962573385948985
15.015626426588994 0.8033038604562981 -2.688899042736047
16.753134069791287 0.778033468319392 -2.660567783087083
15.37742476308303 0.7228217221993702 -2.6335157365019386
16.180864239364094 0.6864205518574614 -2.6463580873510955
14.8431139886605 0.7588213733138864 -2.6612997247602053
14.998991361103924 0.7983158093846779 -2.6885694548262555
16.98274270882549 0.6812577917446598 -2.6497559633304
14.993651015786712 0.8135111551465904 -2.6578915516030523
15.01144326083858 0.795027309426155 -2.6895024824796465
16.609012902110273 0.6716220087965596 -2.6658060750045163
15.0643622571078 0.7461078875208725 -2.6336717396315477
15.086310549687981 0.7787920235237124 -2.693767105197629
15.47020158444497 0.7419344145730126 -2.6249771746563626
16.358644951677405 0.7595318663692703 -2.73853021296559
15.645940136337352 0.822173153730564 -2.685870352325673
14.886967498759393 0.7681463130409162 -2.636555430237879
16.234371004233186 0.7504914080821898 -2.73506381109111
16.83358427689943 0.7699485666419194 -2.7421094935553567
18.22693519277012 0.7263763445267867 -2.729462703267279
17.14879325171374 0.7890847224560731 -2.7006709394582384
15.134375201027002 0.7729228262419845 -2.630749807598483
16.336701609556112 0.7935268077055566 -2.6606390521344387
15.55595984742873 0.7228282219148623 -2.6301661964375516
16.57647461933238 0.6769638742514537 -2.6552631328535314
18.071418463245827 0.7011501873629415 -2.7397872208577683
18.089351934325524 0.7262640896882477 -2.739113188021835
15.214526116746498 0.7540844680763293 -2.692525678853398
17.90959919157805 0.6783490299660948 -2.68260857445569
15.262111526596254 0.81393395101091 -2.6590031941774526
17.473353125746367 0.6657040918201009 -2.6809263042001876
18.20405036830054 0.6858446302217109 -2.6998575265613884
15.508303020106197 0.8055061118931944 -2.6512776242195093
14.877908846794183 0.802480773718917 -2.65511913488565
16.362866635117847 0.8111638548048532 -2.698938541146606
16.692180484429684 0.6724194178063738 -2.6893981617915674
15.788665058508425 0.7889657731066685 -2.7199931475318966
15.545415436178141 0.7087568625895226 -2.6646325622797553
17.311911825201 0.7466815300818824 -2.6645478828527045
15.049512490305851 0.7565419803579021 -2.633564942816932
16.250905423720248 0.7377383037375722 -2.732013232594544
17.632019970680915 0.7583743761411136 -2.7367652276227443
16.719010511076625 0.7094186077068297 -2.734137778982398
18.017801386573545 0.727722547192338 -2.7399747598871658
17.136179121429187 0.7546089973971432 -2.7455690415726237
17.652024387582372 0.6710339298585776 -2.716885744070789
18.27449079080229 0.6974561303477871 -2.705630604997208
15.20006176936651 0.7966666862449185 -2.6958985081255795
16.930614245276765 0.7449109233456236 -2.6501497876763267
17.908433251675305 0.7389474016677219 -2.6927924173933704
14.907215525963624 0.760209526007797 -2.663929804476552
17.415234879621348 0.753739080118252 -2.6744001908978294
15.434441481923972 0.8128048941658643 -2.69544461256492
14.981340576951355 0.772786770375257 -2.6365483721002803
16.612806306679207 0.7866509848614488 -2.6666476172365137
15.631817566750106 0.7355991140110424 -2.7054531856633925
16.420923166655392 0.6808014646599151 -2.6560147452247183
16.30809014514887 0.6809305075776195 -2.6759607365241473
15.982449520248574 0.711469370124525 -2.632516077814326
15.52212924863653 0.8154022926897392 -2.6927991709621013
17.623020097936312 0.6670884547012508 -2.6913438015193
17.188842836243353 0.7837311954751532 -2.698895147418561
16.847590567732674 0.6867824797469513 -2.6485110099882156
16.59074483784986 0.7079700787670486 -2.7284835317240415
17.060214166571136 0.691404584716018 -2.6500888165482515
16.005984371187004 0.804489288945087 -2.7137796922101427
15.024879947749472 0.7765626141374318 -2.637385372423408
17.17789294833188 0.7737719330843188 -2.7340402345548345
15.050900254803382 0.8072689752107559 -2.6600303741078344
17.84709261102624 0.7287930031518678 -2.683537474600152
16.605923973258776 0.7144376511607853 -2.731971825510255
15.994087911426973 0.8073780611140596 -2.669304014949826
17.16727971465862 0.6679371918244141 -2.6777006160716947
16.64353255638712 0.7983177921237355 -2.7164876310234383
18.216339952482993 0.690299769730742 -2.7126037319922407
17.060841317671034 0.6916134307169904 -2.729061928574568
16.17152684369792 0.7529880188107486 -2.730604936818267
14.878296792604255 0.7682216059160781 -2.65135344698011
16.14114553089567 0.6936926755767014 -2.645530849603644
16.50698827516935 0.7888924579189993 -2.7275667274810766
16.016978882287347 0.7976776737145159 -2.7176464104548694
16.580023517226596 0.6762501139612803 -2.667232342263169
15.987741881538405 0.7143347299929915 -2.707524704789129
17.995376493234538 0.7120155244445037 -2.6872990115304765
15.96774552801241 0.8135201082408641 -2.687165321149246
18.01592679549727 0.6780032112333444 -2.7090226401004944
16.843786474256007 0.7364381239636878 -2.646658453922597
16.36965079774418 0.7757971905542969 -2.6517144223353877
16.51794977547038 0.7567864772125978 -2.737204197302561
16.865473775296422 0.6747067277452499 -2.699040008147181
17.95294168823407 0.7144236411320025 -2.685935202986708
16.234216119550577 0.7782365810886491 -2.7288342016826244
17.328542009397427 0.731428367138159 -2.6613993613405427
14.924236990723257 0.766714945390456 -2.6614775718310195
17.65381866959713 0.6713363056690238 -2.6879395071617824
15.296236891786569 0.8063031305835424 -2.6582323803704195
17.539432229887723 0.6705712007957342 -2.6840737403352986
17.172030006059494 0.7745510741627842 -2.7302341135449852
17.745698486940274 0.7485056165659998 -2.695512704538483
14.939353826520742 0.7829132323004198 -2.648609641571452
14.921525701954687 0.7822047532766391 -2.668007690489115
16.949873681009986 0.781287285477173 -2.6812578986864652
15.860221836515294 0.8059358278332766 -2.7057323457458025
15.516782084223209 0.8043126654498846 -2.698766816024275
15.485743301040802 0.7552377883903113 -2.631288689847766
16.803088330626643 0.7871272912797346 -2.6813260201638576
16.259533059443246 0.6954619954186686 -2.7002692558124335
15.758494970224538 0.7075241024813991 -2.645387714327739
17.64665775205691 0.7085157998236632 -2.6700192404209213
15.455118836779969 0.7286354492664996 -2.637708566876838
15.922335332656244 0.7763186229672677 -2.721068403346731
15.096227996449404 0.8029359663912324 -2.662982007844804
17.476283149828273 0.728459808881591 -2.667764239805545
17.34403222238921 0.6875942840379395 -2.7277098869656866
16.64782265693708 0.7068071842571171 -2.726306122123531
15.308671387990044 0.7287904536597888 -2.6601616331685323
15.283843459506734 0.8087978548008133 -2.678725216709479
15.246646287113323 0.7448028552793853 -2.6377652835848036
17.420776488481305 0.7531286991255578 -2.738221155788791
15.131175426521098 0.7623785571229569 -2.6813202497078388
15.391772402362072 0.8101186824632773 -2.682292200024179
17.536128085231958 0.683604950879115 -2.6710567301246613
16.588614843667777 0.7833963684403429 -2.667663695368742
17.05241297007654 0.7535690123116983 -2.7406058623527647
16.255722823488316 0.7934603547330454 -2.6656359498944524
14.941942986701072 0.7735487495883777 -2.6624640409151983
15.690105085029224 0.7856054477008093 -2.645228840369903
17.584013944791003 0.7596927438686198 -2.725673314309986
16.468946256513135 0.6809833138882099 -2.6682944033261005
16.551411447359875 0.7854900862262908 -2.668886236068119
16.63838126733932 0.7252263315522007 -2.7337671565571977
17.224215111868585 0.7276167293080188 -2.6583755288408506
17.145111583449708 0.7181892489752936 -2.6538359957980324
16.511376053068513 0.7338623384114743 -2.7327956651566856
16.40755872944832 0.7186011318342693 -2.63751315928348
17.44878096980155 0.7662981921419847 -2.701011293562871
17.481963544595324 0.7623342743076716 -2.6965216426532304
15.43855398467286 0.7219470360239967 -2.659942157173409
17.475130800731876 0.7448528677275075 -2.7392812580015473
17.868219985380314 0.6992586458997138 -2.683445192618932
14.998482132982605 0.7826111569683719 -2.6525734430606924
17.153942324328327 0.67208448811842 -2.680962308112023
16.390008654439058 0.7154990945585876 -2.638149078654823
16.340737516959095 0.6915324269112296 -2.6954735412508626
17.40087565882436 0.6721771027164725 -2.7002381878753337
16.46481860858265 0.7984333588375897 -2.7084618714755457
16.398605747393958 0.7894884279221024 -2.6686327865134403
16.603198105480423 0.7782538858318675 -2.665290309939722
16.564289558444173 0.7007951819199989 -2.7169474133919325
16.626163062962416 0.7570786018731656 -2.6519772337427416
16.518132774724613 0.7864734159625887 -2.7226036690100246
17.57678337365899 0.6919381501151863 -2.671497760874701
15.991432603415575 0.7983672894771029 -2.6658500095203737
17.165031637291072 0.7781587283580945 -2.7145539642893537
15.943841266431214 0.7269428282080127 -2.70947031299129
16.14155085514946 0.802317467112487 -2.6783642762953233
16.923830989857414 0.7637528436702312 -2.7349881766911235
16.80439446913571 0.7727576760250918 -2.669295329701535
18.07098539654313 0.7144344771835286 -2.706071379872612
15.314422832452886 0.7324412125301782 -2.654963965220785
15.858752250644391 0.7388085743974517 -2.6335014179073526
18.02060028907605 0.7076151218546887 -2.6973183854770917
17.410198759519005 0.7677694643921067 -2.715458920657286
15.960572377643086 0.8069592366345013 -2.6923947662151217
15.411230136298906 0.8010459329673378 -2.660367310714083
15.49478059224258 0.7710386367263105 -2.638798799709946
15.42651016196038 0.7982875930222815 -2.6570979926366496
17.826900991445655 0.6989836865230628 -2.683090146103586
16.298985707128168 0.6880079916969135 -2.677933849098415
17.656184100275354 0.6947569292365348 -2.729924842224241
15.571629999961337 0.7545922301541723 -2.7027378222361755
17.92404496099558 0.730770389487678 -2.7252188791853937
16.51949667952375 0.7548171403502535 -2.6489656734894904
15.977003470862872 0.6985669623242498 -2.6694813557059627
17.878496841037354 0.6935089814963445 -2.7244961111846875
16.53907562224033 0.7919733242831427 -2.6825292844030995
15.459049962853728 0.7644566863733285 -2.6988392199627675
15.418265934217237 0.7737871200396966 -2.697507044371986
15.36964899292041 0.8006531175421364 -2.684171765546848
15.124614535423943 0.7818785912791262 -2.6758806669583617
16.754573391915983 0.7893459256086617 -2.6965674165171505
15.868639131249001 0.777187633873684 -2.6471166479054995
16.707818137659746 0.7847728760091702 -2.718850416592913
15.133627188444716 0.7793812758321764 -2.6758361586015234
17.095098437670778 0.7243958844960708 -2.6567412258091725
16.93008387390715 0.6767993490949804 -2.687815974561346
15.151719499254943 0.7562825871720548 -2.650597995167634
15.263763005540707 0.7582786843594383 -2.681998628408871
16.712783763666977 0.7672097045723162 -2.663782051544126
17.00366983609974 0.6870397158107373 -2.7137154188711516
15.921619541191545 0.8035009979541355 -2.6813702930417387
15.192877100587609 0.7874303469817244 -2.6554414212036397
18.020344301601288 0.7013511833892703 -2.708307684407597
16.93789502965813 0.679538467215648 -2.697874231376052
17.470500388908597 0.6871937164363303 -2.6737012474535917
16.34477996001809 0.6911048370746946 -2.65876866962836
17.680171409658342 0.7450534504699761 -2.7249083217705987
17.462173110286045 0.7146214517599022 -2.6689652425801453
15.437784685507806 0.7932893858158978 -2.691202708822193
16.067533680389005 0.7130993434691031 -2.7015682861983628
15.274946477874739 0.7882996746901824 -2.654416956094095
15.803617380505091 0.8017217376485511 -2.6936002865962614
17.528118792651302 0.7074897476472354 -2.671632852538276
15.186512796829339 0.754061722436371 -2.6657849663092006
16.241964982184115 0.7919767556375933 -2.6728295468782517
17.414665859947476 0.7502980395538403 -2.730733829851144
16.995576853122472 0.7645245359828359 -2.7292537374816668
16.905223957604637 0.7823975362800156 -2.706602490117811
17.887714789432774 0.7292106731574143 -2.717557610274043
15.649014981293535 0.8001402756463422 -2.670318000700188
16.544145001961905 0.784784416104968 -2.7169716186426207
16.08984159329191 0.7019030440276982 -2.6524937524930365
15.915323047195535 0.8000933337244274 -2.6763525410644364
16.409473357095173 0.6911973687398417 -2.6897722320625777
15.175491707909046 0.7604661321430894 -2.667796304382743
17.864028807267545 0.6896685193229155 -2.7089695126898032
15.30737738947303 0.7680926053326427 -2.645204108940127
17.36531986794764 0.6877431782433554 -2.7182697308504804
17.518295805185243 0.7397158675175161 -2.6842251647589244
15.647763776835477 0.7648448438743808 -2.6418972497749387
17.73121676869509 0.6903480830146318 -2.6883121435051116
16.664698135793998 0.7741420145496779 -2.7240232219468767
16.06619278775613 0.7632983736484761 -2.646332664126745
17.061173104292592 0.732813745498037 -2.73518349038178
16.3319382481998 0.7366553298179289 -2.7228441518976747
17.674927755793256 0.6924200889947816 -2.6843373128206602
15.223710794295853 0.774057083416722 -2.6769860969747343
17.51331500568873 0.6802542969925613 -2.702142314201059
17.89977983548202 0.7181196031028773 -2.7206686146067227
15.42563336770151 0.7375220412749873 -2.649191766837098
17.571438446027788 0.7406702177524125 -2.690053455795286
15.802003975737069 0.788414608808858 -2.659294436742334
17.302857581908498 0.679277868030357 -2.6849305100593077
16.621631855811145 0.787087289055873 -2.706336707964714
16.596965351014386 0.6894927184386449 -2.6617298254502657
16.887703673960296 0.7669390496637964 -2.6752110315000217
16.582695043662795 0.7360155509927538 -2.648336102733043
15.568979540429538 0.7957606913680614 -2.686525708652015
16.496721230559288 0.7875363325125484 -2.709253765894811
17.88215232645198 0.7210082895780193 -2.7066711502303082
15.766529003855448 0.7979029359038964 -2.689739314040052
16.434132899644748 0.7866529725311123 -2.678474510828904
16.681208230946307 0.7808911686762978 -2.6828127838227633
16.701590802881533 0.7847817460544172 -2.6948195398751738
17.19556098156872 0.7013855048581108 -2.7252997243162724
17.187310360877753 0.6886120882699381 -2.7137591969349657
16.123803152697253 0.7341917371871879 -2.641114555593332
17.549988330379904 0.740943769100557 -2.690875305467206
17.755721117251504 0.6897424011389109 -2.7080482133488872
15.288061847070873 0.7608620651717354 -2.6759007935049093
15.98415460937464 0.7455469238766741 -2.7120080496784587
17.72609690231868 0.688233394452726 -2.7049189297933864
15.26507407302391 0.771026649281363 -2.653660636741421
16.62850927234812 0.69226409277101 -2.6999795691553934
17.36585298967327 0.6964124330310627 -2.7225923950902704
16.06940639402713 0.7084299865232903 -2.6509183697243173
16.95512873794818 0.7247914139394569 -2.73085217110937
15.458344081395003 0.7706960393365169 -2.6483809103632385
16.315155181031606 0.6981871665790236 -2.6573963113378873
16.166012863410636 0.7899230506746364 -2.6748985612167004
16.700726747726442 0.7444949215418343 -2.729111045237941
16.955955844554595 0.7736925253126451 -2.711820781958968
17.564145744691753 0.7466862204248439 -2.7108357408390615
16.58976913413737 0.7540132246587369 -2.657093626783146
15.618330750173993 0.7942553494609845 -2.6740835203939657
17.600283895515208 0.7057640912027248 -2.725270583177311
15.325352526206236 0.7726150315822314 -2.654842939854965
16.20230361700262 0.7116183935660576 -2.6481308769385103
16.100495883176826 0.7812409279357152 -2.663024977006603
16.09751885132234 0.7452021986543972 -2.644253802349546
16.450129218930655 0.7852649360760251 -2.7060657092445073
17.313675744924247 0.7434358894741664 -2.72828013813807
17.542299554248856 0.746070420621169 -2.707528709780449
16.054959996621633 0.7845566731571221 -2.6663882611938567
15.845102103636446 0.7939020482256792 -2.6865225823301517
16.806272717250273 0.7649361121565821 -2.72266695588554
17.032586896324048 0.7145384185354207 -2.6602099796667136
16.49781816913986 0.6990302896367974 -2.6993241644739734
15.978547843320424 0.7425460509841896 -2.6436123961875797
17.01036752255534 0.6877785161871252 -2.702567690931363
16.212281769344894 0.7454617502711894 -2.71675946926167
16.845259395688725 0.762567994521426 -2.6747178226954853
16.789231298109435 0.7027261073470898 -2.657695955480238
17.165738968833324 0.6844572304935924 -2.6951558603246095
17.088024931350784 0.691243648143175 -2.671235795572719
16.085922893863547 0.7108311221718357 -2.654201908094741
16.351590950702033 0.6964981606145157 -2.67201502045281
17.44313423151478 0.7166767358484425 -2.6777168547628802
15.889520347671034 0.7435414499982026 -2.702917677554704
16.723708018286754 0.764992434611253 -2.720759653300977
17.739364949602205 0.7016110552742489 -2.709085149657015
16.42378742582074 0.7645027624962603 -2.6613983760538558
16.760963455891442 0.777123550221 -2.703608498183229
17.71026560173804 0.7236644722484823 -2.7159639752000726
16.80022151938409 0.7549725637926427 -2.7248972505313613
16.01653673794362 0.7872895057654002 -2.6733181901589793
16.25163210961822 0.7714718283847655 -2.6618727853851922
15.800528497725969 0.7895436488265865 -2.687532916968591
15.54311774009833 0.7855211145156071 -2.676085486854504
17.705887969293798 0.7003298898441191 -2.7051727820803997
16.853456888980844 0.730248785787273 -2.659148926550084
15.660847499206652 0.78496582219616 -2.6868464775931282
16.32217261591024 0.7851722960655326 -2.6991063380052607
17.221843908064116 0.6925755228163982 -2.676045649359338
16.52466767758343 0.6997825777076093 -2.697321816134143
16.8824676679384 0.7634459356665639 -2.6805751865133702
15.875240399978495 0.7173015508215121 -2.6614364151259675
16.770260229873777 0.6925713992697916 -2.696623560914967
16.97661165576738 0.7025933353535126 -2.7149179412660502
17.07312806434365 0.7396509891155543 -2.7265414084378348
15.539065998946233 0.7757859143441148 -2.6835097996300497
15.67033578677586 0.7295050537452802 -2.6641130024201565
16.25842788665416 0.7088715303349231 -2.693463926375614
17.363711547916374 0.7243878337484898 -2.7254636701112194
15.470483219508987 0.748858234317335 -2.662140536321334
15.626734827086787 0.7376239989748248 -2.6549622030144966
16.92448989254541 0.688629434601794 -2.688676203669398
16.137310870842057 0.7744797966985821 -2.7069031307237124
17.019310572954403 0.7436360492728817 -2.672165033055383
17.440743661662054 0.722642607676406 -2.7233898770159177
16.6089410490045 0.6959702282967458 -2.691452218091376
16.88103282200472 0.7538218964436025 -2.721499630998705
16.086065380004268 0.7618071093507433 -2.7086860095186474
16.55658988301135 0.6975052995888619 -2.667915703392784
17.43666746673961 0.7208857708056392 -2.6833995716700527
17.526354311638418 0.724997714821851 -2.718966903043822
17.540769152861206 0.7208941745121362 -2.690917697516297
16.177385678099025 0.7534639839084427 -2.6533845813920087
16.730606850119145 0.6923314041987674 -2.678957507124922
16.30482264927744 0.7661638678057092 -2.6636002148423685
16.075992291334614 0.7105751972947759 -2.671121186305827
16.84766372506931 0.75243823491431 -2.672219482860082
16.49852648368025 0.733182791343384 -2.716943808746712
17.210730591443607 0.7204903649539759 -2.673009312665146
17.176468943328928 0.7514328498344274 -2.690544926479979
17.4349390545012 0.7152243955693359 -2.6832866806480435
16.03968000946891 0.7780192012060493 -2.6993189909725857
16.494438516072137 0.7391116875300503 -2.655436358405343
17.47225482153005 0.702216050098761 -2.711553896574941
16.364551521298488 0.7196159417148261 -2.705888980860944
16.768070196836305 0.7160296253379989 -2.716128030000198
16.18191677572907 0.7466065172856978 -2.7098171758485754
16.798057075947032 0.7696052882303541 -2.6964268661820663
15.575254397269285 0.7635679683233705 -2.681329393750146
16.701152560989545 0.740456654174659 -2.7207586868304707
16.079880957662738 0.776762133335605 -2.6995579890454264
16.208727420734444 0.7756971315582147 -2.6723614902143713
16.737382190128784 0.7609673542698667 -2.676699443035288
17.407340416853067 0.7286548506724044 -2.688355681314637
17.179068234114986 0.7521766224708675 -2.7054913598106785
16.902486851414007 0.7581254913031664 -2.713478382527292
16.0018421883515 0.7804962807519328 -2.686213468284074
16.885314329974776 0.7207404864116448 -2.7180710822470475
16.604231410247216 0.7666579841295966 -2.6794977673785376
15.730499705414553 0.7375865555835865 -2.660491596267282
15.933974048787634 0.7388407656113954 -2.6531295824920345
15.637515447492472 0.7606703477891786 -2.661491288681408
15.613556927562302 0.7554730015113507 -2.6771579532756515
17.501082169082135 0.7074921489546455 -2.6976805638083863
17.45099907823723 0.7296428486212222 -2.7100299048610212
15.881440267965589 0.7418268505966088 -2.69198862208291
15.915535348163056 0.776356477894578 -2.6895007225550933
17.452088751072452 0.7171851838754377 -2.713047409882543
16.975151441491256 0.7577672608433262 -2.6927348025722124
16.84185871910376 0.7208898106593989 -2.6643791090209596
16.592964848492663 0.7699612339095226 -2.7013016046364964
16.863147858279376 0.6959853497151905 -2.6819046942447833
16.666964967388076 0.7674202879138392 -2.703409088034155
17.227529866377445 0.704402552670073 -2.6806121718550653
17.04621521740487 0.7549551626063772 -2.700356794745436
16.084325881124936 0.7166457339303084 -2.671033217012609
16.534735143342253 0.7381411869436282 -2.66035108588163
16.768263735636765 0.6979365295118782 -2.6806447359382535
16.41810933063814 0.7392955374736885 -2.711066871430018
16.40020487099502 0.7459583209609824 -2.7111935173854675
16.559426351346758 0.7254260258022035 -2.710403691421668
15.650399163769224 0.7588689317755705 -2.6717831180015827
17.3526739244192 0.7260978618938407 -2.690828993089038
16.85267569022589 0.7533090955490561 -2.6809900159507105
17.065425331980112 0.7523043094055519 -2.702347984716179
16.602562140630432 0.7030815482546952 -2.6893484499345623
15.95464800658911 0.7269618012036728 -2.663649751307849
15.678915316683227 0.7542675869569277 -2.667113158985071
16.710007572930294 0.7080031828917206 -2.66775298198468
16.63340952998871 0.7554046690469662 -2.6736921599347565
17.42057154083618 0.7119251800561675 -2.703052701149966
16.626027849911143 0.7327186973892575 -2.662768262648341
17.254747093762255 0.7348154204282115 -2.691363588609181
16.23195577990478 0.7543622092878826 -2.66255546839845
16.192788914729928 0.7644356666569502 -2.6689387998966962
16.369040253698582 0.7711490156739117 -2.687260788318086
17.386916585268665 0.7247836447663416 -2.7044704272922626
17.165810249317172 0.7436068251831541 -2.7064691854292744
17.2409860777356 0.7391507770201358 -2.7005852361328087
16.309148031872972 0.7599119138475182 -2.6683935349074166
15.845529822734893 0.768803311086208 -2.675431252691883
16.760502479069764 0.7520522718769769 -2.711225523143159
16.171470859307167 0.7630373000143499 -2.69954311886316
17.08019857372866 0.7128755839047479 -2.710016713616666
16.954182380136572 0.7030695663028338 -2.6798370550674804
16.77610439309924 0.7596407407687956 -2.692880053846073
16.88723300891119 0.7047090800608293 -2.6989997735929117
16.364571063086583 0.7676438287049776 -2.6961595330086747
16.831334535821185 0.729706766903338 -2.7134020436496273
17.144955317591553 0.7070579558835552 -2.703392362965748
17.1432675070644 0.7298801041347035 -2.6844806775860115
16.38879419439732 0.7121839474038418 -2.6715387918761415
16.694605741673307 0.7529633599008936 -2.7081478880501946
16.501405504147034 0.7280980189994206 -2.663030493205415
16.41343652327486 0.7212326516528652 -2.664118966372036
16.04729298816191 0.7358930143082199 -2.6623148419058564
16.853605396229256 0.711613621909056 -2.702979238968838
16.55966934923883 0.7283840028858164 -2.7062733946144153
16.99836405677445 0.7473055114004645 -2.695958346819504
16.813477820324486 0.7052937563806606 -2.6915212526977577
15.942819765345744 0.7610142571454808 -2.673390876827395
16.11968793904605 0.7582224510368469 -2.6940782690715555
16.271866970235436 0.7645110661841251 -2.6808559811371833
16.707576117936476 0.7073425073022211 -2.68729799854633
16.011823947222943 0.7394456203951991 -2.6847867287310727
15.899941276794625 0.7533350316974893 -2.6736583586829905
17.08425620769639 0.7352574493488723 -2.6906311146826374
16.10888865809543 0.7302691471082481 -2.6680280555350944
16.409234438815645 0.7160288003893421 -2.6745505752832406
16.860511093502787 0.7260867484317695 -2.6753040419255223
16.982444354873536 0.7194392568580888 -2.680349075133366
17.09546654120865 0.7247937022881115 -2.704569817846841
16.584088346824757 0.7391658776209779 -2.6712026621896383
17.062225999090806 0.7143297173601648 -2.6880208417772113
16.09144750485035 0.7526610356859186 -2.689002233553756
16.943664291334457 0.7423092499939379 -2.6957165454508987
16.06261904723673 0.7479094685357687 -2.670270690640982
16.008941912319024 0.7529131007289651 -2.6764415071461993
16.437785960453944 0.7502926680308695 -2.699748106847813
16.76932737903464 0.7487161515096697 -2.689851969795107
16.287877888023385 0.7568716651792942 -2.689964672163632
16.38684638708478 0.7558064865182065 -2.6923164138379976
16.313231215355678 0.7564101400240514 -2.6886923504103306
16.152617829598327 0.7534015747599677 -2.677886695639755
16.762925479386247 0.7201212909860838 -2.6982198032302502
16.795753509964175 0.734118150588162 -2.7004992772838357
16.570239069267217 0.7213084230752896 -2.689549835398407
16.575369504903914 0.7450867800256074 -2.6970738282504794
16.729438989287175 0.7251819755340315 -2.679101997811852
16.35945054922864 0.7489261464654299 -2.6855638065952734
