α Mf log_fpbh
0.8927900388274426 8.668733341689661 -3.146848830008792
1.5005271475379485 18.68218154914613 -2.924754280725188
1.2763228835719107 12.4809666464056 -2.8198934283918726
1.4861924511055182 18.417917545949194 -2.8424732756971505
1.0006380258044343 12.631837224232257 -2.783497628350858
1.1642809768740774 13.453341493483588 -2.7747710650993103
1.1924720622842546 14.67726165018204 -3.018012305086587
1.0169095674524857 14.074657950307282 -2.890290961151619
0.99384552583259 13.754865397062844 -2.936551542030445
1.4141127496206662 15.368337253563023 -2.8006764358083225
1.0557380443216549 9.40447721971909 -2.7944765052929688
0.936796154468472 9.272954093873572 -2.705859277909193
1.4311712172411113 16.39942618883726 -2.803827702290362
0.8588886343629284 6.495459508674205 -2.7292079189557117
1.3108909875315564 13.462795820855662 -2.737563074204832
1.3114536445027154 14.572264489523938 -2.8892795403929603
0.8323907672496605 7.538097089664365 -3.0936827604335693
0.9341561639853142 10.095937512250854 -3.0545378775897625
1.2543174841164502 16.240417578836922 -2.9354029292509933
0.9229473691030153 11.758524393069429 -3.001769229921828
1.0834390284855457 10.247386545772205 -2.7014891751096304
1.3202160820095463 16.775713280807302 -2.8829873804692503
1.0378732145105167 13.891379090899527 -2.8826779516240215
0.7704703973276181 6.370572044018683 -3.131973135022283
0.9664692818659906 12.620337017359251 -2.9344127075844106
0.8520945826016584 6.397944482698854 -2.911457286881118
0.9510921694615951 8.746808832465774 -2.9557386368972245
0.9058941820520798 7.8730324266387814 -2.716277925934423
0.9009888708527374 7.1248560130921845 -2.8599110231101443
1.0397822466416078 9.698615835561924 -2.8564531930591315
1.3234481685624018 15.837978386508956 -2.8821213414318647
1.3312667262849773 15.967539182417886 -2.7721008414488817
1.264627685273867 14.006573453832301 -2.894552069886891
1.0999533862207143 14.665387269128741 -2.8545147762391236
0.8969198213123828 10.813089558999312 -3.0194141970008097
1.292037402745856 16.423982755134634 -2.870244761317206
1.1289493634236187 13.426004305770158 -2.9541325652996
1.0924848841302635 13.139751203233434 -2.7486830237507025
1.172185111801129 13.351694699122675 -2.7820133135642218
1.2226016412551035 15.618454121211819 -2.9155196843550577
1.072281228401374 14.188763447999264 -2.9290769757655584
1.266714305797309 13.014635906560686 -2.789941071223218
1.3554039132715465 15.817464800433951 -2.812036084433031
0.9378901345761279 10.652177324778187 -3.030704191541979
1.2259746851213131 13.098802202295019 -2.7198581461867084
1.2138611935673325 15.577719694701116 -2.868785016446396
1.0410701090151466 12.809385443194817 -2.789196073213935
1.0597329036662668 9.99069292008177 -2.720717032647999
1.1979716441065698 11.458893823062002 -2.7473100209832393
0.9864919654131804 12.39067796566894 -2.9821419891617778
1.0634176530317985 9.974717800810502 -2.8024993494994357
1.0239385432196673 12.318910758606464 -2.989187400739749
0.9991759470146349 12.22862611008317 -2.812649915342538
1.2617926660957235 13.698289127310126 -2.8685220711147705
0.7966537212405795 6.240022115016624 -2.801099400176688
0.9767210555310846 12.335662291382496 -2.8729692368589492
0.9566810715801606 11.869634434354447 -2.871062463649741
0.993227683494017 12.029060216970388 -2.80921969890455
1.1672495661344895 11.231167788807124 -2.740115866920214
0.9958598756044253 11.846414870710113 -2.997555143967654
1.2342551444464487 13.243687150798577 -2.885765094801019
0.9040987225052619 10.58167134628227 -2.8711299713190277
1.069265746154253 10.185202968385148 -2.8175828736510264
1.2456930287487484 14.968239669155032 -2.9156814622380196
0.9367709762694423 7.8713671177890046 -2.741680730855732
1.2144486879536425 13.085619155525354 -2.909695628578332
1.090636949174034 11.647703198234204 -2.921849431956903
0.9093090030512264 8.297785471429618 -2.7325462578170887
1.2680685563109866 13.372961446389564 -2.8154377988984414
1.2327154355288963 12.623006311960841 -2.7375591005686917
1.2009122799171723 14.63391261235937 -2.808234404003442
1.1859239946982487 11.708073987234362 -2.8818608269522143
1.0500709060850766 10.814987852280987 -2.706233713599855
0.9998957266469789 12.575727237177656 -2.9666641124879725
0.8764771432893433 8.423740116159262 -3.035768119590383
1.229569965614039 13.033102039556933 -2.732012901855974
0.7982119147505542 8.167207248356101 -3.0840605640342833
0.9744180603168373 11.8677183776528 -2.986639008794051
0.876066982360212 10.292037625054027 -2.9914468246711143
0.821157165937509 7.23314067626713 -3.0608613071427473
1.0979101953299786 11.725815914708036 -2.909119232976339
1.1853287408972975 13.899444464817917 -2.7961369176013333
1.0298626843875927 11.990654033082443 -2.975758046973774
0.9270422850218603 9.298560891862547 -2.7532842605336176
1.066711278527065 11.694492475049195 -2.9424385607421257
1.0212301703014075 12.577571144963954 -2.8174211407072876
0.965027000541997 11.878981889795025 -2.867956460598933
1.242186746520072 12.84217155255566 -2.8102029023283306
1.2670486354589348 13.484104838886072 -2.767072570055802
0.8120600937748279 7.493962521144493 -3.0798613096161613
1.1685451190909104 11.514274859567404 -2.7487378329873735
0.9888029694652545 8.755047291655696 -2.7620596936587
0.6762745287294036 5.231360293790351 -3.2324142310194097
1.087767187094645 13.876080072018022 -2.8274607216956245
0.9553363942430937 11.850836216293391 -2.954962865756965
0.8410382980423771 9.459023059186613 -2.984093816481079
1.1685180936941681 11.34173916691044 -2.9060965055300003
0.8837837809787766 7.087903885219109 -2.764589105638989
0.9064658011987043 10.299322405574998 -2.8513396785958065
0.8156501799848099 6.108126805550601 -2.958157109068781
0.9619483376635942 8.737786279210614 -2.724743191268263
0.7755323931356143 7.885286359038304 -3.039085265798035
1.2771967153654318 15.282366436228385 -2.866165970247941
0.8868072767461728 8.947453672699197 -3.0312727580787873
0.900578081183462 9.37820106448007 -2.7970201247111914
0.8522190215582177 9.657149446860988 -3.001411478371996
0.8923405335716952 10.25811248135184 -3.0126095895201326
1.2775315607931272 15.459283878711325 -2.8535324891580083
1.2169191655281797 15.127096312083257 -2.84917484839422
0.7478103859158727 6.677573528923434 -2.9683456780741837
0.8835732869594135 10.180031553839981 -3.0076304964129053
0.8235054354902114 6.055734974381168 -2.9073522198344928
1.0754333603593365 10.862181981459987 -2.8716862816562134
1.260007554233317 13.425877595742701 -2.8010119415012884
1.1990306778428352 13.286316560648055 -2.757578693645304
1.1757502654798173 13.107089813691129 -2.783190032480709
0.8427832452824598 9.284061887536108 -2.938322184304161
0.9671580184198539 11.047945968463736 -2.993394109874687
1.235905727961196 13.627664014173396 -2.8775338064997165
0.8529857024525858 9.634127304129308 -2.991563830875961
0.9297816536823862 8.869107832704227 -2.9696565390360714
0.7717724961370749 7.316695397214684 -3.101142954909591
1.179799190617979 13.538957294505295 -2.7971739699273286
0.9116528500649377 10.680935396362692 -2.99237582187448
1.2109836122749726 12.960405697327722 -2.887238758695122
1.2734853492070002 15.213252622582964 -2.8144814215425944
1.1537460188173543 12.821317194923356 -3.000847426775689
0.9103314561372078 9.942312695436478 -3.0176672243195464
0.8931656305456477 10.474262119487815 -2.97709378583923
0.7800957038834802 5.45662187138629 -2.9659131065317546
1.1180933880612827 13.802362158365062 -2.792027054038319
1.2236637527705776 13.766749510190298 -2.7607807327367118
0.9229381583416245 10.214016761081147 -3.0105788696394704
0.8764891805730104 8.87505433082647 -3.0327712204421884
0.6930166517622505 5.195767409673749 -3.2000827278955843
1.0033962522502018 11.423397555921 -2.97463001698355
0.6752603009656477 5.160853015528235 -3.139279698323006
1.2629254693068135 13.7872763378719 -2.8203312567908836
0.9310362022888272 11.225681805655732 -2.911661576829571
1.1812432608719523 14.197793315722668 -2.930831114400415
1.1105548447990823 14.145767166880894 -2.894012553458709
1.2639872000538674 14.599449763489663 -2.785351327118074
0.9930580883717306 10.638889176391581 -2.9671843252177226
1.2589447256467428 14.603326035441613 -2.7870236299638
0.9210100168705913 8.060430554085972 -2.9067185617957922
0.760887922596381 7.179766017902708 -3.096795108477197
1.1932404053534715 12.284228715455175 -2.7490184534627327
1.1898896072515674 11.643126393980873 -2.8201705471578125
0.8985082172575097 9.941951147724247 -3.0143913687975044
1.082488155405911 10.676634330274105 -2.7521578617103275
0.9454336812846622 10.232321094492288 -2.7863241178005937
0.7521784845659476 5.777851706920957 -3.093317287589035
1.1222515180807802 14.288257027420583 -2.872132629776319
1.2145638943215904 12.981324557685596 -2.7534656603187777
0.9109203193484394 10.459449476601314 -2.9966479399981587
1.1656550828295598 10.981063606800852 -2.864386626177876
0.9340786132546287 8.597854137327074 -2.7408984945818617
0.9854279488750957 8.873850282348785 -2.817477426593025
1.1711823736973144 12.037874483959762 -2.764847680661528
1.2633078978732548 14.591441556457415 -2.7952341198906145
1.1323293602217634 12.12821356428132 -2.8590637848951976
0.8896793100751669 9.901269436577536 -3.010845255785687
0.9851788031987324 10.34188829350548 -2.7481913475674657
0.9430695407743588 10.641149796199146 -2.8186715236010293
0.7704367674718087 7.417868597894799 -3.0797750324273556
1.1067549731299469 13.202512804016733 -2.921121158282382
1.0197823515048723 12.310590696688749 -2.9518033521537235
0.8122165848997005 8.363419399751425 -2.944053104350564
1.2210552600056817 14.680239858235339 -2.884001226084396
1.0630757529533323 12.487876419055608 -2.774864746786357
1.056798182085598 11.662581074346122 -2.932390244448884
0.7733589703991819 6.549419010243331 -2.8866383383208967
0.9385851577824895 9.74154431486653 -2.7725969819800254
1.1043299270695162 13.021742783693876 -2.919940857564715
1.1126357222892782 14.091829702889875 -2.872515091078532
0.8326434255737161 6.349699634185014 -2.9128757300678654
1.2577677734456274 14.57781698326901 -2.8008887743624404
1.2601291125086866 14.808887425380794 -2.836852129861274
1.234789857919173 14.476532306189982 -2.877736260554798
1.1850946138277338 13.562665300531696 -2.931155094469299
1.2550439229887616 13.773424718324867 -2.8152956748362996
0.8926760983251463 9.556718113175434 -3.0161618528270617
0.7762741665916656 7.468553356998846 -2.971246500124435
1.114926187962383 14.014745969861844 -2.88753064917396
1.0264899968176684 10.241993791686873 -2.8930564679494832
0.9614797446205946 9.820258484079755 -2.964158602625111
0.8954123501858793 10.359171464098289 -2.926758845416518
1.0400099381879762 10.797378312771237 -2.9095885400074133
1.1633359662831997 12.187446928960592 -2.95130866373985
1.2352601529600746 14.59923499630839 -2.8144885774516806
0.9747970861743618 9.102764184066583 -2.886809137891208
0.9681948329991272 10.587909913771364 -2.9771821784333716
0.844919230144328 9.18257668879877 -3.007029518217883
0.8788085802122723 9.390904476237186 -3.0180671088535895
1.1304169144845733 13.940451105064849 -2.891372466309563
0.9537909802904005 9.010840113126655 -2.7417910331741195
0.8489065617963782 6.563298433676511 -2.8765593386818837
1.2342410331825313 14.296510368125572 -2.796752219825148
0.8767956325593631 7.873699424834367 -2.9793439488523052
0.9617174930429877 11.56610280461573 -2.949440623170715
1.1832510120639432 11.669689860293335 -2.84023772399392
0.8727609547356647 9.438809463648738 -3.0152691295226877
1.0249299128718632 10.66545605305075 -2.9214404100300424
0.8581649726679142 8.546541405339212 -2.8366176954138727
0.8825330744363736 7.149339625002263 -2.7954010932066087
1.1866203790551637 11.662494962883294 -2.795492877441418
0.9262681379050612 10.97511408065354 -2.923212288438961
1.218776680561831 14.621466271171668 -2.84931371292471
1.0129170637137104 12.532984952292 -2.876724295807153
1.1684360584225089 13.231898761959615 -2.9478110026892157
1.2516691521709946 14.065417772124801 -2.824687532505581
1.2192304598411643 12.791764444850397 -2.822696263348524
0.9978957405753659 9.163492383535939 -2.7803894457103073
1.0530386608579083 11.971381268435504 -2.9350265069834713
0.8046465360331269 6.012806788089949 -2.9523003925684628
0.9359110229276282 11.052571178298722 -2.956503983446879
1.117207927168182 11.732701994616495 -2.749678534769175
1.1634152847627715 13.059589804987214 -2.9561661249721194
1.1178507461200893 12.377338853668146 -2.883303799797333
0.7987997325404088 7.69827414924311 -3.063324694040064
0.9068302324324111 9.500605564172151 -3.002345920273833
0.9277233894189798 8.24042705531352 -2.8960586398686177
1.0722694417176009 10.704012574947797 -2.824810886456497
0.837034597053326 6.344580406763281 -2.844189969245234
1.1906662517297812 14.26939433524337 -2.8792677105748945
0.9782255944770146 8.81847499251748 -2.791428437911747
1.1727273233372575 13.16734796080626 -2.9383645330401933
1.0620672578262058 10.870586010913579 -2.737999691721111
1.110202662449002 13.850855587937094 -2.8740420658455705
0.9122576872892494 7.9977305749842325 -2.7607489503192344
0.7463521792383995 5.311156903301789 -3.0505318074177703
0.7190470852979638 6.043513896181426 -3.126252039831804
0.8549926825317433 9.375385317838433 -2.945926434589471
0.7707052503901304 6.893762381620187 -3.086161673598417
1.0723159977656056 10.622223289109522 -2.779997757187446
1.042512151381255 12.513973555188617 -2.931486549148903
0.7410154776090572 5.50195825374158 -3.085717271130351
1.116165270891187 12.382848544730507 -2.881397204307955
1.035579878819501 10.382290845502077 -2.739317973219906
0.8503087424177614 7.276090086176723 -2.7924366185926637
0.6760735286227101 5.047531208114177 -3.153902974740655
0.8784409718286456 8.576369445347845 -2.806035080245615
0.9852377954160182 11.656200234103732 -2.951611502426042
1.0590830345838342 12.534470714879841 -2.9274999104244923
1.2127569750108962 12.795626657911384 -2.7792438453583523
0.6931125695943076 5.087659946658102 -3.1736420728562966
1.0629956690881919 13.227067309469 -2.88131859516722
1.141028517212066 10.776744308463734 -2.971473708098576
0.9529906813490843 10.035411365624448 -2.777906421893021
0.7452556636543046 5.3348530597397055 -2.8965550969616434
1.099303036335778 13.666408252387077 -2.8513486134948796
0.7934193444604576 5.786169312467784 -2.9454423844052275
0.8076359059060647 6.647157031810929 -3.0178260320679273
0.9086729268569274 9.0241905796987 -2.785741702969939
0.9931219218965126 12.122766326852771 -2.894914923088784
0.9066391460453749 7.775968147111076 -2.884011652221688
1.1126809173676562 13.70053336995263 -2.828333358436833
1.0529893440919444 10.931266024576301 -2.740656948288243
1.0341479987771773 9.941334321572835 -2.7717553154647976
0.854383233569252 6.680021348774211 -2.843864077516687
1.0161368890483529 11.060831301874423 -2.9391940975520923
0.8903294401254311 8.912413426629952 -2.807335608972771
0.9325427819847253 9.428113057661655 -2.7754096428513115
1.0469895925003732 10.227504211484028 -2.764851546699278
1.176371400054164 13.17741656207467 -2.925982649580193
1.1531461620192478 12.371919294343268 -2.8591946342140186
1.1001076442244502 13.397365823925991 -2.895157380691123
0.9241914701397214 10.747190201051097 -2.8984630991014244
1.2074276122721153 12.53408589217646 -2.810870826719924
0.9916560923298927 9.146134495073204 -2.81254075860931
1.1869201194004488 11.84006321233672 -2.7979876516277944
1.1964699175913633 14.07543347777403 -2.8861983650453986
0.780566498206457 5.707804304300858 -2.854438291751083
0.9390858214194577 10.907136452569693 -2.8714542320015872
0.6942618048220418 5.229552067602205 -3.062798257169834
0.9614319898758736 9.985007341540555 -2.768460795257096
0.9363428829829652 8.97987106211887 -2.7582937832380576
0.8919730534178347 7.342188203503219 -2.8186903294504413
1.2102389804082436 13.312888543902647 -2.784207579220466
0.9961166792126401 12.105560234332877 -2.9130737267272426
0.9731589564741594 11.509014446861801 -2.946261252759352
0.9409716413506206 10.901400344004346 -2.9612916887721674
1.2215583968478247 13.92418016229928 -2.861218520776683
1.0993799674624936 13.528909873722887 -2.8809041738458214
0.9377967583969893 10.89896265061511 -2.957844721623633
1.1589172891124866 11.690909460037748 -2.8022304249978056
0.8673367182611625 9.263148497419436 -3.006467764192909
1.2149471843870572 13.315415875039545 -2.8574095741776118
1.0739925168692182 13.171750906264089 -2.836709559286045
1.1570044704591405 13.053904728637876 -2.9517993995046976
1.1856485127293022 11.864183417792958 -2.7922382406732353
0.9718449246198837 11.473958281317614 -2.946178955459925
1.2136702443646212 13.837890520160345 -2.804671262289316
1.0354792864064808 10.391892457714619 -2.745030713473578
1.0175845786561766 12.223254766222905 -2.8379606680635314
0.9239518938882876 7.9972566844677235 -2.7817671483933717
0.8695152420745421 6.967138496746078 -2.8294429592914434
0.9655242910681667 8.917672687364615 -2.7575230966892015
1.0766703385633227 13.20662738376973 -2.839851111003348
0.8804498636125668 9.569252980196808 -2.8839047109402944
0.9435747169225224 11.08710684519158 -2.8912925370847233
0.7777207210072032 5.4457581956083425 -2.915408867035831
1.090866498515525 11.114121961945298 -2.787949741707118
0.9007802117453458 8.719196571397068 -2.9792568453516157
1.1423082610478636 10.37534682554251 -3.001139168620592
1.006567752216134 12.259708876305774 -2.8851022363131795
1.2119739929273377 13.69359557851912 -2.869852250397611
0.8339608603713082 8.49805521171953 -3.0253445576752642
1.0103312893130176 9.590864544006067 -2.7676097620094993
1.1917276748164511 12.70892538369595 -2.8781040668668334
0.8372326205466956 7.424095983393393 -3.0082036541396318
1.2226124834795384 13.518644163500106 -2.8015876889569453
1.17882608962285 13.719003437961987 -2.8537313860697693
0.9523476347808971 8.491465741737574 -2.8304660921766347
1.1214905552180428 12.22293239677392 -2.851511283676558
1.0946594084065737 13.074553535138932 -2.896544678789523
1.1696094644631867 11.414614916248913 -2.7948188674947874
1.2100323962181185 14.099613675004678 -2.84861526066715
0.8587449361404111 7.0422865501335306 -2.7977193040340342
0.8858898728568023 8.815377200977967 -2.813605569781259
0.8187154048094523 6.203827773202231 -2.908864038032921
0.7192496115223932 5.444460099939026 -3.123010964249695
0.7354749140450823 6.075375935594173 -2.985022401460174
1.0173418073098888 11.545256830645373 -2.7894396153375896
1.0847920611621489 11.699013848443144 -2.877926048994626
0.8017213580773405 7.219867758154946 -3.049296926662964
0.9781302097530369 9.414721264043996 -2.7516109020578536
0.9514933766197124 9.926133994263406 -2.962436265752484
1.0280350601106305 10.668997353247097 -2.7492260245055737
1.1220420536422635 12.05559772360882 -2.8329705577371938
1.0523457236685951 12.647104416173594 -2.9108899987328276
0.7664723643689669 5.367688667109052 -2.886940617070222
1.0236599719569013 9.941782729382961 -2.761278668313369
1.0998808336371124 11.548869867379018 -2.763189854615914
0.9600651952810086 8.884897296346129 -2.760343637931199
0.8357502928585017 7.384686440755519 -2.82204238144948
0.9128200173903156 7.881294233130214 -2.8661234108249785
1.1346519181173251 12.428322809827542 -2.8362667712415095
0.773317583458126 6.823392562173845 -2.928007464706183
1.0134823512130708 12.308443349850101 -2.8921591165999376
1.0802324081895012 13.19412344251819 -2.8437143349170455
1.0854621627009855 13.251271720800334 -2.8417581960728824
1.0158857902742948 10.918766823112966 -2.926881639705795
1.127174481042414 12.79754077780059 -2.773748239555191
0.9278939666775703 9.859854221460767 -2.977980263225972
1.0129547920577868 11.160191018640656 -2.775707429507964
1.0334330952087085 12.454319466658632 -2.910607976404994
0.8273498219406842 6.899595121473148 -2.8185762377015524
1.0759596377734997 10.912821376486061 -2.7771751301326706
0.8353128803183053 6.506499320673471 -2.897870254655448
0.9682958548123012 9.215258156283323 -2.7559044294634103
1.195457167064764 13.868262523156915 -2.8435830123617234
0.7191523494810634 5.23219306326902 -3.1088562025966753
1.0557715063547304 10.998634938652472 -2.7519779609909407
0.9398579040835182 8.321286125089706 -2.839714090155066
0.7190010618454217 5.980729551724193 -3.095866393621947
1.172089839825007 11.69551916381501 -2.865985453557749
1.003317665148683 12.04890345630668 -2.9130520449776656
1.0143811640743103 9.666484272038819 -2.801889906131163
1.1131050760523489 13.47244348706354 -2.8670257200163647
0.7606867641139388 6.998221110390167 -3.051672193498816
0.8635209510676599 6.958702818062574 -2.8676531076291507
1.0901609984337532 11.718748311795537 -2.758021193621306
1.0046029512366343 9.829712355842364 -2.872222798136425
0.8196591401013695 7.817133539710199 -3.03528429337145
1.017223345536268 12.057072136738174 -2.8327869067480487
0.9932337825295605 11.784083262688835 -2.9261265469142304
0.977039180169039 9.324240451270231 -2.757216461098022
0.9424964748669714 8.589884286205073 -2.767549586788859
0.9070542710509819 7.822680320044849 -2.787271121982317
1.1919398238328818 12.724021655071748 -2.7905051744553244
0.7235976155038774 6.076126943388759 -3.0870318951873927
0.9901863382188503 11.363978323766569 -2.943042900033557
0.803862254580426 6.882064899067008 -2.8571046624422767
1.119539710428027 12.991128116041484 -2.7883446137754007
1.019389674645864 9.963011602627319 -2.8469975282009257
1.18165131272937 12.06230560875738 -2.853239002998025
1.0255787866057038 10.516317346006499 -2.752863997041743
1.191002121685132 12.720579237128835 -2.8689182176710677
0.9206176815716575 10.361034673308845 -2.963941188019522
0.8129135286529441 8.048726398315477 -2.934332946982815
1.0232230065646999 11.275161649726073 -2.9258966274750153
0.8958235019274936 7.734822070461695 -2.784652101051866
0.9690056996581853 11.416208430462962 -2.9273536683738683
0.9179454674848831 10.524704468371606 -2.922428088389717
0.6912058031660865 5.153746697665104 -3.15015852155584
1.0914472110921785 11.466401934700455 -2.766451809381672
1.0523458769048628 11.257005422039565 -2.7576195173113502
0.8150960924891145 7.455723215208012 -3.0337237204855763
1.1089821179939454 13.097717603227563 -2.879147174677307
0.7960546378950206 5.897914195080369 -2.934905833029411
1.066804166587141 12.558879721487216 -2.805519167364168
1.0444991273083641 12.635246515449886 -2.8535186248049706
0.6831877387406525 5.0190016296306545 -3.1508747490843083
0.8159044339622841 6.313299304420109 -2.9368801992965596
0.8394000348582598 8.581156934297713 -3.0112933905868413
0.9022304818192897 9.825607149185293 -2.8634933347516487
0.8084381144069656 8.05620835798096 -3.0159897854048543
0.912606954644263 9.414690394121697 -2.9791845773809826
1.171165364656465 12.972014685951248 -2.916972930808449
0.9291438654642037 8.677828220865715 -2.768270620941856
0.8965020419772423 7.531748882195707 -2.8295697966993476
0.8579247648011754 7.412358613338128 -2.9580145086282843
1.0302611193880216 11.017159611252207 -2.909016133174223
0.7746624020934525 6.452585005115925 -3.0561507919230575
0.9452487811712472 9.54741092968641 -2.7769393138769214
1.1022399969052592 13.107536899775655 -2.812231738705816
0.9677087171655585 11.275946671539685 -2.936274315091542
0.7536622676022215 6.480451953195692 -3.080483034863083
1.1442818975022222 11.843051010336179 -2.974199595074378
0.9469207269888746 9.348097064232613 -2.7693300939826964
1.1173982342098303 11.93444987511477 -2.8048019992917075
1.2039366222270567 13.64729684604482 -2.85484851194326
1.1735178156404427 11.752124839742969 -2.799671453747983
1.0512610761689305 12.1215257470976 -2.912150481306387
0.9091070992776421 9.23200870105523 -2.977516698049679
0.8246018766508443 8.021879580126908 -2.8947371210393555
1.025691541680155 10.016031905449026 -2.7742822858599334
0.9610825459456408 8.790379496310432 -2.841989425432404
0.8000821426066378 5.949955663707357 -2.863009214122469
0.7610930386605952 6.809092189058003 -2.9827484206739214
1.193667560820958 12.570950985848341 -2.8007273739483365
1.063287376758712 11.328971446620319 -2.8774345626974096
1.1300381553387906 13.378435447504792 -2.819299134605116
0.9158789990142197 7.95313562249596 -2.851875385821526
0.8572906011418753 6.875916975390361 -2.8601027355102775
0.9170505470157199 7.929689061074878 -2.833133922978913
1.1199545545762726 13.257947609269468 -2.861473382310165
1.0419199559318284 12.4642602900645 -2.8994673076798194
0.9284068493114331 8.411941482438182 -2.77398629060535
0.9986605761010963 11.921387492401852 -2.8999653455606014
0.7232690229207829 5.962727192792363 -3.0464950766953907
1.0778248939919612 13.008208885421293 -2.8455451412003283
0.7561353500118346 6.211779175855008 -2.9347505671799303
1.2007874293071292 13.370457247645437 -2.8190499724575
0.7173224235020373 5.618989117324948 -3.113968252287685
1.0168897103894543 11.823740614070939 -2.92282575193567
1.0488415463203113 12.64864195531622 -2.877247018899393
1.1206443360326106 12.11441610758109 -2.8043493056296382
1.192859361199638 12.543828487451673 -2.8087977810027036
1.1480436151955717 12.277681178180092 -2.946767048447195
1.109791165663077 13.256586805381842 -2.854543046296484
0.9218575643395257 10.308222153728456 -2.9584206696781865
0.9000226416428119 9.651358539495428 -2.9790000214503793
1.0959633806234481 13.127327802725471 -2.8350797284988953
1.1515019266192272 11.864681288439858 -2.9622634135984125
0.9641283665896043 11.198464991460042 -2.9299290033624272
1.166189428631003 12.241552349089119 -2.9118073850704675
0.9493985827634386 10.47884413510462 -2.8267275285250824
0.9366954010454362 8.962812657546207 -2.924364817485258
0.803124031676506 6.114890456646627 -2.941928137579345
0.9678099119738555 9.732032079640481 -2.923933933240036
0.890891522352246 9.629123734068065 -2.9765227632855806
1.0278000420640896 10.511679915410596 -2.759858569561989
0.9260405188113262 9.1287015758371 -2.951243856258669
0.7142364369695452 5.425008424135701 -3.1154204940586276
1.1044822780795194 11.749975430427714 -2.812698372649093
0.8195742251855643 6.361999252067241 -2.92178162815953
0.7909482444806706 7.636021884291985 -2.9912532195583346
1.0049824918146835 9.81903447879008 -2.7655855214377345
0.8968058228424411 9.896920387770193 -2.898108787194375
1.0630354725495552 12.211805536083208 -2.899848390615764
1.0946661004680827 12.458626444355648 -2.877682447592099
1.1339413252293613 12.650417176603751 -2.8179252332864437
1.0422697244234196 12.144447307465743 -2.813079306687559
0.9472403953441345 10.664778292175859 -2.8486068712968367
0.9374308525477906 9.316028638242692 -2.9441157768074344
1.0432659466705774 10.39183355221782 -2.7857483758797987
1.0984277270972287 12.61644138340553 -2.792176876034599
0.9235405287307304 9.038099761667528 -2.9492798030400507
1.0039974205771007 9.778997122899074 -2.8535196772512013
0.9770121420503888 10.929981167203017 -2.9426985894838245
1.0284016852778048 12.165631437768216 -2.904667947652848
0.9168819455411886 8.136508421759373 -2.8790963124841467
1.05476752582436 10.644018475817154 -2.785567662615297
0.7517267370651842 5.246001832969335 -2.984160463203281
0.8029033643075981 7.832004193618662 -3.0168222557166127
0.8045175822048247 7.266117352684617 -3.0335784763573423
0.873807584209422 7.44807794546408 -2.800078383312531
0.9048372101393725 10.145887709391399 -2.926290509296005
0.8058277748851237 7.601924412991146 -3.0320694544847937
1.0850457796073996 12.846194576024839 -2.8772229579674824
0.8247837412378247 8.197202587754983 -3.012595823181003
1.0492001925978798 11.01120942029753 -2.8734315277122726
0.8050991806813079 6.746885819969918 -2.8552889072913588
0.8366262085806861 8.126866640577392 -3.01378718429521
0.9534143719419363 10.894421266751879 -2.8615770974004584
0.8547218568880806 7.058236540830194 -2.9134947909491076
1.1773639371484224 11.92524586541914 -2.820353604346457
1.1521786272698638 11.570951662802052 -2.8495606289041766
1.108507715275536 11.91734305032192 -2.7945285868447716
0.9570521988800532 8.71467504183612 -2.8199768787453436
0.8766103073477536 8.154411267295538 -2.970523703708177
1.0467256482312024 11.70228283923413 -2.904232165612674
0.748958209336601 5.170586309849902 -2.9739106041027603
0.7221329789018626 5.38343889367865 -3.096628172301188
0.8546962964222601 9.060157599134582 -2.9449200320316544
1.0640469169758826 12.71022147199248 -2.8443735640645462
0.8619808649951182 7.037436555441339 -2.828230623852983
0.9158418450626689 9.018008652878788 -2.9568549471875594
0.9257710309851344 9.009129475266693 -2.7831294724758124
1.0587244090664254 10.74467284793116 -2.8064798589150364
1.0975181079650986 11.808725960918352 -2.8359531654768695
0.7962848727711588 7.318411344373558 -3.037613125306348
1.15545564712423 12.610511338711682 -2.9344334161960033
0.8182632761091791 7.432641922543391 -3.0199997046840803
0.9456434629688274 10.402552785173496 -2.831560461130266
1.1586859209487195 11.182952577479435 -2.870286588254778
1.1545750326092523 11.039532997566889 -2.8908049219873324
0.9716725075992145 9.00965298802421 -2.7985336433445696
0.9610749922663215 9.844865900676902 -2.780005097708631
0.9806880947434875 10.317407370935303 -2.9297010221193514
1.003992861322421 11.675982068479176 -2.8377946541720274
0.9204590909213131 10.388035574984855 -2.9358470653442286
0.7090698903307218 5.0138067778709825 -3.1030414987611747
1.1892423153326068 12.57565525633034 -2.8344618884181694
0.8183771347780533 6.802241348873418 -2.8390333121606055
0.8592368050228913 7.987421494454075 -2.986503080579088
0.9389103959558491 10.360928064646956 -2.9546879066016496
0.8184804217853393 8.043749972409262 -2.9277486238839128
1.1902535943274344 13.281858838849903 -2.8389656094049776
1.0389547980433447 11.87313388349059 -2.9077566197173024
1.0503330509570943 11.733674397087857 -2.8991403730230187
0.7867831006174479 5.884508811940644 -2.873566723575429
0.9786673177108982 11.174514422815092 -2.8379983598650833
1.1628860846799909 12.516236645589085 -2.8403088233686304
1.089843864522736 12.734970244570441 -2.812929415107348
0.8095772243036614 7.954725281940959 -2.955815140738232
1.0326989433624782 10.927300480877117 -2.7684986615814156
0.7837663138344872 6.760303864034294 -2.9060890335093577
1.1130458002324652 12.922311923477114 -2.850663139132768
0.8605467063294541 7.940981727367001 -2.981292654334576
0.9326755967214634 9.019556788670949 -2.7798300015950463
1.114996262433959 12.762649080680141 -2.8491258765822387
0.9586986592355767 10.263295470229512 -2.9463299023772374
1.085802384846813 11.696622974899277 -2.7780285153037587
0.7984899481495719 6.079245232935856 -2.9448456388599915
1.1756846231505873 13.078387208356384 -2.8867051944815536
1.050385841343654 10.936512368640635 -2.8594429642353174
0.8356422341303185 6.682777058347631 -2.9104517108334544
0.9878917449005151 11.607907497163428 -2.8938022705918516
0.8006593794008003 7.797855826162133 -2.9867221566045252
0.8252019155044517 8.250181915592501 -3.0015770183271826
0.8057455830750794 7.915244376431261 -2.9842496819989024
0.824015258860129 7.997739765866173 -3.0145358567445384
0.8198452619318979 8.237994493674895 -2.9697833176331745
0.7453275962832363 5.238553699449164 -3.004463415685405
1.1055185095154512 12.255631733534045 -2.8452637534402054
0.8469809624436162 7.2888191385283 -2.959772746505179
0.7212238032049666 5.828106259455387 -3.0578658623336015
0.9418908926648514 8.662634605507636 -2.782049247626442
0.8541495097802851 8.368661016037404 -2.9987510011118355
1.1617375111468329 11.493066838043886 -2.8774691969709956
0.8625016121130906 7.051888415365083 -2.8432161595985024
0.9333974426647953 9.448738854921427 -2.794483467644915
0.9793634617333526 9.376866742049131 -2.7752682617946474
1.1146340106594652 12.532748541848779 -2.839116039096442
0.9948781006259659 11.550400746565487 -2.914771563438993
1.0529822488873681 11.853540718328807 -2.791492139185861
0.736477747728608 5.024402487336586 -2.9518988927498846
0.92548662802757 9.490431544752301 -2.95801300244943
0.7536106177982271 5.3159923629042165 -2.979828662907182
1.0212392471906164 11.914660956835093 -2.835695919060185
1.0772066150949462 11.357912575487244 -2.782808487774161
0.7409367126819526 5.402386654123111 -2.934967274701841
1.1770394683379013 12.069396206663672 -2.827116813650992
1.0969205343225634 12.811507784559456 -2.859332303990718
1.0337241219419904 11.334739928622948 -2.782490812031476
1.0712642627233353 11.569780920376221 -2.7764313684908903
0.8429333728476665 7.75866143725916 -2.9958693735350455
1.0081938779692723 11.059104004843562 -2.7915763036569734
0.7795564170489067 6.695469814329549 -2.915050904610751
0.8922344337809957 9.46701838973108 -2.8678669323292594
0.9017759014961748 9.752813165422065 -2.873660557365756
0.9479502359288416 10.72474268750576 -2.9355980714885703
0.9008884345983653 9.162922356606455 -2.971589112340884
0.8069756798905827 6.223107006788174 -2.859310669829723
0.7802455763980545 5.803535534914323 -2.88462328010119
1.022371735144957 11.94311630587696 -2.9010174201918177
0.8442277350518307 7.152954544185889 -2.950601843377701
1.0351623528796292 10.333709827313687 -2.795537494205841
1.0031746568746094 10.013649595154067 -2.7699602119500466
0.8480375681753081 7.362688727711594 -2.962135379668757
1.0536747484825797 12.341409577519116 -2.8862883667065553
0.7471591627191279 5.54087165688408 -2.927160644506489
0.8720905378379196 7.233515811953506 -2.8458513700888766
0.9846660848115503 9.766893745940417 -2.7703339468980985
0.7534061813099948 6.541774962833088 -3.0537780595662376
1.1090069869996562 12.439522738780525 -2.80043102742318
0.713161606330117 5.094939625660136 -2.9985613198216203
0.8782486952857451 8.715531451294986 -2.8374315484069785
1.0893650039033176 12.067720640736539 -2.8584304454751432
0.9464753867028486 10.385774002793806 -2.8341617153086416
0.9388763194267018 8.668616547217965 -2.7828096016507495
0.9891033289931784 9.684425424854183 -2.870076717753565
1.0865015173459578 12.30742912618115 -2.868522008027781
0.8352068891843162 6.939536392238248 -2.8288926820040743
1.0653599807730092 11.955998536548496 -2.8831577957502788
0.7574769878473734 6.445576092379664 -2.9662772278930714
0.8526724076655163 8.492914791169378 -2.9958403972838235
0.8727809848631239 8.30749632866414 -2.9767368295259624
0.8180414272388237 8.124404104924954 -2.956979426071843
0.9217522969843055 8.647122909544342 -2.9173632118408914
1.037419877304303 11.232442569852495 -2.892260471404443
0.9682895942179273 11.099792155374871 -2.8624073417536637
1.0138098177390888 10.65746377805647 -2.7744399663152564
0.9244700583772187 9.360924040448182 -2.803577378252391
0.8611097350929289 8.491156458173457 -2.9915142609009333
1.033823257348594 10.321797078207599 -2.8027719967604545
0.9983392364891497 11.703324203048876 -2.8872817937233926
0.9161024700251437 10.11189268846827 -2.9478267856067824
1.0856700013686045 12.549902547637299 -2.866394590337398
1.018978702441031 10.046121514603314 -2.822558296341437
1.175204868243339 12.254264493743571 -2.859749681042553
1.0659242825988275 11.651939843170673 -2.7819903183078534
0.8355166780960138 8.285338389685238 -3.000025211811019
1.0657234411303969 11.717095746842261 -2.7838809938834643
1.0665029215459014 12.58672950114498 -2.852441818750109
1.004903343813668 9.986565485154008 -2.7743142525342313
0.8188680012803953 6.567115875064061 -2.9465543676760744
0.8924038251063104 8.770901823865243 -2.9683249177177187
0.7713243440727915 5.5845774110084445 -2.9442710576537725
0.8818340445002177 8.157723629362579 -2.8068533424187185
0.8385408840623468 8.442080129772673 -2.9168205928706104
0.7668203625576044 6.862623893188446 -2.9905429076778764
0.9638688429609841 9.034180663004966 -2.7881994901635347
1.0189964739842505 10.058058807771943 -2.7924967891299084
1.075199653823021 12.644389734783557 -2.84455925174305
0.922674543044948 10.343384068989927 -2.903508253666737
1.0132462380050864 11.90447013850458 -2.878072210715226
1.1101768894640138 12.475787329576036 -2.824511786352878
0.8337270870397202 8.461164620623176 -2.977827829981652
1.0925552970101315 11.878437892838042 -2.7948926954186355
1.1646858148468031 12.760792551863423 -2.8651850378623154
0.7338493384334865 5.367944066914984 -2.955658661672051
0.8728910189599601 9.027015610136853 -2.8783162378717675
1.1533367354708277 11.621193329802665 -2.9294036547933984
0.905328725393604 8.104462002759888 -2.8957540153481154
0.7059669788376439 5.074640720076889 -3.029326994278767
1.1646117561791587 12.36991407556315 -2.9017523409520845
1.157358128213699 11.600276344910808 -2.9045751877218438
0.9366683577229151 10.418109420008694 -2.8632910994286056
0.9272953401604136 8.652668022285424 -2.785140564331365
0.9797530092842008 9.30125224535938 -2.793689508115799
0.8939241448936113 7.664000866047115 -2.828749264503169
0.9497916498549495 10.754747320460737 -2.872387175193812
1.054635585694036 11.946132302061887 -2.8022423162553354
0.7701099308141157 6.978057590234584 -3.008973029104881
1.034463253835906 10.497284429508637 -2.7829746382661096
1.0725161734622588 12.368665288780402 -2.8159693408205753
0.7250307683727371 5.315920099607939 -2.97932476121942
0.8269262600145373 6.5116835872987995 -2.8638659300804505
0.8350516830810101 6.804350262809033 -2.9246051982980292
0.8492845681110504 7.984539523582599 -2.9902695810701303
0.9241318079455768 10.03885640559817 -2.85448491836779
0.9523399248115277 10.418499537333645 -2.8312053923387195
0.9237443479929135 10.321414761449832 -2.89873871635006
1.0827527473382523 12.304774210212607 -2.806483109473037
0.7825114991577184 6.652896123503973 -3.0323307070070187
0.8170215694345727 6.343642324133787 -2.8749638458890567
1.0047109365366362 9.777394376905338 -2.807812742500743
1.1614819856223364 11.862902719753812 -2.8941375572839325
0.9831225984030745 11.187569776175316 -2.8438691492824817
0.8548120791470908 8.890689925166985 -2.963610418374748
0.941317726678013 9.020681078961864 -2.905011020378967
0.8650504188738923 7.6519722132328685 -2.8145008050213622
0.7436754318377771 5.175679433339086 -2.970340277968636
1.0735793695975284 11.703674016966719 -2.855941540808715
1.0228255668385324 10.654868763021128 -2.878171838685755
0.7773303518169224 6.705718621669952 -3.03859312367595
0.8410734807502933 7.311451368173011 -2.966835738425665
0.9400639542464391 9.983641845754363 -2.9467126962873538
1.0813924993111206 12.051273816170038 -2.7970345806637167
0.8347202750098246 8.194482369154267 -2.9027758079291583
1.147700190645223 11.025685010249504 -2.893729942201942
0.9860942845588794 11.312364883544726 -2.853409253412665
1.0804131816906222 12.072071642335057 -2.859939333113374
1.0868079081137396 12.257034781283867 -2.855400922324038
0.8665963308372776 7.8608032144018445 -2.9577951997054894
1.1551643913721006 11.675772699400436 -2.9170041974587653
0.9306953151517312 9.010262338959407 -2.923370000781512
0.7133041297530044 5.035411276781446 -3.076726290109609
1.1518646376506392 11.473739331124328 -2.8646768490085215
1.0223331393166144 10.774015043458785 -2.7788951358330016
0.8567758861329293 8.571993725396137 -2.9872694405742393
0.7515671416173642 5.5369694406843415 -3.0164720757909853
1.072240748778993 11.356772082050366 -2.8248808522628934
1.0391865083850635 10.772562329785767 -2.853555556705778
0.937255745013265 10.371067046092993 -2.9380226921374932
0.8431165751718315 8.310293565864777 -2.9938009808264607
1.0084960864018448 11.52520563368241 -2.8320252202431675
0.9713393361678133 10.91960450124281 -2.842333939603371
0.7818123905335381 5.846633864276754 -2.894195705482396
1.0238334224840258 11.36349698680067 -2.800553349324673
0.9061718615309393 9.694659841079574 -2.865308414922103
0.9487888920744063 10.702363482443197 -2.921807991476352
1.1751338613255053 12.586862374742456 -2.842496590793049
1.063829960517528 12.407720563024938 -2.8435049918666007
0.8252816078167075 6.77338383235621 -2.843602766575109
0.870891522321467 7.418841480491686 -2.8960722442382343
0.8701980329826826 7.442579045663674 -2.817749983179854
0.7703651791144172 6.909300830221877 -3.0230251626702302
0.9238045613554118 8.70334924599577 -2.7900480559408427
0.8822589351904419 8.329431724640541 -2.9584513534726256
0.985137772741732 10.618471671596282 -2.9202883111810163
0.7933942029274682 6.5406623859212045 -3.0048739371239406
1.0642055775422885 12.31528528532306 -2.8294171452191685
0.7567896616004572 6.5595484784709 -3.001888081642589
1.0848914994790493 12.51296201681635 -2.835975249942984
1.0215694320626207 10.835096838186187 -2.8876742328301805
1.0912629415182074 12.064629695532215 -2.807191482907839
1.0706379422055872 12.15878819140827 -2.8099966303796817
0.9885372624364462 11.227290246739836 -2.912935399621749
1.0322099466983583 12.04858147495435 -2.872029393533144
0.963842952954665 11.01994691914756 -2.8999695311614175
1.0054510417918197 10.687617811521825 -2.901830520481006
0.9004021052507005 8.209055604559705 -2.7988368564682924
1.018006035769835 10.165343729099563 -2.790560811990953
0.9383438053509949 10.193393727200032 -2.942898760792364
0.9569396763787537 10.088824889380138 -2.9335137436096104
0.9806948205937005 10.890621438267356 -2.9225401471981103
0.8162685509332178 7.232276963948087 -3.0029888731030625
1.0897255217350867 11.931704337547686 -2.823862726361919
0.7774942057435774 5.789745879566096 -2.900944541357952
0.9707545219265189 9.761603071349775 -2.9035218213288143
0.8845997890468741 8.988380544990296 -2.9716168227100686
1.0322787196753176 10.882405164593575 -2.7820806571669356
0.8164393192994583 7.8626182087463565 -2.930332028877782
0.7344454020428024 5.306686436573915 -2.9603520102268313
0.8145992736619497 7.519041530927723 -2.8976309813804266
0.9748082404108562 11.18330539432969 -2.882058424982323
1.0571518170192915 11.214849726385054 -2.7893288802724925
0.9040361393005734 8.929575838696698 -2.9537056330775986
0.807124077632303 7.777944898877742 -2.986492019508296
1.0616097905399233 12.32601416869921 -2.846703306716707
0.8562947075600198 7.161153884951691 -2.9005842729254323
0.9660673505117392 9.09575772075584 -2.833761593870576
0.927013879618277 10.141160841659012 -2.865208272166485
0.9744232631903996 10.902865628127927 -2.8387995763424696
0.8334348305298608 7.380797101864758 -2.9820274190969664
1.0135650857703735 10.08440154770856 -2.8318970898497415
1.0129516153175746 10.038871757597796 -2.800936889593191
0.917463863908457 9.735913775471676 -2.846940848735151
1.0389142276466123 11.86928462244389 -2.8234730234306604
1.0647272083758959 11.738866368119893 -2.797307432712479
1.1632286265803264 12.535327024491874 -2.8775374088487187
0.8365822539200584 8.048714026871792 -2.887487755297647
0.898467322562505 9.649577236849767 -2.948477843638996
0.9147572038700491 10.085445801213268 -2.915980080865692
0.8963852566897799 8.931523765159863 -2.9605342535129777
0.7554546137279314 5.870404946245547 -2.933806972565452
1.0510411009006229 11.345776949712846 -2.7899846997649753
0.7521983010213033 5.826138751848674 -2.939821993663217
0.9591569622049541 10.0041745248432 -2.801513389651867
0.87719003946961 9.312316816914716 -2.9415953882906387
1.0253176753534354 11.584995204505276 -2.8186147928224785
0.8246350297909699 8.166802322358812 -2.9696293154700095
1.0087990985970579 11.302134381479632 -2.9038961136810446
0.7837143641534043 6.120701068846683 -2.984277484867822
0.950459484849401 9.48865785809149 -2.915265054360866
1.0384072808255 11.929021729939178 -2.834413101089535
1.0326045992228359 10.90763076686273 -2.7865612111434315
0.9914778991590907 10.363887458848541 -2.7891444725270715
0.912865011521274 9.985050751762383 -2.9300989154113948
0.9537954430326607 8.869662114954012 -2.8161325092604104
0.7773193590059979 6.0623449979218735 -2.994782227404585
0.7242321372381487 5.04457380157943 -3.026379348894308
0.8485457220945508 7.6581108333188554 -2.970118673762792
1.0187603358390764 11.23169166498818 -2.8964084103955985
0.801858393023008 6.383081335034258 -2.8708266386834875
1.0479252093607208 11.896360131751557 -2.8200394288946082
1.0688467649339328 11.693864863703316 -2.8483533543454285
0.7290222605005388 5.6073385025434135 -3.0026534767481197
0.9175852936849309 9.42885944927039 -2.8268506264688673
1.0464224626242162 11.112263094905682 -2.8553184282012927
0.8248521781467366 8.009377611908807 -2.990991617368425
0.8493188065872445 7.00159066823114 -2.8480737444888975
1.0275166873770887 11.80311432666289 -2.8416656221304684
1.0311852765891767 10.918599220197919 -2.7882768492798977
0.8191397418205405 6.486680859447682 -2.9085562880060483
0.8811294773554901 7.758360086650052 -2.814640637390018
0.7974786864730485 7.151834801077454 -2.917581620212422
1.0481656097743273 11.973809671587457 -2.8710403605802646
0.9456413053025033 9.759368073178099 -2.807386152784864
0.7572345744231694 6.471318062276922 -2.9943576816978945
0.8758842382629273 7.9194016162843806 -2.9366387946092685
0.9058553001627583 8.719602257267182 -2.808653458035561
0.7590762309303062 5.701820819897959 -3.003418337180607
0.711598322519402 5.279921688377323 -3.057543940459773
0.8717185248851277 8.244199634920172 -2.9634434515384465
1.0522325535311512 12.080371536193612 -2.86212340211883
0.9258109803967433 10.225460762053938 -2.893660875224902
0.738638200535486 5.218793542608723 -2.9701949530317178
0.8337442171666449 6.8558154714752355 -2.924317474423077
1.030047766125462 10.483942321004715 -2.8040202487102004
1.0425708244106446 11.8914157917375 -2.8289981443859356
0.904569745864584 8.496615276378058 -2.804445326485575
0.8076250721568649 7.471651293095676 -3.0067748431566006
0.8774224893626459 7.750150435537103 -2.915160273748933
1.0007765719389021 10.238143841761953 -2.785902871571877
0.7140873981738519 5.139671904852544 -3.0233701863187594
0.9080191752636663 9.485343481462824 -2.849897099570494
0.8431816287189191 8.134228039135582 -2.986812550144607
0.9935749758666557 10.050181993462182 -2.8757820371863274
1.0182340223740571 11.441062071623119 -2.892935002189969
0.7353319792954007 5.543336969356248 -3.0490882921988645
0.9661870727230955 9.336936734868663 -2.867465363035505
0.9859477668911338 9.61122230658886 -2.797189011877095
1.0689414004679063 11.63959438797054 -2.837946768048768
0.9867488719013745 10.494989839314576 -2.800489191495829
0.9967678117924885 10.267738469888517 -2.885213304595561
0.7449171089867718 5.703599590657837 -3.039444575454318
1.0627054278226846 12.115530539574847 -2.8516803460200513
0.8932213826580894 7.7801347672782395 -2.832030334633779
0.9460067675839496 9.25819579119754 -2.792476131503414
1.0646045907095456 12.096618741718435 -2.8518677263937358
1.0475332816503369 12.008949583941504 -2.862036073107543
0.9597301521024069 9.356506591204262 -2.7895823889194347
1.00224322011512 11.230725850743536 -2.8282977719050693
0.8756154752238734 8.962359475122547 -2.9654198492021444
0.9609227345946094 9.382700152793024 -2.789516381274783
0.9614239610441411 9.983396511381981 -2.9191083734274548
1.0585869666647718 11.225994726541924 -2.812823583258261
1.0386195722304852 10.797982635798586 -2.797893930170793
0.7517258238061945 6.204050495445617 -2.9820816719750587
1.0554880877883537 12.060636915543638 -2.8387530765283833
0.7317614218224077 5.232832253408653 -3.0237977473832256
0.8390629093175317 7.14361397145463 -2.9447869518158334
0.9704001423100986 9.569281509453106 -2.8806901964537697
0.9407178759097043 8.880624978187418 -2.796175609223347
0.7640634534271586 6.232819705206999 -3.0310828304688315
0.7644408110916268 6.141766552459656 -3.026428955353332
0.9516308581503867 10.67011172401353 -2.9009488860865664
0.9274373947154497 9.491754787241195 -2.8190174373356434
0.9217137968022254 9.71786032659188 -2.8435702087282895
0.9038361564911634 8.33391448492516 -2.9105268632375676
0.7620936338128763 5.60461417706238 -2.934244185775454
1.0704101137232436 11.897888949794035 -2.820016967408658
0.8942409652145855 7.832334652812715 -2.863263993670092
0.7871342185938859 6.345151841143827 -2.8932804186629113
0.9223943651054007 8.821623197417509 -2.8002666382859074
0.939176737002063 10.004656381948628 -2.8345211050764085
0.71611064040652 5.308566061650307 -3.059570977685561
1.0313747400613773 10.97282490175882 -2.7937530098950862
0.9648578583333617 10.762691188762643 -2.855378921691047
0.7694129393316802 5.735376358456253 -2.962689692838226
1.042145247272353 11.929773344973377 -2.8447470810614255
1.0325651353845058 11.031517288794735 -2.8689787806644205
0.8620968400113517 7.53339241322297 -2.8267374473807303
0.8058242840770705 7.279592070961309 -2.9085851530553155
0.8587802785077441 7.306433264363291 -2.906017058033496
0.7438646147227684 5.326729425161563 -2.967191041572258
1.037486639629573 11.557530621076507 -2.8771159242838644
0.8550228531107136 8.073509920340948 -2.9744871203530696
0.9095259178924772 9.516536878210548 -2.8521101562568907
0.9798596032000346 9.956734661286312 -2.7904432278926494
0.7111052209427663 5.064519262189797 -3.050389480440525
0.8410683122801014 8.324295104989295 -2.9138570327266966
0.9502118297493214 8.883006883252335 -2.84008909393804
1.0643265212291333 11.588726444045644 -2.8128068740330137
1.0692766546054255 11.744499043937761 -2.8280920140077486
0.9319420225268806 9.338013623803022 -2.80777028613293
0.9389934849196421 9.826743025895492 -2.8237997349304247
0.9035601274215361 9.718095756970845 -2.897365628691471
0.9501445041308735 10.188346624562403 -2.83129381007823
1.0086189000324903 10.457368621320875 -2.7911623234682583
0.7865044491211212 6.309990028218445 -2.895048792695686
1.031085592661559 11.76914713889592 -2.8457495790695466
0.9593629026442629 10.472363302395117 -2.8385455007401523
0.7253481096811621 5.119896180773335 -3.0157030104724694
1.0312205317700562 10.770160069103579 -2.850605516406513
0.7714029265702274 5.840483252252933 -2.9737603730629125
0.9856407967977057 9.959425921842096 -2.8795327014247265
1.0140767634095855 11.587023632063993 -2.8584713827130255
0.8410771146655986 8.320247372361358 -2.974967450821559
0.8768361054862313 8.631734598712477 -2.964044341622905
0.7878828497521377 6.079321137298253 -2.9518511669550973
1.0295485608972363 11.168706497564193 -2.876108586956489
0.890666512685052 9.45670032729147 -2.936243670226352
0.8003792758801043 6.306252885787548 -2.9449251666571774
0.9671813562770265 9.938194942098562 -2.7987136724991304
0.936944799731251 8.689272147072895 -2.8093758842973404
0.8744843459865415 7.476285390020353 -2.846141650833869
0.8886918910255419 9.175235792461335 -2.9554549515787487
0.7413902378786943 5.388380567191193 -3.0070644192088802
0.8247289057221823 7.166713582287632 -2.861733210109169
0.7890502669650152 7.098541973304206 -2.9492119742265324
0.8050985213276975 7.431791804504921 -3.0008824946200776
1.0165130133048403 10.731282579224546 -2.794866953926255
0.936119824870169 8.619577821597716 -2.8392904383202966
0.7843167683605556 6.005659892617208 -2.904594190960484
1.0332876414338725 11.177972045417771 -2.8017761151598437
0.9914323449178069 11.19418009229726 -2.8922753781047117
0.9696993705911913 9.539563786239587 -2.8749122166015777
1.0650965338390264 11.714154319192147 -2.8320655800878556
0.912398924548934 9.795087212279654 -2.878703899725308
1.019489061358136 11.61910820977219 -2.8522479566388705
0.834413228126607 7.614650180055287 -2.9819034380118103
0.8194541090231013 7.437015592141101 -2.993668105910163
1.0254380715934612 10.869949377336988 -2.86756236282967
0.830019485377815 7.577597971363152 -2.985800349373619
0.897102902524916 8.706582238953748 -2.8232803798342365
0.8619217689294585 7.498539640490044 -2.920268155011746
0.7795777690788934 6.430570043237239 -3.010983360345667
1.0508745452688697 11.864383273013337 -2.834324137801293
0.9805344795839009 10.697395550807716 -2.8246744723272403
1.0207783651113367 10.882114424284225 -2.8744054222719333
0.7333242891703847 5.573103770993734 -3.0438895030286353
1.0029622438855355 10.969047869279855 -2.895559242263568
0.7546115567771026 5.575762532953297 -2.9861974033356575
0.9439254312533285 9.309246386015593 -2.9060118768417054
0.8318066687754937 7.174202660190954 -2.853435954133989
1.0029444416941424 11.400522885246435 -2.872316909384101
1.0274049594911943 11.624648796552494 -2.8717771110272414
0.7267237988727833 5.378076310234205 -3.0062157472603657
0.9570304814264131 10.170205967497047 -2.9211357125978266
0.9725140718934819 10.938831525004087 -2.8734779420544365
0.9545129738965064 10.402256137784097 -2.9195831236145002
0.9880643264380714 11.040996709575115 -2.843750898929721
0.8291622741162193 8.124441967456908 -2.965554486877262
0.8251137825873899 7.739615170069191 -2.9012451666312136
0.924051776190018 8.990782009433634 -2.918209762215807
0.8975485546973865 8.920613336001482 -2.834764569301015
0.7880615162988838 6.416275849567858 -2.898518658816901
1.0453378479372546 11.033159499295436 -2.8244162103798622
0.9318558291364367 8.628623417450942 -2.8112665697882893
0.9127500115949673 9.883361618116268 -2.9160604482814834
0.7871735670346515 6.5279217278408295 -3.0015600957631694
0.8469531554999037 7.1217192463671815 -2.91038484182558
0.7902458979277877 6.138754343074131 -2.948695996522099
0.7903598313979301 6.4388331083883426 -2.988383440819466
0.9553042713901225 10.657657537771108 -2.889029165705305
0.899536089638636 7.975786095933245 -2.8612148520036937
0.749870473816761 6.15970451177018 -2.997483648237538
0.8817870568168702 8.604980748138248 -2.9563966921408067
0.9992502019140465 10.081470266089688 -2.7972411713154353
0.8781755206026074 9.035773264635361 -2.8879053138191413
1.0065799342269575 10.393161891761721 -2.8674041552192793
0.7855591478350321 6.782746513139721 -3.012229643758396
0.8249024004461958 7.107619695307145 -2.8618602162082847
0.7923176249478516 6.379235874502263 -2.8915164336946226
0.8665392356389159 8.735909447213974 -2.962775447114613
0.9501866335090395 9.19100167524056 -2.7984017230557354
1.0157168852387173 10.48164056078344 -2.85437807685972
0.9694995657536007 9.33004128817498 -2.8112225621817943
0.9731771375251407 10.578437854994629 -2.8286628189162144
0.8986403808975103 8.19077689670343 -2.901312072265542
0.8574470954180566 7.44878616690742 -2.8352821671001855
0.7916625275915088 6.429408149679138 -2.983381873516022
0.8454698946929546 7.09977406924375 -2.910436099053292
0.9554714248620547 10.312578740147837 -2.836801472508739
0.8342238874698459 8.061296902673993 -2.910305494003972
1.0137070436116846 10.414883031478244 -2.7995897160707313
0.7503961109367158 5.594432174212986 -3.0012994996407873
0.8768463665933073 7.918862223100259 -2.824079855275132
0.755702384733886 5.771879396463074 -3.0083804426014153
0.8446607594169774 8.1883627581658 -2.892197818764509
1.0190466058901158 11.528636615013681 -2.8694834918693046
1.0290759494142991 10.665870548719944 -2.810815489628701
0.9157534788211008 9.809010788963068 -2.8758705096670707
0.7690300004747812 5.813683847074587 -2.9685477591979583
1.017072894105819 10.352390469810523 -2.8153290348092996
0.8627576460947646 7.32357092901742 -2.878655937243459
0.9525461508882523 9.481677322742085 -2.900185493028059
1.0316780614181595 11.108137429276832 -2.8639824194888464
1.0357072585808287 11.3304303146484 -2.812519396397377
0.7298943132319052 5.405039531575188 -3.0326470924673163
0.8720744265790372 8.113908885347621 -2.833722548191969
0.9237072868381773 8.507911315813939 -2.867087863256102
0.9286554489056098 8.691537209257866 -2.807122036517592
0.9395426251493568 9.684976358629928 -2.8196443004685805
0.8787781470013974 8.422040502841988 -2.952397213930814
0.8621538120300276 8.736053334606249 -2.904987497813658
0.9357052684759042 9.520120655247297 -2.8161746955815454
1.0321696838318712 11.569325094401012 -2.8660538803378603
1.04338374940181 11.682285933044973 -2.8531824741155405
0.9781567197570475 9.790941827223946 -2.873884276654774
1.0284894166233893 10.679452839124586 -2.8116573486163743
0.7584413648633641 5.62688525948971 -2.9668751993635705
0.7778589904326937 6.807750730886799 -2.9652200827902684
1.0134600087791326 10.289239247901001 -2.8229038752068076
1.0149801189102954 11.389211289215158 -2.8402399256683455
1.0400804252234923 11.54928002506 -2.858982746587888
0.8789065890175459 9.171125167034422 -2.9262155207272347
0.8358058517925164 6.940710488385774 -2.858393230848699
1.0369106034041098 10.993467387534977 -2.8416777954996286
1.0504136743218426 11.610222630369103 -2.8329469243190832
0.9726949147653581 10.4671551179413 -2.824597925798697
1.0411051334801054 11.59009339896414 -2.830852643936856
0.9286312926726684 8.845326817479826 -2.805811934491226
1.0347697875838666 10.872827464868688 -2.832409879713041
0.9235615202400171 9.261808501674711 -2.819700237316242
0.9747758845290793 10.112953411848288 -2.8047979681942525
0.7573862401961835 6.02550176866398 -2.955962042056379
0.9057410364038343 8.731649333401448 -2.928142705555132
1.0320832774643067 11.126051273224151 -2.8102448548176246
0.9496719136092783 9.073849165238736 -2.86472478886308
0.9977952665168905 10.089951502613847 -2.8532950663103587
0.8038138698156073 6.377177077915034 -2.8906271772631276
1.0248110961599401 11.062777364627983 -2.867869794292525
0.7398662402871576 5.521135945283754 -2.9821230189707855
0.8291668398612076 8.006926121431146 -2.9280773891991463
0.8749446677052843 8.506207763464909 -2.851619798048658
0.8841554385848143 9.013416939205237 -2.8733831777893295
1.0270799861219466 11.551273412832575 -2.8515593000240944
0.8412004303081391 7.353568717121343 -2.9496495521207833
0.8701316388389979 8.871688064753991 -2.899445324385408
0.9011513580343373 8.196885175191547 -2.8187915574712825
0.8225834167368458 6.679045656628039 -2.912407972197839
0.802060862576314 7.379926942372622 -2.9880620905158075
0.9865496934058938 10.806703273024166 -2.8319847171010446
1.0203325416836988 11.45198862871979 -2.864496159676611
1.0227635208526598 11.497367038318904 -2.8551215638878715
0.7636294728275944 6.442076781080728 -2.9828403332231783
0.854836390953638 8.395258148061655 -2.889112806025837
0.8972605583387804 9.492803102789924 -2.901557250824367
0.9231021713622909 9.139221661356192 -2.9221932400499
0.7465426018829628 6.006287387270427 -3.008775523909474
0.9218619008244224 9.559044798333064 -2.841360024590868
0.8551022168297919 7.6495310614839935 -2.8427926284213783
0.7481707843719915 5.688543929979524 -2.9669856395059244
0.8585093087754615 7.702550883378898 -2.840437421872324
0.8212665232633035 7.3302558111761345 -2.981085620072067
0.9163995059878249 9.874950810009874 -2.901964025011992
1.044562430518723 11.320181161074245 -2.828421716032542
0.805014052321791 6.450525609023644 -2.887582710125061
1.022785920004804 10.9384824094784 -2.809725441296962
0.7820444847358219 6.9334254541675575 -2.991287134460321
0.8797063612820772 7.984938460073224 -2.8271043266842635
1.0264809080463262 11.413478028562295 -2.863741528879368
0.942767202688557 8.886961006207809 -2.8530730551439762
0.9998929689733435 11.11594026109266 -2.8825045081561904
0.8605141710846582 8.709261461842637 -2.947205012011505
0.9712606423610949 10.159058415344383 -2.9012192009318154
1.007437742995107 10.858188653360383 -2.8803062982235277
0.9966926842231478 11.166227495073214 -2.8725274109401635
0.9821181490871596 10.213371662347152 -2.8896694329086356
1.0066509459452218 10.22825015034241 -2.813731378382952
0.7430776419648337 5.875610751360309 -3.0119210105971193
0.9563479364867269 9.230077728760454 -2.861497083363183
0.9635450768149231 10.470414006685388 -2.843324047080347
0.9322173094840505 9.459605483705591 -2.92190880737639
0.7422535323321998 5.649617043011627 -2.986076806468164
0.9655231636189179 10.539790568727387 -2.8467184145489077
0.8374587647182352 8.197826301177592 -2.930174830241449
0.8423226501806966 8.11085996574439 -2.970951889711369
0.8960143421143529 8.131704128464833 -2.822781182225263
0.7788602373990221 6.691128006129592 -3.0062281006631433
0.8270067120043056 7.7212965135272995 -2.9801686877967906
0.9063245453816509 9.104025435121708 -2.937616197183039
0.8116124628580696 7.5351587519587415 -2.98277091554455
0.9893112504210666 11.051323616561044 -2.8696354963065707
0.7708622759723536 5.8630497551611445 -2.9470779937842053
0.8933070727813992 7.917632039901728 -2.8539261436299634
0.8705137600403688 7.941234599018674 -2.9338164026873623
0.96679602889791 10.036455768639879 -2.8123988084699856
0.9219882817736558 9.447409141424103 -2.9297393305610564
1.032714278512377 11.448348865100648 -2.846144534423798
0.8983263151113792 8.028610208167128 -2.8610710496952376
0.8641621513808881 8.59828695961667 -2.8878481912616474
0.7964088598169848 6.2572858343611095 -2.92387987743938
0.9925703408454984 9.987533968248432 -2.809568294012933
0.8020742400357914 6.594010385456457 -2.8897556482713385
0.8543382869455927 8.464711111673086 -2.9582553612807354
0.8211123050533453 6.656537426009321 -2.897842884861088
0.9202338663605003 8.434048963286862 -2.835038985618398
0.7403669963184141 5.641261701732751 -3.0078804571255127
0.8110773101190971 7.58078045022135 -2.9491089826467753
0.876706686682287 7.776540245166643 -2.900768750748885
0.7731348841083961 6.647372570411835 -2.9994559100831144
0.8670852145014742 7.877784964509017 -2.8381355875708785
0.8141370079044452 7.599966006880045 -2.9356302873217945
0.9186947906489396 9.354542480324138 -2.83578074140976
0.8826405663462057 7.834722338864073 -2.889345045102605
0.8950766088622416 8.429118822357967 -2.922418385493198
0.7659981558325393 5.86321945755016 -2.9422281857036303
0.9899298323761708 10.20978261397512 -2.8059358703960093
0.7662167736767935 6.479463803160414 -2.993391906413306
0.9627361896637865 9.313201078829497 -2.8443165934673322
0.9699920068138326 9.57242567267273 -2.8081297316340486
0.8240476847082228 7.187018905717528 -2.966144007262367
0.8829034474340571 8.55974492746818 -2.845318350616238
1.0084903197745219 10.811239094403762 -2.815818921746385
0.9139710739160627 9.746966774343953 -2.8894339371798603
0.9589855893564108 9.572507137343312 -2.806543873031389
0.7685710763616942 5.960552519976426 -2.9799667878271574
0.9228192268165188 9.895517728943101 -2.882130214272234
0.7436343333816638 5.74995108101942 -3.002495417435048
0.8801704657661281 7.96840130814764 -2.9132201422710278
0.9778203977027597 10.53235402602612 -2.829991798142339
0.8332954119798766 6.884878335389079 -2.8938302830641778
0.8324370880693551 7.567973453381306 -2.879119802454401
0.9287017458507132 9.84597815607681 -2.858204773680533
1.0256455109626805 11.326931107196826 -2.8476496007189174
0.7730531320946467 6.613726743907755 -2.975341239180218
0.7734584534023492 5.943968513633533 -2.9504387004834003
0.8340032844980498 6.949695180839282 -2.9100645246013928
0.8585779529270066 8.46517322139452 -2.892596519915757
0.8691772294958039 7.564086536522663 -2.846649107739575
1.0158278992080594 10.913386527974179 -2.818804660594661
0.8701080519660549 7.561471467029472 -2.881984277134773
1.0073470976221062 10.848673656409098 -2.820205978320776
0.7602453226496155 6.251345077040995 -3.004981441768203
0.9166209929018521 8.396827824394254 -2.851108177690848
1.009099973447955 10.703539446693341 -2.865987196085568
1.0258292730966736 11.227599640424685 -2.853762909266155
0.8107850820040585 6.748425619836662 -2.9560025880374843
1.0080703194326854 11.116798832514538 -2.870073706525346
0.893181579112386 9.27854835468839 -2.8894231334811034
0.9666866644910501 9.451939875497068 -2.850725179449176
0.7575216896995011 6.194463009959992 -3.0001901074617288
0.8052271538701925 6.455218793391661 -2.899226351623494
0.8533771400874991 7.54192255035176 -2.9325616990565186
0.9151764613788399 8.926929632603525 -2.8219385949279148
0.8515519194724566 7.295236269188678 -2.905736925395119
0.8564276092959683 7.487924876716166 -2.9188221826224283
0.9893423407335964 10.759937354713067 -2.886523084657683
1.0069343444569308 10.351251089614307 -2.8392449846153083
0.9734183800253959 10.038268422087043 -2.8880639310569505
0.8284690898670475 7.676212848723131 -2.9746816043656903
0.7690161212986439 5.929241228560741 -2.9675885126579846
0.9460564872024293 10.238315477244079 -2.864450069092337
0.8570889967215557 8.46547158580855 -2.955013259757714
0.9155001029480878 9.75670222179601 -2.9112689729593546
0.9245647669955104 9.920054455115176 -2.88616076552036
0.8927106903388808 9.024535534061464 -2.9409159446824686
0.7976058015340495 7.23361357016549 -2.9662461896421446
0.8610484958468188 8.598137580940072 -2.9488392287528704
0.8868706705261111 9.18353126389609 -2.9284961002107073
0.8142438752164487 7.4833097167696945 -2.9795733040295813
0.7637122000230208 6.334908097708181 -2.9983146272987806
0.8661733759978648 8.763873840323672 -2.9367730097375424
0.7605411194448273 5.944031419151004 -2.95770294716256
0.8994118222727521 8.987373390803118 -2.9363473194754333
0.9997931944173448 10.513380216689672 -2.8142289167782106
0.8655635551392726 8.01651283717937 -2.9427091070542986
0.9782435152696909 9.959377910089925 -2.8736096204200754
0.8127298718238448 7.57556842656542 -2.9510792759266677
0.9841366897149245 10.28609487771125 -2.8142957693418786
0.7649510565304962 6.370771546020439 -2.991144285210252
0.795638074478632 6.43753107787288 -2.957826511482252
0.8121168682112458 7.02067194048312 -2.8915797517053674
0.9849188232285305 10.87682716889836 -2.870361393085311
0.7857842607952306 6.160491131483492 -2.929241639818843
1.0117922598368378 10.507975981399039 -2.8262953388762515
0.7744386165352215 6.616118709724253 -2.9885614343967575
0.7606957479262051 6.225685836343335 -2.987616056334005
0.9417298062082896 9.536300047662177 -2.820324110019128
0.7658557384436094 6.382471054416468 -2.9866144801624825
0.9124536419425676 9.665401709917084 -2.913334730228791
0.9375564817551094 10.030016271591563 -2.862706899618142
1.015778570047615 11.118556774536001 -2.8388470112337942
0.8637657422913566 7.629995380975815 -2.8442580296084223
0.7894222485704183 6.383306791637082 -2.9677672812508304
1.0087094874985292 10.92204909676145 -2.8284426778326877
0.9463279848624448 10.08666528378912 -2.9090245572514464
0.807581674089596 6.887433390968566 -2.971666519966605
0.9532212442345986 9.44106191080934 -2.8119109993697595
0.9348536904306054 9.092688591595227 -2.8912581093117664
0.9793827480884387 9.928556456348696 -2.8669083742142107
0.8480548190951641 7.427169629852056 -2.930702176549859
0.9695610545376403 9.912409149324116 -2.8129762170617423
0.883049410415166 8.889515437281812 -2.8748262993817058
0.8048266497512508 7.022256968885289 -2.9095253903239557
0.8293399117655716 7.19488841894915 -2.95125718918767
1.004746360256279 10.859730557907401 -2.8694220704289632
0.8219369324511632 7.59652829222596 -2.9736074919822224
0.9537086635979397 9.174973400730924 -2.8325034814656056
0.9919671119622817 10.038869171052967 -2.8387752084090216
0.8454611365188355 8.302737503131041 -2.939452983956367
0.8704309388584518 8.291018468067874 -2.945925556068265
0.8271704345510751 7.7928704875829595 -2.9206362280982257
0.8532404522230846 8.454199389651972 -2.9227511093583347
1.003563036072617 10.507123598446515 -2.8569570399218494
0.8240513009240562 7.06500816380499 -2.950496956653119
0.8552147909543742 7.582546230377036 -2.8509192268805728
0.9749973598378572 10.618781191025304 -2.8857391953556553
1.0099298723999424 11.063489485312669 -2.8511995935551138
0.9551153317055974 10.129839023937866 -2.8395933232722816
0.9474789765621358 10.27007067803142 -2.879754215843326
0.8129480914780438 7.465592173737955 -2.9728153470192904
0.8268838736345581 7.756548802417182 -2.918041068524105
0.7966731162944816 6.440014647004643 -2.907735069504138
0.7954930610763211 6.787026074707202 -2.9824184985292304
1.0055412777347144 10.765829982512289 -2.863699124949838
0.772974915966255 6.484820639414521 -2.9911354705062716
0.8380906370670269 7.969784030763652 -2.9622218734356185
0.7585924809003222 6.027922362309863 -2.9826314677776473
0.8778113429905645 8.098846352898484 -2.8392367218250216
0.801325562521237 7.131839893232598 -2.980971359572269
0.9974660183801606 10.201178708173801 -2.83183456061047
0.9057481821265447 8.315438045147216 -2.833402631020875
0.8846276339580179 7.903759167370978 -2.8442880441011873
0.837201499565757 7.444838228990836 -2.9517869412259534
0.8067578844664052 6.854256958724604 -2.967353828494516
1.0058772701420047 10.491888787948346 -2.8264100533807786
0.9313756843981682 9.144637199005288 -2.820119596993472
0.924937945623252 9.657571541870244 -2.856298042479091
1.003535814771966 10.887171209154252 -2.83926657818773
0.9699217850663533 9.8047939112069 -2.872465140322467
1.0010996238714018 10.927329885547481 -2.860934183872453
0.8205355407198617 7.0861718964171985 -2.883733046162184
0.9173781380166217 8.531325205135856 -2.8314731896666947
0.7965244629739383 7.116819640933329 -2.9605151579500926
0.9349622392687971 9.000349600228802 -2.8778404266123148
0.9932343646998165 10.11953859874712 -2.832154028157288
1.0100434923029264 10.817948667799392 -2.8324548683719204
0.8004166621466886 6.438225835635654 -2.924666362105956
0.7721118943385168 6.36099644374697 -2.989485446850251
0.8422291175357278 7.575262142585235 -2.950298031318077
0.8446733944191023 7.180857707553258 -2.8718844975402953
0.9323659204325697 9.674932067706617 -2.913647529983397
0.9859808394798355 9.977023981997434 -2.844407652580613
0.9603683915847252 10.416742826017053 -2.8668375341152252
0.9818122364439579 9.850591089131658 -2.834122634995964
0.9198631892528041 9.229330062198557 -2.8352118795858097
0.797651664525656 6.427444467518528 -2.9139212833965265
0.9658327624319588 10.400433919821303 -2.849720210746103
0.9648381541372658 9.984752823412983 -2.8894514800805657
0.9794017914716227 9.856001942149335 -2.821569462264902
0.997541452678639 10.669749735137469 -2.86774692617355
0.941821664741079 9.294754915270158 -2.8884179727509087
1.000554264876879 10.768806484718528 -2.864342067868453
0.7699470847932406 6.083507176397959 -2.970178267365063
0.8095259244045427 7.368372799807456 -2.9698512004878994
0.9741178372428937 9.795154219841365 -2.8588505185704647
0.9116746498942396 9.360813545743435 -2.922947744959609
0.8664923249218337 8.698486075423867 -2.922660753301872
0.9197946921238815 8.652307488594687 -2.827684375701158
0.7742775171510208 6.164807619915004 -2.969586287018253
0.9361523152331357 8.876155777113256 -2.841603959448137
0.9564161342032316 9.605087420520526 -2.881806888775412
0.8768477855574444 8.408882142737411 -2.9381931910322425
0.9362771147476973 9.944567790396638 -2.903593537653535
0.8868586135672079 8.952354729131923 -2.9334679710621727
0.8718931945711699 8.774372255172754 -2.9057551849461483
0.7910397731221614 6.330502525010023 -2.9359581929267637
1.0070111860173887 10.665692029709483 -2.8418586288988648
0.8879350204409727 7.954685114829303 -2.8634124385828286
0.8290025575802672 7.76448877323273 -2.9610335079893644
0.9364372663862361 8.898266730696715 -2.84749296290204
0.9898656511772219 10.112794299085968 -2.842556104806648
0.9838473190740558 10.532822222808358 -2.83715587732009
0.9841374675847374 9.952654850534607 -2.8351269518610596
0.8223128203250528 7.145710133372123 -2.8858800668880926
0.852650162980445 7.327709434831549 -2.8755047927535493
0.7994382896360637 6.956508651030613 -2.9766191149865113
0.9448125248636445 9.957471859628292 -2.902456582934745
0.9850535060469532 10.462541220476975 -2.8319592394179645
0.8565864734903912 8.351234933191778 -2.946375119099523
0.9561840260019925 9.745409924788516 -2.8231847882875303
0.8466111713565485 7.41702118878 -2.8629012242522798
0.9724919555264437 10.037882614216553 -2.822739105746119
0.9827778024487548 10.668577104725404 -2.8594470066484075
0.9071123814254667 9.255963564769342 -2.861437340799632
0.8603655979646718 7.878693507171432 -2.935151201065496
0.805583930982168 6.693166021939469 -2.9493006233972547
0.8743358351062118 8.222071014313496 -2.932267237308918
0.8404323315531106 7.423113565198327 -2.869205963761027
0.9801971044281279 10.205758174712935 -2.824867728457086
0.9531549964752815 9.446600578315842 -2.8731650571624745
0.8472186479663282 7.608602307338414 -2.9402876250988763
0.9977113538190655 10.443911845080194 -2.8505526572271753
0.8506359908939696 7.324267692424359 -2.894698657628566
1.0023631809418658 10.580674970515894 -2.83944352093909
0.9395395656982719 8.981182572568544 -2.83992780111459
0.8550584461341513 7.79956550248943 -2.9386720440128657
0.9596768809068699 9.707633356517405 -2.8796465659128945
0.9732041440807403 10.27450254572873 -2.8336371778657474
0.9961133669066131 10.570094219221946 -2.833853266021359
0.9612410771937302 9.771322595675972 -2.8223710967852984
0.9381755616795338 9.401597619139622 -2.8971692993808427
0.8868990962193761 8.02911676681096 -2.8853826765257025
0.9322723043751466 9.918643440057437 -2.88813317299576
0.8783118057531365 7.807551540007326 -2.858623463623823
0.7991910702264582 7.010651069699458 -2.9735919119829672
0.8256716785292756 7.345375410352339 -2.958803271872666
0.9719849763817074 10.511536220578915 -2.8707833437015173
0.9278426833024164 9.287271093168364 -2.8323558776277022
0.9128878569324586 9.567559410074352 -2.899753213389437
0.9200691323701327 8.60502310269151 -2.855427186011866
0.9115712219799095 9.421611761161351 -2.916525090565992
0.9059035668942177 8.35708910860485 -2.8409266543843454
0.8972369631905325 9.231869597343383 -2.889167581582852
0.9571677841986646 9.842058481357167 -2.8278469580209773
0.8240895728268514 7.6900705115188845 -2.9538409070105045
0.9270862276352481 9.484219911974936 -2.8443006857597255
0.8880151320274106 7.9967697295026445 -2.85326424792218
0.8011473225121672 6.929782010350443 -2.9717657035438045
0.960700624128076 9.517033921588203 -2.8258304909121668
0.9662860709407954 9.653992469247822 -2.8252637104227327
0.9545797583111695 9.403885389122756 -2.862168598110609
0.8809874325171729 8.785558566946353 -2.9337422562586966
0.8132962866311471 6.718815092990146 -2.904039970497306
0.8059526101214963 7.265445368008578 -2.953001589682969
0.7979247516278574 7.031786130984999 -2.9480502805491344
0.9398118058732015 9.879394816157824 -2.8549734689735606
0.7928000273860846 6.454741885354582 -2.9249084531854934
0.9689570273152184 9.782061268773699 -2.82431136424188
0.8011186544816609 7.012675910929451 -2.971227947312713
0.9838918079818493 10.055658278918635 -2.847141365751252
0.9769333430990915 10.01563758716712 -2.863992007909342
0.8359290987700992 7.166361871883879 -2.9199051469454442
0.9050098297527831 8.784897873709962 -2.8379486197039085
0.9075382408675225 9.156302925708419 -2.8549671433842927
0.9893940327305784 10.21670174170338 -2.8461304822177778
0.7861100844644938 6.545155759523878 -2.971154036770936
0.8520639136312911 7.643965306366761 -2.862875714697337
0.983539917615267 10.589644708466636 -2.8578039163591815
0.956923632813294 10.26997230544543 -2.8746666719217853
0.8966567092563922 8.564337947266516 -2.8399473353644424
0.9795010172638268 9.935522646988488 -2.8387214072714695
0.7919617886553445 6.4379161533942915 -2.9312488465103748
0.8918812260479692 8.361811850565347 -2.90770151430299
0.8469561465323736 7.332909020049003 -2.9066081612910555
0.8577686074665393 8.373998980276223 -2.9389806671243415
0.8537508026378786 7.554475362372747 -2.8620795337193656
0.9403945476747424 9.221706686894539 -2.8773697344458897
0.8955888730861973 9.153584951525406 -2.9180062306452736
0.9263425694860119 9.153437694559596 -2.8990758290437073
0.8652680080759746 8.358035189965033 -2.940634741239041
0.8858850826635147 8.985175316019362 -2.9193673913792315
0.988128647198361 10.353829785667461 -2.8569586162550964
0.8554746496772794 7.9727763096992295 -2.872583534934191
0.8573602989325151 8.092081391847397 -2.9434310938081563
0.8412061623567585 7.3949943695029 -2.872391930756412
0.9152866809467632 9.25721322641347 -2.8506501227886853
0.9358623311691298 9.413792663713526 -2.8970790759261886
0.9308009356659372 9.100089221351947 -2.8287225341082625
0.808231471414401 6.763980168623815 -2.906768819206209
0.979861842069089 10.429876573036132 -2.8464323842064307
0.8863486798381547 8.33292986115243 -2.8453741702095736
0.8824302759719034 8.01278879571791 -2.8916727673903733
0.8438644547374238 7.242325618523353 -2.885363402810638
0.797020272165125 6.731831873845 -2.962542697502106
0.8463615065477568 7.487273625607066 -2.8692131584784777
0.9492780527100393 10.075189931209804 -2.8867363911252157
0.8717345366294222 7.732419253798054 -2.8686671977123366
0.9199675881258993 9.633485726011992 -2.8900773649323384
0.9750059552590042 10.264681385306414 -2.872342957367098
0.8358389467181558 7.333796529347899 -2.935500979757361
0.8752820159555651 8.582999217592144 -2.933564760851814
0.9461988387392042 9.238104722366874 -2.8334796629596406
0.9884855728814761 10.393145713686343 -2.8505689128369456
0.8471434853644282 8.1747076032951 -2.9288148980344877
0.8818309294148506 8.765212541797503 -2.9287424292265287
0.9288866454123978 9.291297441332718 -2.836026347552158
0.9265883976325753 9.146798229091686 -2.8959686119520454
0.8431018602684227 7.810007832471856 -2.9483835584118383
0.8679721757706838 7.690158533960092 -2.8847052793175996
0.8348579565478597 7.321809597454519 -2.8804761371944547
0.9785188505042897 10.00295134713721 -2.8424656774283044
0.8498676816355606 7.717790105290181 -2.8713461474084
0.8095821097923581 7.051030429889738 -2.9155714704304216
0.8296353529457275 7.180735442859509 -2.9336062682635236
0.8264431778524969 7.6883078595231416 -2.937268748943009
0.8754279008517378 7.920807373768696 -2.8982724705495153
0.8448756652861147 7.874351122458925 -2.947222617033961
0.8312607882694797 7.0829609147426424 -2.9133105784291438
0.9326177105911522 9.463755776420339 -2.9000223423289593
0.9631681684477122 9.630191207761415 -2.8513404162217757
0.8705237366596401 7.937554942365902 -2.854382141832321
0.9663060727022398 10.258446173031471 -2.8749454452584726
0.8164751472620042 6.859514762163672 -2.9262697724362674
0.8484514509734874 7.395967538437194 -2.8737624920753806
0.8068864829312843 6.924504221365972 -2.9565078963208875
0.9384931620209049 9.715517615476864 -2.8495953739405326
0.8701850979902985 7.790109324939357 -2.8588678728516665
0.9318554670181385 9.75539539366882 -2.8958299017610876
0.9684127691885045 9.75478325161691 -2.8444257693609325
0.9704989201424694 10.259172493349967 -2.848289143833851
0.9740680275763633 10.31638975674726 -2.8497747896771095
0.8122742181043359 6.7873429558955625 -2.9253900624962688
0.8286120318142809 7.58117967385812 -2.909439419673916
0.8373394021634659 7.563412529779271 -2.88676472904277
0.9176332585931148 8.890283107777813 -2.8932470395356464
0.9414688403303247 9.95073694953675 -2.8773424076487
0.9557080584470665 9.467841851821392 -2.837508549917456
0.9631194022034282 10.018993506655114 -2.8396116303175916
0.8278550116988376 7.576621977017044 -2.912054070625347
0.8395196992520304 7.902524910065008 -2.943999416144207
0.9594726504974822 9.919881494264061 -2.838361273244455
0.8869648148203684 8.879713569420934 -2.883239476907579
0.9082985415359452 8.569905919729758 -2.8403674002264063
0.9234038539762037 9.54228983007454 -2.86505143187694
0.8431821108115356 8.035158137995749 -2.9350165437109874
0.9484822875057068 9.850850353791355 -2.8883200701670058
0.8798117836022845 8.82088530025191 -2.909642754538785
0.8802198566470976 8.543607649806464 -2.9271565216076993
0.8709634631581901 8.298708053417286 -2.930497482082661
0.9547301000333142 10.106167345038019 -2.873244343754939
0.9356357865119171 9.22726138887845 -2.8338187437316167
0.8873306669042549 8.942934479312859 -2.894516673687007
0.8859783669856529 8.937871698306154 -2.9083456084390296
0.9258698942229602 9.522221906499858 -2.8588504449197
0.8102555719432006 6.838839137786919 -2.9125653383359813
0.8648295238614033 8.30651331210584 -2.882579772835469
0.8469479255407675 8.109408388633806 -2.920870103928761
0.9160249182180502 9.28866585289871 -2.8574368726774835
0.9132055914437196 9.019398951164051 -2.905416972090828
0.7975956820172351 6.730542647270985 -2.950562220700415
0.8601127310748722 8.108953736994653 -2.877965772659995
0.9553612094507511 9.541202052514567 -2.858853384877193
0.8621263068319591 7.753560215042076 -2.909786645212992
0.8171226676781436 6.892656001374251 -2.918617108118598
0.8525494948805993 7.760567370857313 -2.930347567651508
0.8408826274014072 7.943495425292225 -2.9191444439149885
0.9504242388466155 9.403796748903275 -2.855401349250861
0.8555832665390863 7.5218001885029775 -2.8923985249179562
0.8486012158362171 8.134840276919851 -2.924743320928912
0.8103354309223795 6.867017662148182 -2.9380015120898735
0.9333238033274687 9.135060431509435 -2.8758208642916356
0.9004223141156238 9.052150181130507 -2.870145936078769
0.9390828153585532 9.62119811558356 -2.8467096855316605
0.9227300036102637 8.82637239595164 -2.842756664453363
0.9558337443544831 9.725727990170448 -2.8375520585225606
0.8085515707708398 6.938987059881191 -2.9194447666779624
0.9122138379205045 8.5728966713292 -2.8572749035259775
0.8240763271564843 7.296976448736702 -2.9034304812688507
0.9519994067448672 9.905168063203341 -2.8804016879625114
0.8622875705569164 7.905363860245629 -2.921479835691586
0.9087855608146789 8.5144085458077 -2.8603151422247355
0.9186531822279802 9.123235530250827 -2.8998245081255583
0.8588894214930369 7.667775474897125 -2.869442428780009
0.8107725133112194 6.920928071139484 -2.9169254447479607
0.8524522279640045 8.180069234675628 -2.912268407492046
0.8671522626840705 7.765822985555298 -2.891816715828024
0.8989927331154371 9.142194044440583 -2.894181973123167
0.884569426240038 8.831424188253779 -2.8919823590180918
0.8957727157209987 8.718012165719129 -2.8560067248252645
0.8943360844158742 8.361292620577146 -2.8908910138534294
0.8841608076712857 8.124821081816131 -2.8892650916899427
0.9663246302470336 10.016876381755981 -2.857899333688749
0.9215723314854793 9.213275661726929 -2.848167007433526
0.8911041522406511 8.835900389271327 -2.9161476494204353
0.9433361797472398 9.356294787588993 -2.8405680261431945
0.8338662354729252 7.437267070320134 -2.9366300415724553
0.8920959716871912 8.42836898418673 -2.9014046130614055
0.8428219652711872 7.700313119737085 -2.9369217258935767
0.8730323899280521 8.56781682096589 -2.895383743497453
0.8776351140526271 7.985375205706635 -2.862736906560497
0.9469792101772094 9.604279794938384 -2.876878050402827
0.9157057140821501 8.691702050017692 -2.852652045664385
0.9386355334186938 9.215127755972793 -2.8624479394100337
0.8932400817120331 8.282812160146731 -2.880580842028965
0.931210562366841 9.41751271180074 -2.891307569026405
0.8707254096507107 8.079835508488745 -2.91569808459185
0.8991765858374392 8.53896937770461 -2.848912518065728
0.8399569461162006 7.700088027372356 -2.938522195188974
0.8283461962250045 7.361206104005754 -2.939028946017789
0.9446061799741149 9.581722553032066 -2.844268694372645
0.9156210150090993 8.79022629840316 -2.879485866326842
0.9077265493470488 8.999700134207146 -2.856557888198747
0.8510509972228539 7.953373938863887 -2.892085161395914
0.9003702692209424 8.9900213025882 -2.8702606973541167
0.849452620271269 8.05830037475884 -2.9119141501951376
0.8122235460056754 7.054742697398007 -2.928445533105689
0.8903528029570165 8.364662915080807 -2.897372198618643
0.8877671695700977 8.219290413923195 -2.858061895325865
0.9438429781038684 9.699700852863508 -2.853951402750688
0.9324858831946097 9.593217371745183 -2.886219982940209
0.8495918822852375 7.856705446745953 -2.8895118933030117
0.8362121563203083 7.723119637464959 -2.9331867535993936
0.9105854506748683 8.793603797166798 -2.848259141622713
0.8322455947774852 7.2449479645884765 -2.901139590134875
0.8408494466140709 7.384136088313586 -2.892128286719905
0.8774197236758388 8.149907827177428 -2.862117547338083
0.8514024781586563 7.531725374741305 -2.895499559927475
0.8297625082076499 7.310456605674487 -2.929262061852566
0.8655494240173673 7.899675890093444 -2.907300736050541
0.9390825292522925 9.50321271669742 -2.849675108644722
0.8535310333869953 7.778819042638959 -2.9215632207434417
0.912987293562937 9.108556581961583 -2.898620843793415
0.9437529940042813 9.64038432799737 -2.85476243835774
0.9401264143736383 9.370941691420622 -2.866091855758232
0.913241235667338 8.70819793303209 -2.86307752501786
0.8695134509562282 8.444956129258703 -2.8998386243874563
0.8836680760377076 8.152032108245244 -2.8845717644760547
0.8778413857011111 8.357999178247645 -2.914607492239554
0.9046356614780959 8.5876979038966 -2.85454205490628
0.9401962696163313 9.590307733607554 -2.8564961188215197
0.8250012249830019 7.3121827692504535 -2.916080275805993
0.8250649099798564 7.36990516966484 -2.92163269660697
0.8733156825829393 8.027183281336868 -2.8679543913288006
0.8733240818669732 8.30128009238512 -2.9170982751901042
0.8267528245070688 7.3331858600069495 -2.913838324511173
0.8734719974093009 8.029007638543927 -2.8682285307347986
0.8799381084293151 8.587832443711498 -2.913282412956601
0.9147882967314414 8.868176338002877 -2.88164544655705
0.8454025405960244 7.654152056697635 -2.9233820599551024
0.8518023873959399 7.861158721759418 -2.9248310506676276
0.9179751073939598 8.890441874571268 -2.8532645813604747
0.8812275706530123 8.660570571218177 -2.9028774752818913
0.8425791120972017 7.6124975991309505 -2.896752091278234
0.8291893693710415 7.354002117898261 -2.91902587819364
0.8332482061288979 7.4986330814466005 -2.9137060973744755
0.8627926530322192 7.83844178764433 -2.900009775108302
0.8683036513411673 8.125317886064584 -2.9127280398216233
0.9015308779789563 8.903481817256292 -2.8992866707973475
0.8673104529301265 8.01597201969335 -2.875896431278324
0.8427270290838054 7.754616074331802 -2.910157897295536
0.907064979889086 8.661907883157172 -2.8711014818315563
0.9155205472104107 8.946015036638654 -2.8569571075358686
0.9096222627094427 8.939071438093462 -2.890411516440907
0.9051085682127078 8.630872140455928 -2.8715895871536428
0.9122737076780091 8.784964541661097 -2.865633515339568
0.8706901903703359 8.116411452412082 -2.8763441940293815
0.9219827490074457 9.247563763163352 -2.865780838863233
0.84611345885977 7.632879039960277 -2.8999857502761586
0.8659606932595474 8.159756446062698 -2.912891006254255
0.8849188209049634 8.399389208658246 -2.8698792322092315
0.9039061945960977 8.992795702674462 -2.8800140228470656
0.9062485653133971 8.812002538085357 -2.8627097843844256
0.8577346604991758 8.009505839552602 -2.8960251959082153
0.9105708829074057 8.94244488646213 -2.863936008537591
0.8714332298438094 8.287547950673286 -2.886482509593773
0.9050663859955415 9.015137611981086 -2.88466318459738
0.8887937891753742 8.694468564370784 -2.899245664407439
0.8707343793217777 8.35531413042527 -2.899835334538686
0.921468483529083 9.216376839510637 -2.8721768592388104
0.9204693850284852 9.087798982794112 -2.8700015204822877
0.877776365671819 8.44099442130758 -2.904647155857509
0.9044414301752972 8.69297003806486 -2.868433361447906
0.8544081909158785 7.827032898471711 -2.896527268004243
0.8645627910308411 8.129805842140744 -2.908268100572564
0.8809020526369353 8.35750931775387 -2.8767525722726672
0.8868922266676832 8.62368277996765 -2.8864698656653314
0.8931935923231276 8.657651809739775 -2.893480081249927
0.8587329237087666 7.966888269581977 -2.9050517958872613
0.859464890928174 7.926823700989039 -2.896803693313514
0.8705169284149897 8.20742626250074 -2.9031905906554463
0.8924208537412229 8.576049631180272 -2.8902130748582056
0.8968212315217607 8.592722492092317 -2.873536384385028
0.8624680208953155 8.042637633374321 -2.899536408405066
0.9019856611819446 8.842434602492023 -2.8794807766653827
0.8895988850326555 8.633823156382196 -2.891611169853397
0.8821892481481499 8.318312126746646 -2.884090381605128
0.8982299950500303 8.719774444518722 -2.8836400602053085
0.8707576042258549 8.177463956122581 -2.8923245297455606
0.873408711395839 8.199864508364659 -2.889887121641502
0.8881359603551997 8.490034806161889 -2.883698240066802
