mc σc log_fpbh
11.058652717823957 1.2321186102048822 -2.709433759661719
15.532526418799414 1.1348048616706448 -2.765029012991489
17.046218787442754 1.0059358193704084 -2.8493456496604193
14.043531324263789 0.6905662369848221 -2.7778395624943655
17.54484232702124 0.537009202095821 -2.6761092157454827
11.166607489709115 1.122209957401134 -2.716452590916785
18.80239275905368 0.6693243499769855 -2.902928862222441
16.56966174150636 1.0302862125893173 -2.77944181057436
17.63075110335134 0.9958114484242783 -2.7657939304456067
18.38754083577005 0.9299605725790866 -2.8342668234143504
15.001158528373905 0.8647267819374411 -2.8483711191002445
17.02275475289986 0.5653363309755115 -2.7395163165234457
17.48012279930067 0.5667707300206137 -2.6049136231594145
13.089485926333086 0.9766459720327614 -2.5819636893104962
12.629362731626486 0.8647828099376256 -2.5179952246374784
10.495821514063675 0.9320339705409048 -2.605111710533766
12.892702021825293 0.9623189188463114 -2.575364186420243
11.570916979705261 1.0657921569183266 -2.6665362928728618
20.276753738040725 0.827342786538312 -2.826442639223031
14.78341992614701 0.9763500796664346 -2.8026684236258275
18.97678782100214 0.5934550184980067 -2.8225994210477983
15.977993404044343 0.9543087396851554 -2.8115592114299077
18.757259783780057 0.7309047948794203 -2.8787123643153363
21.507872937193678 0.73223055734017 -2.7908429835231536
18.37267728483529 0.8794154637599283 -2.8333632083059705
15.603269983954705 0.8873860522954297 -2.60252246377409
14.579095063310064 0.9967916147858198 -2.7749240905751176
21.28350293968147 0.6204157245711573 -2.7802157136633427
14.132000791276246 0.7163322860056662 -2.522825621985719
11.430612591449043 1.019732017416164 -2.6346874683334214
11.22964638127226 0.8916118113412543 -2.56208557363498
13.89751226596792 0.7201919008526373 -2.525136617834568
11.810143888864946 0.9760842536738173 -2.7031743680182867
15.092090191477173 0.8668970929852162 -2.5815467420519207
17.745705102817197 0.8486649726110244 -2.8454897171599245
12.037343863518835 0.787242413625078 -2.61264728259553
15.501552740972999 0.7419511321229296 -2.54381567351663
20.85852944114815 0.6652377674787538 -2.7061889856287724
17.12667390276603 0.6230691745053245 -2.578596212662471
18.681273422897732 0.7908133259825735 -2.653784824676186
13.834917821999564 1.0070555844629054 -2.679437921017276
12.152183818593887 0.9782524504185433 -2.605219014835946
15.325395374294434 0.6119843263298257 -2.616235581860888
14.789978170959026 0.7657492136550796 -2.8021044967368542
14.732361213835675 0.7439253465220249 -2.534908618940997
12.76345928307834 0.841458119525192 -2.728289542647184
12.488775406902981 0.8095229633650809 -2.6914652333895175
11.798010141474762 0.8350398764294938 -2.561317857896304
15.42172698013976 0.8409667479260602 -2.5818699250347166
17.57993095491402 0.7671435447603778 -2.859008640918945
15.198369179250179 0.6554055488352202 -2.5521921857444623
13.257641719027914 0.9156304601621621 -2.5777152635688108
16.78238769000731 0.7392162370023307 -2.574248468140192
15.715377337596893 0.8900777310361894 -2.6215469606435913
12.609932000227147 1.0003184206152453 -2.641465205443277
17.156590510658837 0.912432673821889 -2.7002029635677705
14.913356208674074 0.934128212231274 -2.79041001247914
15.89212593792723 0.9458256531617764 -2.7829607008296793
20.101427636609586 0.610916228255928 -2.6864611461794974
11.7892627580604 0.8317999410434245 -2.6174024689335478
14.651155590772849 0.9907404348925372 -2.724842433431943
16.741611749763265 0.8281229861072493 -2.8407692407688994
20.801241143598332 0.7318172553377728 -2.8096248697869037
17.691981633546256 0.8881477145455493 -2.7005284877008244
17.097956203996404 0.8773510363141837 -2.8227759456327384
16.073460259942937 0.9542475264417738 -2.762170457915048
15.45070656612721 0.6260855173598404 -2.5819341413662955
20.31300611765436 0.6616215513987956 -2.6843772019225636
14.502032166547849 0.653135090232146 -2.674732748123149
15.769635523725695 0.6234061469354795 -2.580508741961825
16.58297305570356 0.6200747565258912 -2.7685202027219775
12.363082564056697 0.7798863582073953 -2.6283994814315523
20.256995412540988 0.6484505092725242 -2.825001295004858
17.268947736163433 0.9153955831916175 -2.7286883010992202
12.205941624869107 0.7919839869062401 -2.6089130837069128
19.22276268376752 0.5865660839734905 -2.6770039763217897
18.88676159350353 0.6895991903601016 -2.851040598337195
12.26501511619364 0.9870786633872538 -2.6693137556804034
14.105884759372808 0.9888197928548309 -2.7090056706573478
15.478988452298758 0.68694323390497 -2.5500063526301493
16.12062127410359 0.8810293998883487 -2.635738775597487
20.04260805167622 0.6338675577978999 -2.8159988358666053
16.423091101022464 0.9344287459126661 -2.766920736878663
15.329926263193956 0.945681553740257 -2.671895480767642
15.24763653708479 0.6209479118715282 -2.6459264178613147
17.09081916882835 0.5820433612563746 -2.6530323005795795
12.226634844667021 0.7947373300358348 -2.6110013972983084
19.445305611266363 0.7357379393970125 -2.8453173819351383
13.169454442405643 0.9351534739485646 -2.601357112415556
13.90929734835467 0.6757874146639895 -2.6143348096886134
15.06370767213514 0.7228043071529859 -2.784118653701884
13.46167534680409 0.7582055236545157 -2.7147686800898523
15.807833139399426 0.9294551995642338 -2.675248356132628
12.630885221460204 0.8969345436525352 -2.7152674625999564
18.405638827599184 0.8227261628515453 -2.826716394743004
12.14617386000046 0.9444772175328788 -2.6062679943111613
12.312699637154523 0.9614253241107741 -2.68443082219557
17.108485643367132 0.6510169244863558 -2.8096976991208633
15.298331953828582 0.8771295656759479 -2.801798150763149
17.39142184769019 0.5798377904823567 -2.678448495263561
15.535135457194357 0.8945553377564474 -2.7977903092643612
13.535532413181523 0.8698877444939782 -2.754764922724329
12.270115697207473 0.9699624502687026 -2.6642517282410916
14.542869719123285 0.6531783905218768 -2.6005624346684733
16.567726816295867 0.7366605458856501 -2.8310411922402103
13.459814608914666 0.7349705741491227 -2.55371893159872
16.745621470303803 0.8339167700282734 -2.8266295363718417
15.247958442993841 0.957804250710315 -2.732812785238015
12.489032605635767 0.9734408171166966 -2.668020486464102
13.3149538371596 0.7143271347656787 -2.6104945581819
11.98172294776166 0.9447545613377839 -2.6530628303664634
12.691561479624632 0.9772066923112265 -2.6680551041295653
13.583766039289658 0.878294594508381 -2.754645048085858
12.152790738703075 0.9539734355728315 -2.627550999315443
15.44073359332753 0.6207427114516276 -2.626784980494709
14.637213609176744 0.9413969534609589 -2.759246931850595
13.490517956091646 0.7910160851838632 -2.730803751802155
17.325451269898338 0.9011384923608606 -2.7442955456571756
17.998051091644985 0.7305312764974684 -2.6173630068805593
14.855065572828954 0.7274599291306881 -2.7714828753987932
14.634321087291715 0.6739469192948121 -2.5665703222276064
12.864542613864781 0.883123809819139 -2.574665344278467
19.418988207272353 0.8129761979464843 -2.770425179260986
20.60590054268831 0.6886126341186604 -2.796351974666652
18.775374311224972 0.8134973729958 -2.8151983844547424
16.631031263034224 0.8963687339141891 -2.68217537194793
11.957823498600895 0.9209804040808464 -2.6131652359386175
15.91429793483562 0.9173656187913023 -2.6773029239289503
14.851136702234514 0.9343387802718662 -2.6567599102319464
19.996836358752002 0.6506254889811747 -2.8104746454206526
13.40114720607513 0.971150653154839 -2.6911447202940013
12.514903504849208 0.8671043535479903 -2.6898035833505216
17.733060932351147 0.8154417138654664 -2.6553344289359897
13.872814931312067 0.7604132726265544 -2.7333792079171584
19.037484807921423 0.8110638592044842 -2.7187328458927293
19.64841993117689 0.7891484718820108 -2.789139209608491
16.224272855266904 0.6549658171591161 -2.7755189753317544
20.5174825462019 0.6603951778685236 -2.786130791548894
13.76253087629888 0.9666067532265536 -2.694161376913409
12.041312639337011 0.8653803226396648 -2.6074225425065514
18.592303201185963 0.6565567859611121 -2.6291856693990088
12.106693225139868 0.8824521582527534 -2.64655469682248
16.41463643207672 0.6192756416045404 -2.7342510679117815
16.69517281681954 0.8248715464848512 -2.627902324892903
12.65936736503609 0.9126471456229798 -2.69665978384036
19.42630987306513 0.5958914408959433 -2.7311748047233584
17.0740507756038 0.6933172511383764 -2.588050563220359
18.64030442109481 0.8378608360286984 -2.7408288054249708
13.08982821731716 0.8912191200093095 -2.587844259335574
16.564907641086187 0.8362973417231606 -2.8146903684839595
18.698692678327586 0.7345926752248741 -2.649751180760239
15.939257054577952 0.6460223237060512 -2.7485409058305974
13.908868921349807 0.8809743235533501 -2.592902001509739
13.376847333969296 0.8980108877910573 -2.5960068674655794
15.876141740589917 0.870498782005121 -2.7967758564051235
14.138623041045944 0.7739226772085677 -2.7506559643880655
13.625090874637104 0.9546899669960647 -2.66009345702343
15.949879495741701 0.7712859991932481 -2.5817204719505904
12.18287590691585 0.8706549323422997 -2.6451268718640195
12.578936302431536 0.8857105466550761 -2.68827165360623
12.324085312275283 0.9210336966112357 -2.6199602774140294
20.414238536304907 0.7135748598910149 -2.7690987884125526
20.21979095654931 0.7175935159062622 -2.796181115593138
12.773814777341052 0.8718738350958255 -2.5807873373948738
12.618254356201367 0.9433378545428243 -2.666520230328911
15.00023877881066 0.6429829138432009 -2.6470104123426776
13.002983488497385 0.9535945918999 -2.662163752925209
12.153538282777006 0.9027640131608397 -2.628435705794841
17.95635752545942 0.6748958511371029 -2.6123511911963972
15.664643111930493 0.8769724076040639 -2.7892937245289837
16.694221884276264 0.6076556456703914 -2.7184423153440833
15.412415112681924 0.7989813806978042 -2.7997125948111616
20.48126052071646 0.6908295954464284 -2.7656658265241165
18.467045631611885 0.6362694831945787 -2.805933825335005
18.493579058704153 0.598976652954887 -2.7574228756211214
14.117809735991779 0.6871466590913458 -2.5927166542671367
12.63757093077757 0.9350832175822738 -2.634733162437988
19.6277563246897 0.6963962565963328 -2.8205268317633
18.24296464876499 0.6667191914982821 -2.6219743465816174
16.30582713952327 0.9071997372463311 -2.7567589802053876
14.02126087513011 0.948456051241255 -2.712660593433578
12.216978040553325 0.8838424427085425 -2.6125752980239616
17.79265234873283 0.8216035593077455 -2.6719925769942146
15.4662763126352 0.9319388753214911 -2.7177085385752604
18.87200727137304 0.7412710174550737 -2.6649196547600305
17.923249528047073 0.8577641672804549 -2.73095413471132
15.898738918017646 0.6572875623009741 -2.579515273946987
16.240863376601453 0.8806424760575348 -2.6646203053011828
18.51746494245925 0.7292776450539615 -2.6459273792506
15.980445250943362 0.6221030700482183 -2.6963734095114424
19.397487652677896 0.6770754650792915 -2.81858320758648
18.883033746420622 0.8029777928486247 -2.795230907636087
16.05768103427432 0.8890882712927025 -2.777751952053348
19.09816209216801 0.6362632984957373 -2.6606412273517828
13.868617803895692 0.7497359690760363 -2.559521440549846
14.760650629267106 0.7199125509577791 -2.747559320331962
19.847302166290184 0.634690494664469 -2.7051007046047006
16.999049533387915 0.8686940975556728 -2.687317762025192
15.23248780556822 0.8819942039806921 -2.6324777537062194
13.751617645946922 0.8903614912682769 -2.7386847028319843
16.222321902793812 0.7194452652688761 -2.5782604575870858
19.885546691208987 0.6637865892474373 -2.6981347817352717
16.020860880424333 0.6411502480184074 -2.7367799148580785
15.565826173619891 0.6866238319979995 -2.762863426927292
17.570624363035787 0.7623225798600837 -2.8272065308278815
17.284554695786873 0.5983597329046281 -2.653504173916618
12.594964703810621 0.9151110147156427 -2.665909359693459
15.263306355695994 0.6919405606797842 -2.5673718689073377
14.398856700489226 0.7694925353830909 -2.5614767270277996
14.807615783437253 0.7845000943704793 -2.774332529303636
12.818774881026108 0.931957593014808 -2.6635108240905847
18.01332975665438 0.5970579428191028 -2.7333556567079573
13.025104605807732 0.9167206514404455 -2.6955490945524474
16.961970466885774 0.6029206086671535 -2.6470939255160015
20.022203189921928 0.7356900463757003 -2.7564342592277664
18.610442896525253 0.6011319682809094 -2.6763369554895595
18.948403372803906 0.8006060229883988 -2.7271864686410385
16.70318275002071 0.8930647171863315 -2.7242501483098307
12.99611693993663 0.8720485471679712 -2.7005894552582275
20.15743013388449 0.7034270321496096 -2.737013013354068
17.70426811662925 0.7426203366336365 -2.8268998337903533
18.745412324122753 0.7075005277935228 -2.8256552069362284
12.603083259231958 0.8198631382121485 -2.5956238691091924
15.57200219439227 0.6311895931244483 -2.6655234309014757
19.35986022351647 0.6429577310494317 -2.797196289254981
17.541209791288082 0.7919602772120935 -2.818742709629043
14.850782777040536 0.9334062947244519 -2.7020887361844848
17.905860576942047 0.5929685864214246 -2.6973676853624458
16.81428710301627 0.7791090481968231 -2.6150279000350496
13.487507154467783 0.8709000043681188 -2.5930211493630706
19.016605484213656 0.7511969721773322 -2.815729732435173
12.711194174426916 0.9188835474794081 -2.640299167358357
17.267584827131685 0.834095527966141 -2.6679060946127464
13.531468413181141 0.7344186157549168 -2.585851114646039
12.92206010263136 0.9106255630826346 -2.686727950084565
13.438358593477325 0.7836444161195133 -2.6992996448433106
16.115666899175544 0.6176876748856966 -2.6424911566626204
13.320017250672715 0.7663032403964736 -2.672975458719906
15.2928688777223 0.897979248838281 -2.760541283399741
19.37292030879665 0.6988772513063126 -2.67967511381996
15.965931352655769 0.765101156829099 -2.801946101269606
19.812047095064358 0.747460652801688 -2.7588738242148723
15.045759657848917 0.9085162031065386 -2.661966944007582
14.308427558678709 0.9334598140103817 -2.6799233851818007
17.190537570237943 0.7310576579150015 -2.819837410192414
16.64407209753944 0.6464390243186275 -2.5968226202258684
12.664120725178996 0.8788242279116217 -2.66889620545626
17.63532209964351 0.5957961067114812 -2.68691705444923
14.59071879509345 0.7033473752730085 -2.7150213842306448
18.975126586645327 0.7787277912761148 -2.7084500855910267
17.171778620588032 0.6023257982348773 -2.703975454493478
15.640593120368726 0.911572547938702 -2.7366652662632958
14.95122317158539 0.7224074408774801 -2.7521185961136942
13.593272006489615 0.7255815989887986 -2.604306126029215
14.334634404950975 0.9030554804253741 -2.7409509468407522
12.855536607005526 0.8765167496808833 -2.6828524899812916
14.299268226223223 0.6831373902868836 -2.6259373421803636
17.933628625380255 0.666764041052107 -2.8087594995566496
13.736393953113318 0.7183074901299876 -2.642059674125375
19.8655375983418 0.6776749765792718 -2.7917054573358158
18.44917621508373 0.619318994906307 -2.654546354006324
13.144133020026826 0.9179224005654837 -2.685145013070975
15.57860257135037 0.8248063982728805 -2.6086289845997648
13.42258230196944 0.8277267363677386 -2.5777527808528595
15.608600808363173 0.9125897290525253 -2.709105520025756
13.184763378575433 0.781916991911113 -2.668195172778371
17.816959057886425 0.6843598953682504 -2.6186853898603237
20.040544096023353 0.6918217530706483 -2.7782545772086897
20.126830114722683 0.6810202966583719 -2.7467561246828933
14.028653260578853 0.826897297694141 -2.5809923838804325
14.850864464051485 0.6901921189131527 -2.7160521209656197
15.48603609153074 0.6843522073311034 -2.748597051099734
15.44653813114393 0.7411058455546924 -2.7793871782422537
17.205517692225065 0.6481015812265647 -2.781166275786382
17.64016819042988 0.8236199452637621 -2.795379468583853
18.258371003300518 0.7966932043361468 -2.801714637898576
14.660491150105077 0.8247870487889868 -2.7651054319685686
15.013738373845715 0.9115818619763445 -2.6743725119111486
16.42898914094901 0.6749608753997687 -2.588403151982681
16.012306035348082 0.6351976630104139 -2.7109774888732368
16.698147981026203 0.8566900653721153 -2.673733248972865
14.789331121021805 0.8176198964889553 -2.589612948432241
14.722921364831594 0.9123040357579006 -2.732075825896411
14.031490847882274 0.7014341319709931 -2.61780497594943
17.951160681407238 0.8310820367893794 -2.776709065544668
16.89530517829757 0.7291869438485469 -2.6032143197406183
18.74008009803886 0.607220467082556 -2.739845334594322
15.086840234049912 0.8706659977902798 -2.7647118883945554
17.187449202932854 0.6172762780485799 -2.7381869470018714
14.82757905416171 0.8462110590829841 -2.766195297621028
17.680302004550192 0.6941358335132636 -2.61796348194157
16.652684880862964 0.8743736717035986 -2.7604557132559098
13.979530117281197 0.9194269593992697 -2.6584330205087507
12.912127171512013 0.9064105920694394 -2.6553255730748546
17.202743104601282 0.7428239639645867 -2.81540375034758
14.531619980874604 0.8289332233874727 -2.5918964681126466
13.632866785171185 0.7863490665492218 -2.573314504131753
14.659923656273383 0.9219948893625516 -2.7033589166360104
14.401466764045152 0.8859694277890201 -2.6280984647222114
15.289302868333621 0.6873493245822585 -2.736949252176438
14.013515413668758 0.7055149672501385 -2.6412795648320704
13.882685688922123 0.7511520912770937 -2.6993557039446046
17.853688257348644 0.7152541470571426 -2.8177914803178483
14.960462125312922 0.9042186365232062 -2.7386174317129193
19.50589571734315 0.707992688216948 -2.7002429184798267
18.969925206484234 0.7882491833192669 -2.768961913216838
18.344132064619156 0.7744547770615925 -2.6767364397931996
19.751339857881412 0.6435008170581625 -2.760554791636844
16.32224199174863 0.7171347016274975 -2.5885980645222864
14.438116140610276 0.705964562326061 -2.697067941814972
15.873271537398809 0.6682609981907559 -2.587417252706214
17.627796504840113 0.6047002346093036 -2.665725455352513
14.81166729245983 0.8595948876832071 -2.760616527333216
13.803196038604668 0.7837961318989088 -2.713547473063101
15.507610378415917 0.6776909698949873 -2.5832569708695323
17.50090754974916 0.8481918320771925 -2.7637374573796105
15.753527850462 0.7663737007434254 -2.589739908751099
14.172188344745454 0.8814986416714897 -2.621494590528673
19.849914002580576 0.663494910458515 -2.723618155321487
19.351920826858223 0.6893741137340172 -2.8023245241413965
14.872287919839366 0.7292603091539491 -2.745061828814893
13.121529339361784 0.7964032037892045 -2.6629415323900183
16.34269769134627 0.8492548708991725 -2.656128796939311
15.233578891884958 0.6511692220119455 -2.6257393907770163
17.896052286143973 0.682386149102877 -2.8086090180683962
18.77907671664788 0.6352784752651445 -2.7818735979293967
17.19401131404331 0.8525764185296877 -2.7021306278852535
19.561291323995107 0.7473012716799197 -2.7629818192323246
13.570886557721703 0.9079290312865224 -2.6983073955525345
14.50397461847592 0.8819876752174747 -2.6299418992821364
13.774554347264427 0.7963451343427037 -2.7158411214887366
13.13756281236686 0.9018482350688828 -2.63846183345474
15.44364642585148 0.7395945981069187 -2.7735114356963013
19.37907932670477 0.6278120686202453 -2.7548182117277573
12.932664239573981 0.8280031469438186 -2.598728723612832
16.013720689854313 0.7330966878328808 -2.789087037168573
15.510631401721035 0.8002780786372775 -2.5996862081358287
13.838461514164331 0.8163503942346838 -2.5821072082123733
15.575730520733545 0.8788511545659692 -2.759235133860739
15.317200503956427 0.7472033392878452 -2.578275392716074
15.563866341680383 0.9012222272780336 -2.7008513221894797
15.8804911768334 0.6731117275313047 -2.7501050541731717
16.302402135879124 0.6635873664463079 -2.594536289258953
15.287873072284897 0.8104103855312306 -2.6002954305642323
17.896953525657864 0.6081319730973732 -2.730038192078897
16.36119067523895 0.6865431702356989 -2.5902914199225906
14.410329896609985 0.6945351759518917 -2.6694710485747706
13.985263781459292 0.8215725651415857 -2.5855108822128665
15.184449320658347 0.8406377995343436 -2.770501966045735
13.424698303303051 0.9121802496429511 -2.6601072903102985
16.790166432553924 0.6224977953551029 -2.631266914444287
13.676029159301534 0.8195323880389128 -2.7151067506354174
17.992884387968576 0.622967193029398 -2.647738921462305
14.160341767566845 0.8649044115714322 -2.7369141750273487
15.680168529557921 0.7532998461853609 -2.5861646634067776
15.233879703142891 0.7938721553242363 -2.7755094593183776
16.711820485333888 0.7996680133929381 -2.8006951521068144
12.892601638123576 0.8309454880698257 -2.652582304767801
14.393602578718085 0.7297365817873256 -2.7138244207547206
17.08110349147274 0.632822907087675 -2.621555196135618
18.983209168985105 0.7794011936323589 -2.768731447456893
16.488087605995766 0.8068810867398024 -2.6310998962304297
13.632196223373793 0.9121392657171973 -2.682978449350191
15.65163865350581 0.6440275299948807 -2.6205964889893902
15.754271866486402 0.6354550674622038 -2.6512564635815554
15.468759810721872 0.770879397337285 -2.7791857330729326
17.53336743804249 0.6273816386445915 -2.6344126574149946
18.760439921453845 0.6679797345419458 -2.6594329441974907
19.27601105222652 0.6237550505916054 -2.7232467491235326
19.62789841140198 0.7301941634051425 -2.764315042092433
15.648890168915502 0.7947956082136232 -2.7844634437606244
15.620742864337034 0.8799053043149324 -2.7537641016989562
15.16239280405742 0.9015373684690573 -2.684033464362625
14.677798889152303 0.6773387209191982 -2.6182704344348746
19.07033488973949 0.619172341527356 -2.7382540870211747
14.462465381636749 0.8721552426083171 -2.6252110787705183
18.688939168294738 0.787602811668647 -2.7215641434648243
19.099366852484028 0.7175493242088486 -2.6875386379572466
16.442442928991174 0.7074166025055518 -2.5939268965401165
14.370719052137648 0.6949141159807788 -2.6084471720237987
15.787468340908786 0.8788485307239756 -2.6751396188608547
16.625084889918575 0.6733996384608095 -2.5988934489435556
17.647528436384434 0.6107508058988921 -2.722896451132688
13.099172278249997 0.8764083480899503 -2.672532176583391
16.46094495883575 0.8537736367632929 -2.7709911759991206
19.19242451805127 0.6547235783383063 -2.7839672675833933
14.049207667388742 0.8437750647171122 -2.6005397968371096
17.06585408701048 0.6927178464115112 -2.7961620213884437
16.79119116442864 0.6800091865620366 -2.7837888660027272
14.779294886015686 0.8178990935305409 -2.5973519248679215
15.85621141428757 0.8327869700999105 -2.7795208708746815
15.011556561018477 0.6973265803151679 -2.7211768988495466
13.90710846205285 0.7294774751058328 -2.662432478779717
16.549708230759293 0.6941020632966315 -2.596622711792804
18.279164349102956 0.7691845748896675 -2.67845051769175
18.181485354654484 0.7015735499365485 -2.8088187681411916
14.72623129085366 0.7433201909717134 -2.738724431380888
14.527629647952722 0.8083847371433758 -2.748833095655459
16.233988701338035 0.8694508572327101 -2.6853487105228226
13.119461002778047 0.8555520179194417 -2.61208833289988
18.548497336621217 0.6237721815881153 -2.7576422510588863
17.482608069212958 0.6082230755739679 -2.68433985920536
13.119455849046911 0.8216393866000881 -2.6017719945819744
18.612162000780515 0.7928987302839844 -2.7643299807760284
16.49651183654495 0.7030792074236273 -2.5963980488681644
17.450467781417046 0.8432301239622937 -2.7273014197572643
14.332377001139042 0.6958862054315639 -2.637244604177214
15.302606728300542 0.890608687262932 -2.677208120932492
18.53692993549147 0.6192320482121378 -2.6805758433124134
16.76320322125477 0.8297738325839942 -2.7830365012020417
19.253216368822144 0.7468362049235773 -2.7753116976555336
15.08569934225243 0.837010636515682 -2.762770193602631
18.17794035883341 0.6297617878223569 -2.7644560523674118
16.66586937213315 0.7489562771191614 -2.799648901876769
15.283297047382632 0.6591569873483629 -2.6185583187911003
17.284287806492777 0.7252702184192406 -2.805412775384127
17.591383452361875 0.8367619198238488 -2.730338912162221
17.372291592642895 0.6382422429764021 -2.7608713714503375
18.59588937643973 0.6208157094440501 -2.6831660159599418
14.476973857489261 0.8022256530588311 -2.588566735005198
14.406174056792754 0.7122932175479918 -2.5904800821014837
15.51821753592253 0.7083436010418515 -2.7536239872334467
13.378845435936396 0.777631899872439 -2.6027376737706134
16.973949981108746 0.7630260873433772 -2.8017862585515667
15.653401443212516 0.7010831309970195 -2.5861296280267343
14.95354017132457 0.837267173139691 -2.6156048573726975
13.903356396020186 0.9020514147225058 -2.6848905229439275
19.193896287619697 0.7435782064317333 -2.7763379921143057
18.15201290449726 0.8083746938536304 -2.761922451672998
13.940879704984653 0.8342995005684033 -2.720387649283066
14.864300889112881 0.8676015631950064 -2.743826951661047
14.402380067004831 0.7175634020025673 -2.6914077041142828
19.03641678525141 0.6358210707971895 -2.759364070784759
13.011689821757315 0.8362651917838827 -2.6369803574550867
13.661558545513179 0.8584560920918362 -2.6137418429988335
15.660564050011919 0.6497326574444007 -2.6236109746012666
16.35683337434176 0.6265614164921927 -2.6703082122125954
14.632359321776775 0.8863668984980709 -2.654718084299923
15.881569468462809 0.6407588457682835 -2.6357814169780793
16.821172490000677 0.8222005902466681 -2.781921616238671
16.426136848445346 0.7698982565140206 -2.615894624924467
15.071450638233017 0.8869833082171715 -2.7287838460988287
18.223961333198222 0.7400140679186401 -2.6630972245583653
17.14181388327699 0.8466384165316854 -2.7457152889355525
17.481586017783485 0.8320323051322185 -2.7142572051416787
17.730640921058814 0.7713860543916624 -2.799268865995996
18.69452561809986 0.7824995747469037 -2.7416147992325217
17.3933964343777 0.7851170957159888 -2.6564801903838657
14.423347239208283 0.8552001917318657 -2.6201105309504777
16.747453888583337 0.6218242458207099 -2.6936068322494275
15.854743634162514 0.6473875934792216 -2.6974613027478846
17.63221371364176 0.828795773547143 -2.7238711474370154
13.315600096743795 0.8052486902068926 -2.602822618288943
13.994082933820836 0.8685747825048803 -2.6257586407453926
17.76668024138564 0.6142516668056777 -2.7171359724578346
18.159272909455538 0.7929958233161538 -2.778536072277574
18.83473371711158 0.7336974014076386 -2.793320608977983
16.429906921799116 0.8603111488034696 -2.7496364948264453
13.674698561490036 0.8838613654031984 -2.6416240304223866
16.379957232659493 0.6295094645409863 -2.6885068660616467
19.253959093478517 0.6377446102356275 -2.7388190205883802
18.390353200246977 0.6567317935355486 -2.784637778614657
15.443960137792423 0.664788277318748 -2.6096478080667724
13.079421225888634 0.8451071554683796 -2.6337816378703085
16.293847885189972 0.794435705526126 -2.78685299905733
14.463082916810682 0.873032594247677 -2.72701143794007
16.550733634961208 0.8614592929284118 -2.739018295033888
16.817870662943754 0.8517118569061979 -2.706722837782228
19.239200131561397 0.6931761100837366 -2.78376659596383
18.14295890031329 0.6643593561475266 -2.78783740804428
18.76924359606051 0.6223172506704665 -2.7165710937865755
18.43974617018952 0.7912783433010506 -2.733723194125523
17.911253026120953 0.6135538134273129 -2.6915351409578614
13.389126916472993 0.8023384955707004 -2.6035205253813682
17.85295244502054 0.8177197247484608 -2.7288255302454836
16.070949582304074 0.7851559278549569 -2.6159257400103892
15.700041897605436 0.6752091586898871 -2.5988491551131574
13.435777134222427 0.8735847399659866 -2.6386904876940775
17.996593991914427 0.7464115204987298 -2.6595326484714663
18.57848056623819 0.7137348961932977 -2.670335651408434
19.311305698858046 0.7141247853953103 -2.7179408623195687
17.977707950814917 0.725053862725306 -2.802511888213741
14.51364272736808 0.7882906379930099 -2.5897309969577265
18.79934486443559 0.7512227351812146 -2.7823114696521953
18.622888524073673 0.657314845631161 -2.781162395104713
13.482651374081689 0.7840185928647266 -2.6608880337492384
17.062005103351325 0.8444730464060056 -2.7437326704986384
15.34403779300904 0.6594862306895924 -2.6344609611276506
16.350561710692148 0.8526815622744123 -2.755380681469227
18.130601139311196 0.61847636339467 -2.7273139354738705
13.88975373405215 0.885314463204376 -2.6516140976406937
14.038421365938149 0.7929852717593551 -2.7120173941260184
19.53038461513121 0.6946205485376823 -2.7459988537790694
15.443404846251477 0.7974475781884436 -2.768105036881547
17.791652048302574 0.7724483089569505 -2.793419474895761
18.86802539371156 0.7065441755592166 -2.684358978390846
15.55988686765661 0.7294445330163611 -2.589864494854671
16.341763224070633 0.8647843097455284 -2.725642720563862
14.571034598828387 0.7153184798133249 -2.694777814407548
17.771854703369677 0.6685368867353241 -2.6352245313344005
13.81483390523783 0.876174115216983 -2.6405305563334225
14.092995458819454 0.8103862553364205 -2.5966586942436978
18.4367551899078 0.6205360980836818 -2.6988309910474113
18.32404283091844 0.7513971583890938 -2.7932599899787642
13.397584425799426 0.8250143317904138 -2.6109335671365432
17.478011009677406 0.7752042514020229 -2.7934118237528
15.728309359479473 0.7837089300524418 -2.7742746449183513
16.080255823594072 0.8059812057590318 -2.6304595728020743
18.542948533213817 0.6221015362262914 -2.722049581486422
14.39700533411042 0.8701408736300625 -2.719676142108624
14.918075804851474 0.8768053099249986 -2.72597433648128
17.87431602701898 0.6226240973703959 -2.7323114990042026
17.655286083930175 0.6898740447793246 -2.7926659781616703
16.151134220674216 0.8657277827813452 -2.732172082992696
14.617293710971454 0.735143984536013 -2.715327862495693
15.209861945537343 0.7467165421106203 -2.589016916378375
14.816823996903404 0.7204144145420117 -2.5888435000881085
17.266780539157217 0.7913283393141622 -2.78757423771871
13.873393838137558 0.7770301446506724 -2.593717170447472
17.566439874811515 0.7440850010611905 -2.7986318620666504
13.47572912587375 0.7773051422520656 -2.637721638289625
15.817792189666385 0.8558732102753299 -2.750767200296173
14.116921573180857 0.7610961871615718 -2.5902758388222633
17.15123366509337 0.7051707355465148 -2.7909833184974113
14.033883932678682 0.763777079645954 -2.6939715983170913
14.708043970896956 0.6952248041040819 -2.6101568455826403
19.406914695824923 0.6649482986015778 -2.7317252697057928
16.990753146610544 0.76358484833163 -2.6347611553428325
15.901924273146818 0.8412390800609432 -2.760644576208335
14.652214677824764 0.8549856276093297 -2.6322461334133083
19.4118545996959 0.6660129909359387 -2.7382664730186996
18.010411796264844 0.6568877172898511 -2.77681500516119
13.604661127809813 0.8703118689270932 -2.642959081952828
16.097213451775737 0.6851252445755757 -2.6003571582969904
13.69867604824686 0.8780941410437839 -2.673288760099173
14.186097815832492 0.8119339363058481 -2.600090559725285
13.627925556613494 0.867705070217572 -2.679442516790351
18.868471822479425 0.6729399067354087 -2.780346442988739
16.32556958957913 0.6951276786515926 -2.76662000601753
17.078737506398056 0.8081044238470496 -2.6700263820803167
15.97303319668893 0.6946471731749614 -2.7537913909027933
15.699526060984288 0.8744646995735291 -2.7058854777961
19.02324737368717 0.7401121832101869 -2.765990603717957
18.18583518190713 0.6371415704550308 -2.7567280792254962
14.647995912145515 0.8381341303247205 -2.6202311944799996
16.393098778543695 0.8534253671515666 -2.695768904785157
17.208002866337317 0.6252160114309043 -2.714568947987932
14.97898184996288 0.755792037568621 -2.5899832881688862
13.863004183992826 0.8650845263211763 -2.6955661302087877
14.1946635751435 0.8061623037382014 -2.598742449539789
14.930174256860196 0.8656550012115802 -2.7314379233856614
16.78626609931476 0.841650737732353 -2.749665646164448
15.090183387976694 0.6733294231757099 -2.632273316711121
16.93542248196833 0.8326808082501009 -2.758058816482148
14.534881584367879 0.8611919214083309 -2.6379808095898585
13.514556099817314 0.8644534532778488 -2.645331587448815
19.037767955015433 0.6722537344976217 -2.6944269244139276
16.53043250091018 0.785041769152999 -2.6336238847495643
16.245317498984814 0.8464808451094079 -2.753573642482822
15.27792025579226 0.8705328027247289 -2.671003282048463
17.8765937396034 0.7323287678705797 -2.796652566184936
13.512882530424626 0.8432760215842245 -2.6763340037039827
17.336890654469286 0.8162303887748127 -2.7656281927785926
16.757543982918207 0.8132425782736822 -2.775199080116101
15.803095807452898 0.7534595723797596 -2.7706345388872666
17.6290181666212 0.6390383049133416 -2.7517468152279094
14.87599736949517 0.7295047850520349 -2.7235968563821285
15.439430530342984 0.6905551625886601 -2.598326644583011
19.35829294454495 0.7042308902868265 -2.749787633899305
15.609672071034149 0.7202546913833514 -2.593431771893428
17.61751414020984 0.8135925430218918 -2.71215701317289
19.124161622257553 0.6976716719012538 -2.7050661025098615
13.671480233034528 0.8442039448536859 -2.620931932419966
17.366052237480545 0.6325322557819644 -2.64896189250255
15.122535081206502 0.7970390763013947 -2.6063035951436375
14.675107646141015 0.8607086072935762 -2.6419064474897267
15.522767693167637 0.81332334746215 -2.623792344148109
19.164856926733922 0.7236336735508636 -2.728768609942761
17.149139256897406 0.6798390925841049 -2.777132586593738
14.89954483486125 0.7420367895143426 -2.5896618672197147
16.346567238991796 0.6359960405821814 -2.6834666320521414
18.914230619267034 0.6692052110363774 -2.773663927930463
16.256081065360142 0.8041502649270791 -2.775414432158351
19.242261510713796 0.7066484852259098 -2.724402911044196
13.93619439773992 0.8127212777776955 -2.7026142982955257
16.381066019977837 0.6893464836713336 -2.762498011797621
13.412486702885356 0.8490976221942733 -2.6431377943376746
13.675989670954666 0.7773677494528973 -2.609755083434877
17.30973691003517 0.7678610645392762 -2.6514835174105382
18.791052580743404 0.7580906529589996 -2.7476673170575694
16.72959657836801 0.7419120900145763 -2.7874274000506514
14.786099397619024 0.8537511061524213 -2.639033888832744
14.94379772103936 0.8598443693598797 -2.731078226874488
16.033199213711512 0.6443781326585332 -2.64774000246511
16.35335038391934 0.7107344329577873 -2.771880067081523
14.900223833586818 0.879393767053369 -2.7030008591688977
18.308994915843197 0.7797219404314475 -2.719578368218914
14.159413779423241 0.7824662964965727 -2.706396726592589
16.054267895101496 0.6515817043523189 -2.702368436427416
15.04470774583324 0.7421019966049643 -2.5917060422251295
18.989071051491862 0.7187454672787796 -2.7094646290320634
13.850139532774334 0.82321629799373 -2.6963770510234824
14.180553339994457 0.8204716518340447 -2.7150447073433672
18.58259586008242 0.656253849451188 -2.6762634133473333
17.387585197074657 0.6763873308303681 -2.6294558076182812
15.810613074596155 0.7101148948103365 -2.5979125536986984
19.21182043656187 0.6666751841961079 -2.7509449824590284
13.644772833332334 0.8270205406025088 -2.680660108110196
18.083501898014603 0.794439688548769 -2.745373160458309
16.925793044893265 0.6332000859127547 -2.7138473389773194
18.14560906626714 0.739161818345074 -2.790260769737762
13.6324712734676 0.8028068548837953 -2.672261220312113
14.102388323600978 0.7641621879386991 -2.59784198498745
15.191414672736677 0.8751100950937902 -2.7069891516493767
19.096742230072824 0.6557107776919054 -2.7158121324308984
13.655354166610305 0.7720946504712634 -2.6258398318099987
16.483048465018953 0.8032654076617464 -2.647618858471975
19.066757546144274 0.6517119312121132 -2.7417999934982094
18.421022680332378 0.7163680854767673 -2.6739520738309652
18.938265597366573 0.6860140767745012 -2.775076575074375
15.248555780252037 0.7555565154353823 -2.749369668282252
18.970925972513903 0.6449210490546602 -2.7286763286893794
15.227134853743996 0.8743855354589296 -2.6979710904443146
16.129573711270275 0.661224489853289 -2.7219939612637787
17.31324244396282 0.7149099712429421 -2.789082183330769
16.099168221010437 0.6776728921410594 -2.6082801935592803
14.403415324462049 0.7254827708871254 -2.6056375095882522
14.490413045406857 0.7647223525189948 -2.594611472453563
17.731836327889624 0.7391666879612558 -2.791529306758099
17.453829201038108 0.8128769796953373 -2.754128101625595
15.291832311044624 0.8455731524411164 -2.647724599176131
13.673229831381425 0.7730966684375142 -2.6280352634053425
15.336251161720293 0.8132732706983816 -2.7540597560966793
14.436151759884503 0.870109145501112 -2.702530581269219
15.347144816729447 0.6929957901511752 -2.7142356638003786
17.45555990879795 0.8173545514470583 -2.724317077495919
15.538868259598296 0.6843040087303769 -2.6064591972295847
15.621240898704468 0.7720461714279618 -2.7631404110265656
18.164062573268517 0.7597996983526637 -2.7798434000192285
16.709800415697142 0.6403290694603074 -2.6420198238738326
15.401032189680038 0.6673674640472295 -2.6686531668678217
16.07753132076545 0.6634688575459065 -2.618512400478501
14.346932275529918 0.8740514625741665 -2.6862052620047496
14.346932275529918 0.8740514625741665 -2.6862052620047496
14.6067937313733 0.7800088837425884 -2.7262592020141057
18.2711349897798 0.7702695472298509 -2.7093357101256084
16.841647719391585 0.6316910205918695 -2.664132662723179
13.89123059082665 0.8432477304166824 -2.629009246373219
15.758665252135554 0.8388750811143455 -2.6579265338231686
18.728601995933154 0.7400276908479552 -2.7137952831311125
17.830442586364917 0.7353092550422188 -2.6589945337847327
13.584979605566957 0.800261538323957 -2.625740870802284
18.4422645286647 0.7121295851544026 -2.6770533696373655
16.16416961071932 0.7443012314359151 -2.7722455500958056
18.74856025448951 0.7467508095788672 -2.7567386058946273
18.18952063897908 0.6280151273912331 -2.705076805398322
14.105954907273782 0.828848925331569 -2.7045788414266823
15.012418604411158 0.871082226141332 -2.7019226095757984
16.260135833444075 0.6479637490932517 -2.638416396708444
14.33042730563189 0.8534665981914983 -2.640439053847591
17.528063947330192 0.6870669681823962 -2.6368469841594364
18.388421605078932 0.660349388863909 -2.671749790916923
13.979058499800747 0.8478307302956142 -2.6914393117334994
15.166889606504634 0.8691639232892915 -2.692878998940379
14.352845201211837 0.8238710090564211 -2.6177786967741046
16.59495382414714 0.8267750479796174 -2.68078972574683
18.4839380636346 0.6958425304325574 -2.781286642452395
16.796144563945646 0.6629614916188828 -2.748002438278065
14.18010449059567 0.8681027206616398 -2.6777644349756446
19.08510602353857 0.7097448498288159 -2.7527835630670205
15.027999032584004 0.8682383285315523 -2.7057258195539196
15.489841933845943 0.7173406650582107 -2.5991399184158945
17.04038531368465 0.8276835280486091 -2.721780870213566
16.67817772263033 0.6366104959900107 -2.658339940923953
14.861562426567351 0.7901337270302261 -2.7366124798127633
14.412427517062522 0.7301472518161853 -2.677629035686979
13.579113714992737 0.8155370086191188 -2.634306279530003
14.752027644554232 0.8549306798455623 -2.6507148980110147
19.080939056920016 0.7049066762215108 -2.7271045294315117
17.935522414293715 0.7523556865433382 -2.675612407241367
15.373542741048471 0.8583177185029356 -2.674740992479346
18.935137758642014 0.7099173558909971 -2.7648338227615943
18.87264854736462 0.652150101974537 -2.7145635502264285
14.32963785545136 0.8524455961217549 -2.6425370844311824
18.324064449467734 0.739848954608773 -2.688172541085388
14.805828889592814 0.7851414352354846 -2.7328167557334266
15.815369508473927 0.8554772469830575 -2.6934544253382997
19.090710404466662 0.6843850135790212 -2.721873359603993
16.231189948625957 0.8289054477303047 -2.7528089092050516
17.317430691850838 0.7326935177321654 -2.641222588297296
17.049143205710056 0.7547802184740734 -2.6419594319534143
17.098181495432037 0.632529152233306 -2.6659677120938783
14.407101443453602 0.842609221290061 -2.7115447556291987
19.026856778514762 0.7142073743596674 -2.749904340658414
17.489088120053935 0.6277504800256609 -2.688874898656514
17.450847969696966 0.7855235927205139 -2.7725839696117154
14.928538736978068 0.8078444180314329 -2.737841259776676
15.282753604566256 0.8612354757647736 -2.6791398668472013
16.80359435988044 0.6367346152243178 -2.700468745461509
14.715845151514845 0.8130106146197293 -2.7297512781874653
17.318245820347016 0.6300676549090891 -2.704103674795104
18.8852141920541 0.6574695523841088 -2.7110295697269535
15.074520446489721 0.6839043451911282 -2.638748114846506
15.805321239404229 0.8371201064567508 -2.7444250723649803
14.727269479586731 0.8221329321163641 -2.623406609487045
17.906292386263573 0.6508509405392123 -2.7550348075500004
15.92046895349823 0.6544420579618675 -2.6763202931475023
16.833610414413954 0.6370617581555542 -2.7009483493294866
15.9502949595189 0.7672639169058938 -2.7660235778310964
16.706975252871416 0.7211624476397815 -2.7757095761138837
18.18882589045562 0.6358407809170037 -2.6896331717474595
16.20709214814515 0.726925592916172 -2.7658265165123503
18.71026791500137 0.7237594908718838 -2.705836315756537
17.867465801520808 0.6542982373449827 -2.757609121634734
17.972601418805965 0.7337239464205008 -2.6685473356617493
15.262931470632775 0.7144172697375565 -2.601730445050534
15.862626779501594 0.6693246694336416 -2.6221712258258343
14.982978384688451 0.710878031726134 -2.6060833716496408
18.806803588269723 0.6891415403575101 -2.69806707445182
15.729931400602466 0.7144416064479379 -2.603695944707135
17.565126722513185 0.8021676749806764 -2.7466446355300667
18.45176001180719 0.6408633222246196 -2.732569878776766
13.875682779382316 0.8392263583593915 -2.6383735720941184
14.484831602147178 0.7309464474038545 -2.6100359953539907
15.236413852218107 0.6990808811080732 -2.705099583534446
17.45305168706775 0.7785367566229416 -2.7736589789964023
17.48843423436526 0.6931389087714594 -2.639497112967548
16.18409170146036 0.647473669326938 -2.6613356278236804
14.85476800772431 0.8309605966294725 -2.633631200345221
16.207337218996866 0.8114017455048952 -2.653476017150109
14.032016154033913 0.8142197479760741 -2.6193898455417943
17.928623991066203 0.6395229561533097 -2.7362328043299087
16.549438597959487 0.6717788475669461 -2.6220219226779253
16.148207165465358 0.7351770554511254 -2.6128996383054393
18.031038856120126 0.6336540379440192 -2.6918696548604677
15.701285525528462 0.6644761113983184 -2.679674071146131
14.422955818548154 0.8616062220494601 -2.6691718142659067
18.47908275033992 0.7514286063281482 -2.7576916649012366
16.77212268024683 0.772334821228966 -2.644887710168782
16.933145212524057 0.6345491291730515 -2.678862865133264
14.177187616071135 0.7419397621744785 -2.652139508314218
13.702823805858964 0.8038239806767201 -2.648366304103555
16.690632286016047 0.8305660423440075 -2.731999338105247
14.404266248169378 0.7533681638618093 -2.6928223466479677
13.927389790777122 0.7712776740884427 -2.6579417619596626
14.192121134756967 0.8060762710638748 -2.699822349998542
14.970418623604434 0.7819149514395775 -2.7348060898124134
18.954838409869808 0.6776406260461508 -2.7180700682375374
15.559809552814796 0.7303916980233904 -2.743340370186459
16.724820820078072 0.727601599822583 -2.7748444956356324
14.251039402271601 0.7827750552832375 -2.609123317120013
16.876706291874388 0.6764270719582787 -2.6269289757808822
16.01560401346911 0.6738910588707858 -2.620122233915035
18.525881235465533 0.6949524675860491 -2.684979100377974
18.884009449351563 0.7106449133800969 -2.754269372487264
15.80692439538909 0.8465985750477052 -2.684738675262509
15.56814175706492 0.6693146608279191 -2.6403994748250383
14.934791138481708 0.694811350219659 -2.65844167994429
13.872323608005718 0.79584685350268 -2.623050345329009
13.850959113230347 0.784577209343238 -2.627098139395055
14.411608828518984 0.8052015000394313 -2.7110433709277757
17.391115303325535 0.6820114574979416 -2.6386318820607952
18.026388925144552 0.7793735820936216 -2.7260719494484484
14.003074371866083 0.8011809374940078 -2.618990143686948
17.363289267777176 0.7962015800132872 -2.69404404713844
16.975660697483484 0.6468346113664756 -2.7244505167718853
15.155404146368015 0.8575953304160763 -2.682822894840437
17.663874422260456 0.7954735507780355 -2.738614480467637
18.16579936170975 0.740090773786774 -2.77448927989414
14.847947857911482 0.8375089485121451 -2.6432017196208517
13.790622991535763 0.8221416816938918 -2.642862768908583
15.865811824982043 0.8469691828858957 -2.6945628300221114
16.64104052382904 0.8231730662560414 -2.6918573474868257
15.084745474522217 0.7645888392407751 -2.6064913495355353
14.201249298715718 0.791056540673621 -2.6938497321201824
18.636834585563356 0.655978623842769 -2.7410025740566017
15.122005730290544 0.7050902916144137 -2.61218558059531
16.11285080573121 0.8032338828977936 -2.7583202152801056
17.40766979135348 0.7928667528354356 -2.6945991744773328
16.446841587820508 0.8205590737219438 -2.748570359624243
16.59960342419326 0.6831300782835666 -2.7511438994056903
14.089163516310483 0.8100146803470295 -2.6227101057267945
16.527924806700717 0.8262660005118811 -2.739871730064313
15.701852597286248 0.6647933553689334 -2.6525741996716157
18.523595777407024 0.7362705781326153 -2.760382838448069
14.540799058537067 0.845883329665285 -2.650517659041024
14.46779738730117 0.8562379381235047 -2.674373073488805
14.712180253099696 0.8419034337569825 -2.647698631140643
15.756104800498107 0.7920421067874609 -2.7551053302272557
15.50086584604324 0.8410997990732532 -2.666509353111148
15.668464777906832 0.812583044938931 -2.642236179735305
18.01721946892928 0.7775342704932973 -2.73550649664094
14.109588233448731 0.7617113554269813 -2.6643695589950838
18.372574933027643 0.7280826925758351 -2.693223237948338
14.952046672607818 0.8451903487637427 -2.6569080439705877
16.087281188980075 0.7797418819435404 -2.632046621892637
17.563573459513474 0.6784332764615179 -2.766799337032685
14.187988856606363 0.8174897449463995 -2.694298224074439
14.155726547366788 0.8212940196836972 -2.6916933569685098
15.107492058770372 0.8084168168342932 -2.735510459731259
18.670948476146613 0.654447352729377 -2.724435719159014
18.17996696541264 0.643659571690552 -2.6898597099595953
15.734381431932361 0.6673657149364001 -2.680678830375194
16.307214605025756 0.7890796260353677 -2.7632265385604153
16.815833608297744 0.6952515586687967 -2.626094013173583
16.301393390323224 0.8040968727178839 -2.6561337977299453
14.65112260182626 0.7540024492275619 -2.705360979410387
18.848661507441967 0.6976669042839911 -2.718731387661612
17.949864184813592 0.727108037437614 -2.7774468613204117
13.895393126964112 0.7838525226234496 -2.6490946965904065
16.0287482622456 0.6684289749984459 -2.7079527753912784
16.69503202460456 0.6488808392490687 -2.710367185683995
16.833633578582585 0.6822487275033859 -2.628132069387684
14.50834118072213 0.722573489545652 -2.6436604020581864
17.813575919519508 0.6688771217796279 -2.6574414923691227
17.088236250658312 0.6843574516253806 -2.762094815755402
17.71392976590804 0.6602271190060571 -2.7533362145554365
17.290965783634554 0.709121414771128 -2.7748845140387797
16.929524779795734 0.7486351342758989 -2.642061163917276
16.636657583594797 0.7658308390281948 -2.770583523707508
14.068644377051125 0.8388879029788668 -2.6542430026013513
14.021776812250115 0.7795588996387351 -2.624652077469366
13.996319701246872 0.8355214645554703 -2.662881128028878
14.412684806279367 0.7379803761886136 -2.621784722855288
16.758477420640276 0.8230495076590719 -2.716960872302148
18.157813856563408 0.757776860338456 -2.756965592346797
15.974439335565847 0.7201907782269703 -2.7495697349309927
16.543731743827134 0.7491816819423303 -2.631307724184703
15.012731605700086 0.8455337126433995 -2.711743907221181
17.35491838896121 0.7059316755893912 -2.773986896056008
15.306519677492714 0.7085206592457075 -2.6112526026615472
17.971989617189838 0.6488726650401742 -2.6764193212443694
18.407317625798463 0.6524432174947858 -2.736516676150546
16.82287118594724 0.7473263065206983 -2.7730360576737683
18.746823897261002 0.6690563884330694 -2.738734823946532
16.26929001981093 0.7723771583496548 -2.635111938660934
14.043060013173127 0.8164063045499484 -2.6779004729529707
16.301332748668354 0.8284019767828275 -2.689452984409497
15.922324464728776 0.7374891610420371 -2.61448657111192
18.76921423733668 0.6897624779343373 -2.7124823272963567
14.4883599951428 0.7402538948955907 -2.617288749159731
16.076074517248216 0.770106465572924 -2.629125467173825
16.033509579146347 0.7874771504861223 -2.7576085331077005
18.30789450495037 0.7237734732489575 -2.690847189978016
17.740504040683057 0.7737820885976008 -2.7582335096708723
18.679358657573694 0.6719505755773167 -2.746230197938962
16.298471311740634 0.6613518620746314 -2.7089187703690625
17.82183982059361 0.6387361337136591 -2.711704455588278
17.638257168817603 0.7851881198865102 -2.748034556597159
16.29269263360637 0.7906856133395401 -2.647790119292592
16.788357224855496 0.8146472892206924 -2.7402083094013596
18.013470820076584 0.7695548203213574 -2.7456705268370047
17.501971365832716 0.7901529844376374 -2.7474646473527216
14.322016751359604 0.7456618410109421 -2.66235815099445
15.567653650128019 0.7775361295156157 -2.6219198042127467
17.10029572892818 0.6626546711819615 -2.6426307637197124
17.70874077362823 0.7295257612748547 -2.663839662613178
18.02538202602928 0.6898959764113421 -2.666418780325788
17.40809772448757 0.7281741947103262 -2.776013642297216
17.738038487058343 0.7756914002974826 -2.754916631855702
18.32880921857094 0.7500856205564027 -2.7474696444217077
15.905369533327598 0.7132164559444287 -2.6128642147983987
17.109938966296173 0.6391660740863995 -2.686174697646691
15.234124662971753 0.8500374120827684 -2.691506960128482
17.05913603623756 0.7993117305271191 -2.6898620253084062
16.647348510446704 0.6682030197880412 -2.7340015973715226
18.779550704474076 0.6750737345037162 -2.7303155133077106
18.223913639697486 0.6817757626523481 -2.676022642169295
15.218919379404293 0.8185944995895196 -2.6409700702865075
14.953533744221916 0.784744282043715 -2.7266996217958166
17.21321256145179 0.7903854366401027 -2.7561746584273443
15.949413189459573 0.716882492869737 -2.745070069729218
16.148093858714237 0.7448185145471395 -2.7595671356294424
15.495345467640174 0.7194027067499414 -2.610164559499229
17.893458182127898 0.7586540821076637 -2.7626612005662796
17.29104678563832 0.759842935971363 -2.771038269256719
18.20697164570656 0.6537941659409269 -2.687562531861828
15.935312441726683 0.8370885410668546 -2.7191512552625654
14.799454770375322 0.8046212162402502 -2.6256325977857102
14.268351737797206 0.8188266940364118 -2.634629482992928
14.316617143849818 0.7534798017931866 -2.669456738391096
16.713518979515133 0.8191012812480983 -2.7064860506904207
18.41132243036002 0.672225393454702 -2.6891919639880255
17.331342834872817 0.7376649143676608 -2.653943291140723
15.550453996650395 0.6803669036776103 -2.684021616696593
16.74900888282612 0.6527947843657939 -2.7134375355728464
15.743757883746776 0.7920358323228237 -2.6351158984297354
16.377186445141803 0.814704700675884 -2.744134004720711
16.974295779684986 0.7817403993560927 -2.6682160510955066
16.008792457615975 0.664403887169336 -2.6443050586393806
15.682876155787191 0.7856409110280878 -2.7485633955771895
15.015290958997285 0.8249176086386791 -2.6444984729524244
15.664527754467988 0.8373202131863604 -2.6797017500260996
14.847994206945723 0.8085264436098154 -2.6295168059738945
16.698203214338953 0.7745533517976372 -2.6524315634292988
18.55365579030405 0.6840598594786796 -2.7542115311059296
15.098405147797441 0.8203002223201173 -2.6421259745576866
18.071077214302683 0.7041204355638472 -2.6732313468622597
18.488761583514986 0.7245509118059218 -2.7550709255464074
14.93684593778763 0.8457578148313557 -2.67419061586396
16.421768869356157 0.653551273274679 -2.65648369174606
14.63343721890688 0.8181686285477436 -2.6351245361268996
14.503891730745021 0.8339981468823102 -2.650316630165104
16.68594982153278 0.7028003187831608 -2.758308346641849
15.58367938767743 0.8143980779349788 -2.648790479858926
16.579032061473413 0.7249174510177419 -2.6280374734878014
16.989845069203547 0.7777845425741187 -2.6667974128719996
16.472743581400692 0.7035065599119011 -2.6236101796346114
16.57041720135655 0.7945663824910004 -2.755922690347431
14.00648431995267 0.7969604158325316 -2.643028807136234
17.894465797235544 0.7211522493461463 -2.7716713315191592
14.484401877721782 0.8164370405014251 -2.6343389251584615
16.515857998715394 0.7872475472813482 -2.758787982443752
14.452232445936932 0.8091951182453347 -2.6300109791658572
17.277681362356617 0.7233003917640615 -2.648069167179034
16.51663320040977 0.6749337801220704 -2.7329465398387827
14.541336291423013 0.7389415678893421 -2.62327466589392
14.974684058067018 0.828082917202075 -2.649069162095814
15.380006864687264 0.7538230953139173 -2.6138710566308934
17.195446872724276 0.7149268985537393 -2.7697164826153546
17.96578119283228 0.7075338697377789 -2.7696428832200066
18.38091624234523 0.7113712373905 -2.761546356016795
15.368460807001943 0.684158869541038 -2.654632146671232
15.071236222648842 0.8422982053660477 -2.7024773339055788
15.181077569138827 0.71908250153471 -2.7063954579878313
17.30408590945823 0.753035629397099 -2.663131003312765
17.818369401331417 0.7698434084023521 -2.7092023261455678
17.33379760350383 0.774826414994139 -2.760500940861401
15.339533957246065 0.8362751386984154 -2.6693682796937788
14.048903661088037 0.8125592761899717 -2.65236957761155
17.509237140520934 0.7827721708343127 -2.7039222332738984
17.617675106603166 0.6519996045312973 -2.668851840474329
16.040954758800808 0.8296418468835967 -2.6890777595943343
17.693160977135747 0.7709951925717365 -2.7007837079884096
18.607659036055626 0.691487362869233 -2.748459789733765
18.25799405644323 0.7270368716858104 -2.697105650006714
15.058660826698656 0.7997225426559414 -2.726090316895057
15.779116824951585 0.8236836479426827 -2.7314790852032074
14.60499293360262 0.8109936621386695 -2.632981495346292
14.719892138958786 0.8310166650408519 -2.6517042205022423
18.240666756344304 0.7479808371260009 -2.7419893485854283
15.017808122570468 0.7986469956711613 -2.6287741986105075
17.622923042119524 0.7395271178652735 -2.67023843103296
18.40475690897265 0.7354491049645755 -2.725202976274925
14.186023737799804 0.7719104182175697 -2.659787977390094
15.765752813086689 0.714476056265193 -2.732218171854833
14.587014404983819 0.8382968630949382 -2.6669620980951874
14.442428211251077 0.7617963740664947 -2.682267231316776
16.343116377469855 0.7972208137379903 -2.660785541867752
17.925507156835295 0.6745256475264945 -2.755534564293259
16.234273385339655 0.6649783697492891 -2.701245136619707
15.338713440669771 0.7057160489313191 -2.6202595597634453
17.577090235705153 0.7495328451790488 -2.766808450432899
14.533663027951517 0.7367909064612668 -2.662028373553039
18.1801039238617 0.6794862815411887 -2.6810840069632107
16.37123232106332 0.6761252190877041 -2.7251566677282675
14.569174186509144 0.758462511366668 -2.6190043276879162
16.8440386023741 0.676304488903999 -2.637818732377978
17.464242858894707 0.685166093362923 -2.6514104518577595
15.73431074663678 0.7644266427695404 -2.624828835115023
17.825513719011788 0.7712137990670684 -2.7296825997928558
17.7568693843508 0.7040152070874862 -2.663489180359453
18.133429671577566 0.7370387924805444 -2.6993680303771344
16.818930925334584 0.7061457108342583 -2.6338873438733
16.427453750744554 0.6560718020400514 -2.6886900806151353
15.504538193195378 0.710695347506004 -2.6173400687623003
18.538442826337146 0.679456515506838 -2.7408915747634985
16.910362007274006 0.789276888633889 -2.752384435012176
17.00861814489076 0.6595984094534325 -2.7271766921066183
17.126908267294674 0.6572391294435997 -2.727153441461847
14.299358587341073 0.7612126593213779 -2.6351644670523378
14.72366978599767 0.8297185000373015 -2.6983117864409225
15.609091845857057 0.8332530954133972 -2.713184726458037
16.213896403484167 0.7930168940620816 -2.7500721060538984
16.03273126528652 0.7598188686495926 -2.629614984459061
16.108747426554864 0.7380507525523786 -2.6240026037622557
14.552513381211789 0.7404303202209627 -2.6296767955486993
15.386006613034272 0.7416451626020022 -2.6150291018125857
16.329122727000154 0.6570383907935775 -2.670887418925316
15.314949643348118 0.7484558649876731 -2.7272156180814244
16.676440710340504 0.7777398714388765 -2.658766133283126
18.009901840151205 0.7498036942157325 -2.704440545989738
17.30118877947494 0.7043106389016137 -2.6478103477297283
15.68314827890572 0.7336962860732642 -2.6170252064378374
18.536844861509735 0.6744683309548939 -2.7160910665667566
16.768239301339435 0.8028639311751841 -2.6903864341072214
17.684025508100067 0.6478995208919441 -2.685582443448255
15.543684256132957 0.8360937065755939 -2.6934092279296693
14.813500912200137 0.7568383157566348 -2.6170743101150165
18.375421548395042 0.7237612089580777 -2.71153579724152
16.903357608155574 0.6481620158663133 -2.6783418884882924
17.763105607350475 0.7681393810206867 -2.7113032259751026
16.660791125591686 0.7455120431485079 -2.7628160168551776
17.31110700063481 0.6881968032382537 -2.648083527228983
18.389060193177208 0.7282066169314977 -2.742884141013878
17.75578194243062 0.7690128241867226 -2.7421261332996174
15.407900897887583 0.7689226111576631 -2.6226297021803053
17.878807315392518 0.6652205262206111 -2.7443649720102545
15.091555176267514 0.7019338973986712 -2.6468352598098708
14.549755797605645 0.8329951127984959 -2.6752903967868518
15.938579746359792 0.6774324207302026 -2.6997810563112723
14.720967527846339 0.8263109649094106 -2.653150181199938
14.368461490576653 0.7603252533426409 -2.632610352539028
18.06627326909024 0.6524490649004692 -2.7180066261024143
17.106173145753164 0.7519072935644797 -2.658839267800594
15.75396791231875 0.8316904637567691 -2.6916474054082657
17.78201859379044 0.6496073091586142 -2.7184509723794408
17.574959819867207 0.7737185319480103 -2.7458680363833428
15.814256678296289 0.7197561838816113 -2.7341296465976668
16.21868519987789 0.7857240398694523 -2.750695819711019
14.549642724802743 0.7449846930974469 -2.6695234089140456
16.52365358018726 0.7730267494238435 -2.651853678280795
17.103949900866482 0.7578768495183502 -2.663204791503825
15.023640631953713 0.7353964071462855 -2.7025913246854216
18.473079636289434 0.7130399441520398 -2.742047441159528
17.42902314882769 0.7788481558931852 -2.7021401752640966
17.800017798120685 0.767879915807174 -2.727684419998522
15.315769847978409 0.6923928593371154 -2.6530169228077005
15.733323902581995 0.7873127449564246 -2.7411045796236504
16.17210720968872 0.7019733760794686 -2.735864185706123
17.453755174601234 0.6611115878910412 -2.7345388470117613
17.964897584188556 0.6543719628598196 -2.694473529340679
15.21476201359232 0.8130340545784435 -2.6481759035020316
16.82601389773309 0.6705992932200476 -2.7310605801702033
16.32141409270894 0.7872570513381744 -2.749578305147066
15.734498727485546 0.7127657813418183 -2.6203590724005674
16.69037288487542 0.7468715073642727 -2.760910881545372
15.314656456171393 0.7903412958473792 -2.728856409664598
18.063132334818143 0.7101751170852497 -2.684423295573371
17.262496483478465 0.788079213485765 -2.7334120235041306
15.736789348545653 0.723716631242475 -2.7308024750065343
16.922182192313663 0.7808728701222895 -2.675840326258306
17.08911047838112 0.7606285945326049 -2.760274249077752
17.422155795759366 0.7367901756301317 -2.665737977146721
15.59349188570733 0.7773645051192736 -2.6319111664482966
17.14935248953588 0.7829015131190367 -2.7463412542877323
14.954424565510799 0.7889625886609821 -2.7147588786283823
14.248700824741787 0.7871788427770714 -2.6588780377501995
15.560120078309525 0.806308540056826 -2.6511175404037797
16.735290381828612 0.6756298415567191 -2.732149669506628
17.29149625451628 0.7875699444414067 -2.725608861056359
15.452437601576706 0.6952399970103713 -2.635377059280895
16.608388449693365 0.775582380472885 -2.658880860728007
15.744594176728173 0.6885087449854543 -2.633541004068058
17.700448955458825 0.7640117275605739 -2.744349406952413
15.947332267847331 0.6715102008157082 -2.675251712280896
15.12432327465048 0.799656168508805 -2.637930393091555
14.749020364125581 0.7296063735716037 -2.637287018854906
18.209306761473652 0.6731053247283867 -2.74041419363673
15.895175788566863 0.7213926364794158 -2.6220741765193156
16.061784745386287 0.7986758823117731 -2.740373593048182
18.066338957750254 0.7160573986196418 -2.6886272560683135
15.76989132572165 0.7456340669537744 -2.7392954100992934
16.29817328526181 0.7024894440437782 -2.628100402473785
14.93203485346937 0.7328914720165582 -2.690019822916872
15.79146394938594 0.7381645076807555 -2.6225260659628518
16.49042323160483 0.8067278929322688 -2.6888270577652085
17.386281866857065 0.660274597222807 -2.7294048040149743
15.717511866757416 0.7871570966999063 -2.64101386899548
15.377353872301718 0.7978551655461561 -2.641188794747614
15.90159503895828 0.7287334310226565 -2.7381437141690554
14.603683350598224 0.7600617457436738 -2.68375472060157
17.609791557142053 0.7187234525428913 -2.667039702071582
17.610699443240506 0.769082227239708 -2.708976700891302
17.08230726169277 0.7892274232845099 -2.699298645530442
16.41072535980347 0.7382368433888977 -2.7541155228928824
15.457209890020172 0.8271839961368231 -2.677955015273181
14.6312686470704 0.8018424247680005 -2.638590547254351
17.92830035445906 0.6773979821020127 -2.677378168127361
15.065816858414326 0.7088499704505072 -2.6618681586021697
17.866582573832282 0.6702904060871032 -2.6772005676108757
16.15072027001613 0.7273833509191971 -2.7451833122806333
17.734406723198983 0.7019443843792987 -2.7599945701721778
17.090910953695044 0.6588228438776691 -2.7189790191649674
16.203753277792224 0.8041545894753405 -2.7356078975485087
15.22229847094876 0.7053293201623115 -2.637154498926657
18.460724305854693 0.6944443124906461 -2.7232084764908295
15.899275523833062 0.6745191164978885 -2.6748284103109414
16.933140016587814 0.7512934545568187 -2.7599060200747063
18.09192166080647 0.7416752892010455 -2.7189534318517805
15.278315192156168 0.8284912377447472 -2.678902250741224
16.67044290337722 0.8053767354167446 -2.7068919138077865
16.187723831655013 0.702480902665903 -2.7332316084805326
15.902340656050482 0.7857675957040825 -2.7408822996638453
18.398768250782346 0.6849138958338875 -2.7325056064862183
15.750878714404873 0.7897116678581924 -2.6452296143361536
16.6043045611252 0.6576184686258838 -2.684566891835483
16.964511350606067 0.656991587470554 -2.7079184639699876
14.975584882277069 0.791220716854404 -2.711977322458237
16.86036779097138 0.7375341887746957 -2.759394079658584
16.90723661009089 0.7933713060797281 -2.734151698950003
15.986454086775996 0.7956403331593442 -2.7381031133905376
18.247109259152666 0.7289601967205808 -2.7267427247428957
16.222223921268395 0.7858279190318807 -2.656125296928092
15.158412848841596 0.8230747411254673 -2.6661162591599243
17.700326478805227 0.7459472701877529 -2.6895406289458426
17.48255676181201 0.7091919215494616 -2.7598976836194486
17.924930675591135 0.7410499304424724 -2.7488699127537894
14.375169233010565 0.8011879488750658 -2.655118591816387
17.116986729739015 0.7681302014030255 -2.6776826950408066
16.116843364953038 0.7972482977504256 -2.6634408994795993
17.323827158718064 0.6840841863531308 -2.7481659010536688
16.557900589422612 0.7613471333512891 -2.7538917565363676
16.718258470888607 0.789114306202935 -2.7420905773228443
17.885343553544967 0.6579188311213104 -2.716491904189038
16.368281222479407 0.6690464344718967 -2.6514838601770228
16.368525855275898 0.7234290418317834 -2.6323713002457394
17.422084441020342 0.7372906904939994 -2.760037146368726
16.51804295078318 0.7941452428565897 -2.6769847796704624
17.84138904638099 0.6746683587194163 -2.677813619289692
16.902638924124677 0.7312407339537 -2.6481589136803194
15.317782146055123 0.8268851115571197 -2.6939048513316277
15.635086752764709 0.6920726074633402 -2.689461479243858
16.33272520826412 0.7753373644336593 -2.6530028214535575
17.64336874119808 0.7043605794862193 -2.757822316844283
16.99628215437221 0.7911055530712723 -2.704202428953106
16.329898551229746 0.7086644231353133 -2.7400909808862783
18.356752798613776 0.6917469374106243 -2.7346263551748073
15.294040817571142 0.8242684819880551 -2.7010009260392636
17.450493935275297 0.6587588392866409 -2.721174749143148
16.30054092947397 0.7202620699893603 -2.631106064535877
17.34558948732002 0.6635552928883558 -2.7276172590145498
16.851003813416362 0.698707482505454 -2.7478657178342027
16.688390694922017 0.7188482122670983 -2.6395566074811105
14.915405085273278 0.7759660830191029 -2.7057411917329235
14.520311654943754 0.7695257871743024 -2.6735050554821176
17.051275529497083 0.7783268460669461 -2.687090493491809
15.410271940611992 0.7688425432473782 -2.6297702186926144
14.466718224585122 0.7709048761293046 -2.6662347538724145
17.801235960529503 0.735325661231996 -2.690117509075038
15.638281880503905 0.7538984903108424 -2.6277445978935745
16.746291772461205 0.7218268387320687 -2.6419553623104113
16.817174146879584 0.6837845581750204 -2.7366061527272594
15.528468471989186 0.7450199154626018 -2.624551705698549
17.7513590173674 0.7509735732893431 -2.702396842419627
15.414655306974044 0.7716207992646922 -2.726402568483757
17.960322622180968 0.6756000161997651 -2.6859270911474917
15.773156953376127 0.8085538252100186 -2.7238634486065356
17.665835414704656 0.6583016745823234 -2.688303651284678
16.491612590337937 0.6714130636113371 -2.7095954608544304
16.093570155660856 0.7661633317445572 -2.642157378658873
15.798166361489745 0.775558461465379 -2.737158302408883
16.503116922707328 0.8020332343979206 -2.7266003929602576
16.859866111018086 0.7728531389328777 -2.7489960590748126
17.91739050458785 0.7387233378464477 -2.7456415286601876
16.25359211522052 0.692762086975987 -2.7245826921735286
15.341133473499218 0.8202913551170843 -2.673122877111739
14.625018096572019 0.7880064791268995 -2.6870520299873553
16.05898103045591 0.7320923699839677 -2.6298343731011045
15.111101132962704 0.7245344720236755 -2.6874726141531795
17.5810304987669 0.7655825555417796 -2.730822220985748
15.526396317171132 0.6916850184556479 -2.6647197653648558
18.20961323862185 0.7111550527149986 -2.7078520947177305
14.994591134903253 0.822479539879848 -2.681435981245814
15.541300495037412 0.8141582675781182 -2.714070939513566
17.79870373339665 0.7512427931550639 -2.711210700240647
18.305729933596147 0.7075833840212602 -2.724223306335144
17.303899443822406 0.7515225743046383 -2.7540472172905712
17.704967997710803 0.7101420535216537 -2.6744082930426956
16.90517168273046 0.6660016898418789 -2.716517111067079
17.489125274082394 0.6889360626909097 -2.7488139763997017
18.205695099657653 0.6946132934144735 -2.740004752493527
14.921655173769949 0.7998166645872545 -2.7016067871641485
16.743658707954154 0.6814049829372132 -2.6463413534678155
18.038371023103906 0.6668213433875807 -2.7114568028790846
17.063017984640496 0.7864656092132607 -2.7136475546115966
14.532306252478095 0.7639048904155358 -2.658304333817221
18.30087557835454 0.6986024034865594 -2.7217474481587205
15.47515179223778 0.7135027511248002 -2.6299550812829264
14.483474735227196 0.7830391021598508 -2.650278987948812
17.801192570765917 0.6904366042024741 -2.748014996162193
17.666618362579786 0.6732894512004927 -2.736431314172046
14.569516306503642 0.7777395732076768 -2.6758962827013653
16.814186698616485 0.7857861384559827 -2.7367286918942657
15.772204937244377 0.7588301541084808 -2.734763556408558
16.295880945675222 0.7680576587387971 -2.6506631626959285
17.056833980418453 0.66059694877461 -2.671594645143659
16.51514960925678 0.7924457568867693 -2.68121020334147
15.972355414252755 0.7836863472359271 -2.736262470268027
15.890396068362637 0.8151527783524731 -2.693685628903485
16.82961936857331 0.7155044815122519 -2.6456386534157446
16.091958279641336 0.7180517602154634 -2.7331082392027186
16.388904222413203 0.696083902591775 -2.637605969040406
16.427663519094867 0.746332395899051 -2.6439646474453813
16.764567431528263 0.7752806298876586 -2.7439570937438016
15.467367670926105 0.7416182947065112 -2.718188373326785
14.796439557623131 0.7883832227382498 -2.6934548034197308
15.715196256964125 0.7994538358501502 -2.660081771575644
14.788931233370937 0.7460301971210376 -2.6391917929894193
14.817323875553942 0.7965660299280317 -2.6929666609389686
17.767963773980995 0.7458858842906472 -2.706715450735113
16.322107656107796 0.6691658561244892 -2.674074361275744
18.19393931360426 0.7135497343755604 -2.7251025036520575
16.288228350632718 0.8051582082379432 -2.695624432222151
15.805752404521117 0.702827955912285 -2.7082413888394186
17.093903110827185 0.7681861066357336 -2.7438764696394813
14.535981518244832 0.7814249112275776 -2.6634212353726214
17.81154907192118 0.684832325816031 -2.6814192644598926
14.771260868623443 0.7439723841874728 -2.6645174076500657
15.73124601671916 0.7880911556522858 -2.651382872276097
18.012107010537235 0.7142975091175165 -2.7437631908307765
15.71748365831189 0.7212468144874904 -2.629227692481712
15.180741048888365 0.7150846373473511 -2.645757176039528
15.201056652227784 0.8150989311173642 -2.69495718302727
17.693226996226848 0.7364521953337958 -2.747912184966635
15.126938429912405 0.81643086855413 -2.6784197573678616
16.2822240723601 0.6777262846276759 -2.651618891924885
15.793601422935877 0.8052163392335835 -2.718371895822934
14.685857536184443 0.7812704891059357 -2.6435441491826195
17.237813604278728 0.696970414644754 -2.7470648859984754
15.293122465452432 0.8079169350236464 -2.7059170708286877
16.570730641775665 0.7459281939558751 -2.64951220452628
16.647047403713728 0.7770523568508617 -2.741022980815865
16.096176312539537 0.7582414692743091 -2.6426450392776197
15.016239614636564 0.7760280458946497 -2.6366242125572983
15.362646144505876 0.8165993694390152 -2.6881096206650206
17.711066632305567 0.6663917204260411 -2.719744633125355
17.764054456209266 0.724068263381617 -2.7487563987384513
17.720687724644705 0.7239354445618259 -2.7493268828291333
14.733206462346503 0.8011489172479294 -2.6598925492893604
17.419924015445318 0.7648065445817936 -2.7285561541114687
16.88531743786173 0.6788689294191341 -2.726244767787289
15.592049300637495 0.7215633891543297 -2.6308404611235705
15.09177345649525 0.7977260290277991 -2.65134283308999
15.646643612823105 0.6979263897834039 -2.686557796572673
15.195375162097184 0.7494039176369537 -2.7046265747314537
18.15681888847589 0.7076858865977046 -2.7255665694392626
15.592603563309908 0.8024451447005474 -2.715322225713357
15.473188532505782 0.7101120477980253 -2.6906769540124067
17.28551764750714 0.7036404939636507 -2.748544245803685
15.575962080010656 0.7968352785320056 -2.7183450801551947
15.603309837247513 0.8106557237464036 -2.705286742793789
17.720299307627016 0.7293922560806193 -2.6909167602986646
16.99932265737182 0.7026021138939859 -2.6523788270959123
16.179939920889037 0.8006963434645622 -2.7195065409823833
16.728646347027144 0.7910639612125737 -2.706502985974159
15.615544177943885 0.7903185982595536 -2.721867640802511
14.890024123640098 0.808165872737041 -2.671554820851522
16.351560873173852 0.7771311850187288 -2.663442236681893
16.622933969667223 0.6660606859625413 -2.682917214765875
16.99782153099043 0.7800451089537285 -2.726709038491016
15.498660120263953 0.7994265921160033 -2.714326905119912
16.151902833503087 0.8022459732290662 -2.7165048645289804
16.40824052519783 0.7957736748351262 -2.721859555049333
14.791320247036806 0.7544748001456313 -2.6736213802841977
15.491819843092932 0.8016305898469297 -2.662403558783568
15.380694606791987 0.7218967087270258 -2.634443895543405
14.81646391338135 0.7649988087444423 -2.6835880083851897
16.007089818010215 0.7754894254543745 -2.6521332264253186
15.86110563705228 0.765847690882176 -2.6430209211358084
14.820209452633001 0.7526494189114677 -2.6422849629587164
14.688185854230364 0.7623826997434202 -2.6517980721611547
18.09590628901258 0.70873853193401 -2.7154529798358666
15.507061465640206 0.7637245320824282 -2.72078581140597
15.75335870721035 0.8005352521104347 -2.716675424750628
17.106570083383417 0.7073885168577179 -2.6570901281684893
16.010605074881703 0.7061023315233336 -2.63662415447494
15.193547611031828 0.7350288004730959 -2.6346445017678146
16.018395568424722 0.7909327588751022 -2.6665540780824832
15.643150290950455 0.7049037939577926 -2.6409542461901325
16.8069652448764 0.754460132360071 -2.746303170757277
15.191133113863069 0.7278476602841196 -2.639071344924795
15.832811568803843 0.804367506372338 -2.6798146262140996
15.985871461671442 0.7653609479664086 -2.646741001421762
17.38490733447516 0.6929362045751215 -2.6671622387220877
14.78031166425275 0.786951677834333 -2.6806739870861067
14.72982075284966 0.7775575251893989 -2.675063706777272
17.53714680772211 0.6785142348735947 -2.677464699300538
17.740111379574167 0.7288643330510075 -2.6957727745967244
17.52174407640642 0.7553711303123517 -2.7118705830824172
16.77660847720171 0.6662579581161452 -2.6889737621949608
17.16066517808296 0.7673109139827539 -2.7332384121025646
14.771687774470745 0.7843808309802848 -2.6785325262938398
17.03074729010602 0.6898456964811923 -2.7352170631540647
16.814885310615892 0.7215778815100579 -2.651966413837897
15.089860278103101 0.761449365582928 -2.637281594468197
15.00589265656152 0.735688859599335 -2.646497493936321
14.97446967458415 0.750613107336502 -2.6396664442271778
18.035503280939082 0.7017961913221616 -2.7291258904508133
15.959367777054728 0.7001276748215975 -2.706663791469806
17.724981986500197 0.7429661307875469 -2.722943317567479
16.330265828369388 0.6866212645187044 -2.649289510328483
16.65498507780112 0.6716253357019886 -2.6995392640945486
17.9625959105264 0.7214111230690268 -2.716782670876926
17.33751031286225 0.6679858213785715 -2.712588679019925
17.57272092891875 0.7001657223735885 -2.6765233986443553
15.286802479307596 0.7904187757858945 -2.6526629512274584
15.538715214442785 0.7513275460651867 -2.71738505825907
15.545412015640814 0.7807773773771479 -2.7182057342608505
15.265563989305834 0.7263286874956233 -2.6401743842184624
16.5991796582872 0.7146246466054501 -2.7388843797265996
16.5040615926876 0.6823540174506302 -2.711174877939041
16.20049252690374 0.7847965464997233 -2.728514764544851
17.28967000260531 0.7650368063991425 -2.7132779572995567
16.925008536264208 0.695811488536076 -2.6546209183760405
17.231862094983494 0.6772586535362768 -2.669951443434405
16.397036385419813 0.7216728200817745 -2.6428404794126
15.00142785051364 0.7902493687341876 -2.653918289227623
17.396352446382522 0.7192616893920396 -2.7468629372984945
17.975464552961625 0.7149182698085355 -2.717904571867268
17.215099234150777 0.7666793026046655 -2.7232694845357486
17.214020771292432 0.7032545468974165 -2.742680890714489
16.715476694988098 0.6745287098664292 -2.7056756368374164
15.971655745244732 0.6985860653822094 -2.7030154975352274
17.9119479125585 0.685555578562479 -2.7043787214207655
16.79621099097257 0.742301228640773 -2.744839747041997
15.139282616300878 0.7427328617936274 -2.689022882698864
14.9679305140961 0.7646279646584033 -2.6875303744856476
17.463064648430816 0.752278959142214 -2.7065224888099735
16.580402219658133 0.7877979182126634 -2.698862855424321
16.12840314132608 0.7003888001923593 -2.6431902964094243
16.53931165674545 0.7439836567843937 -2.653716397876094
15.771575382298378 0.776710528086106 -2.6525347662879737
17.055385673612225 0.7283921557811958 -2.664365368707402
15.207483364019305 0.7940893469622645 -2.6978615624955413
15.646891492745464 0.7047160341963243 -2.648540577834195
17.64355742788962 0.7080962660079382 -2.7410020049867647
15.185683109879513 0.762671935183143 -2.7002842804828355
17.560060816108564 0.6725141328005073 -2.693134889875128
16.01637868372066 0.7442854981579722 -2.730062109463745
17.91042808525811 0.6879256685557162 -2.7195460106493528
15.86489797806258 0.6956441711288996 -2.6524380437003776
15.041163336704193 0.7860521384573848 -2.654011249402939
16.408024634011134 0.6837159960168171 -2.704243666960804
15.206132358288418 0.7258612470945538 -2.671653874871142
15.474607710516823 0.7226653978825476 -2.6402987426541804
15.003705424725098 0.7819499129664105 -2.652447115077999
16.571198428484294 0.6754360471625698 -2.695432013642965
17.85087350139156 0.7200693590545314 -2.7280193015640455
15.330105329342048 0.7904905074147223 -2.7029107536671084
15.427609161256848 0.7982577848964864 -2.700231769582018
17.407395176610407 0.738566113086955 -2.6883722139823334
16.368058682253388 0.7763384728826088 -2.729966370480142
15.42803882964655 0.7763075503838645 -2.6486780431298
17.459096696916056 0.6912217528571752 -2.676608035760286
16.55583241065041 0.7699679097117716 -2.6734267633272375
17.072713877457076 0.769532001639705 -2.715048332393456
15.639774591994897 0.70264934204641 -2.6748885213476736
16.27683660479292 0.786969717286455 -2.7199899164288732
14.967179033391194 0.7761280803328704 -2.652550822043935
16.9917373507879 0.7314791827265988 -2.665340121879496
16.39330294467515 0.7335234968633757 -2.648301753845254
16.399011550049998 0.7900007334225105 -2.703888248086252
16.667383595781388 0.6747056130837794 -2.695340409805974
16.23922042578001 0.6846052276792487 -2.691413530153485
14.86442792407222 0.7691271990149773 -2.6627463957692337
16.920007437639946 0.742126643107258 -2.742016329877706
15.07962518647402 0.7375693258234448 -2.6669578890820813
17.01839118755018 0.7696589917491584 -2.719457626631744
15.909386428358182 0.7875647785685383 -2.6695549374572822
15.163802322456027 0.7791196675242563 -2.6959004974833944
16.863276834146816 0.7220453708343673 -2.658487985447719
15.799662145108512 0.6962911537856873 -2.671597306928767
17.880625001458235 0.7108407509469199 -2.720408517740468
15.258025806495853 0.7841499992947611 -2.699412869224987
16.82769884141562 0.775927199962797 -2.7033101463658986
16.08022560727776 0.7220933249044292 -2.641905626010372
15.230035313162938 0.7749618385286359 -2.6994644220861272
16.23446070073315 0.7876936089615785 -2.716687853393693
15.541406753721256 0.771911934158428 -2.7130113064977626
17.555583396610576 0.6969264402073502 -2.6830172783196353
15.502091114459311 0.7710927684132154 -2.6487368738288515
17.36319609765047 0.7029198145667156 -2.673987263082237
16.327347338029398 0.6887249383213785 -2.7034568731200253
16.304384633154143 0.727293840497426 -2.7310768807588395
16.949853920170526 0.7541853320908324 -2.6792723395381897
17.043175914525946 0.6749375769646574 -2.7080115130237794
17.183873752504525 0.7610232398640273 -2.7188165806023026
17.303939179912486 0.6766231516680224 -2.683311901984867
15.92175285893603 0.7024350288848582 -2.6492283060315867
15.903778854323212 0.7518098382572822 -2.7239326311488217
17.508654850087943 0.7314268335791053 -2.735318874192355
16.83303347133365 0.7649328857060762 -2.7306483558046484
15.761799172124286 0.7386268420013629 -2.7160004073831145
15.245032865216515 0.7527157515519046 -2.6946857526837227
15.946420403139518 0.7405562276115374 -2.7231098506797515
14.995497033429729 0.7839941492378549 -2.6689626220497793
15.010721411783667 0.7803534489641251 -2.679690653888729
17.36602318425126 0.7515516283774364 -2.7153264077036057
15.86217704330654 0.7530401676002976 -2.6464421105354017
15.873422247071217 0.7908572438531645 -2.7091410383798573
14.962634256804074 0.7739433476736705 -2.6617536494195173
15.25651223889971 0.7938651814050145 -2.6739769663900326
15.71080657147445 0.7088250223162711 -2.6503035463925415
15.66966360210686 0.729408508115243 -2.641441956389897
15.611386289243205 0.7645308133442282 -2.713891666739764
17.627966272001466 0.7325162134402204 -2.7107137673187807
17.312222465769928 0.6773977962168787 -2.712992080714426
17.24940321087854 0.7564235748562347 -2.7107931139233052
16.141512983268562 0.6881579266945069 -2.6832151898110785
17.229969681782432 0.6755323506678201 -2.7079697077994123
15.664035326838716 0.7118335517491815 -2.649768836385501
17.235921169584305 0.7373769842353163 -2.683478144172667
16.989111133041064 0.7101574566225975 -2.736180627391766
17.665117057619803 0.6864333939439419 -2.699820577104166
16.55693729839866 0.7336826522827604 -2.735523169660949
16.32200420115322 0.7871444522316758 -2.7028871194787687
16.4456342727811 0.7599773423535303 -2.731905525397374
16.384783468233294 0.7064715207295473 -2.7208346014410187
17.11865196049493 0.7337796710236246 -2.738795905573044
16.861317481160945 0.7138777554955542 -2.7354427581049343
17.105317227551673 0.6740231416608914 -2.694582816076149
17.694527140427773 0.7207224582512486 -2.7076588924228906
17.747995352386265 0.6946741082829477 -2.717754375206152
15.541424523416058 0.7498982031322974 -2.644143278613371
16.53099274279771 0.6983423919019704 -2.654557308213625
17.422051906097064 0.7018286821395597 -2.680630068545974
15.071000066442412 0.7699158929979122 -2.656850460676071
16.82070571633797 0.6882545006037362 -2.6641370110050038
16.829416055135074 0.7717417027935922 -2.709078135281277
16.46887225226974 0.773492887265388 -2.723587216178056
16.84480414262206 0.7618183011298856 -2.7285028932942934
15.503398966683513 0.7714427976309455 -2.7068025044829676
15.573057363279993 0.7878574840624873 -2.6693228454670415
16.855213487440743 0.7625061424030984 -2.7270499635876764
17.449049910004888 0.7032011121508788 -2.732084099702943
15.694461076216017 0.7463416260841442 -2.645030681978783
15.58747221360822 0.7230372317532701 -2.6473985249073166
16.511718471843018 0.7411312454697587 -2.7336030977749766
17.470155498159485 0.7204860591539797 -2.6896992830316053
15.266083790434587 0.7810529109651277 -2.6622522948588188
17.525238636001145 0.7310971786042961 -2.7034425040757277
15.666734522588406 0.7286171158152569 -2.6449492310330323
17.632987511818747 0.6909911901413353 -2.717294237239221
15.851470181783398 0.7118668022690119 -2.698598853747188
16.54671861894829 0.7713563694717723 -2.7225012007880727
17.69627339689889 0.6938747386693064 -2.712045858487996
16.14778713072771 0.695650689622039 -2.6954863757411895
16.216270561442407 0.7049767389916104 -2.7108383338453086
16.83858142162034 0.7053287641528001 -2.660985780563184
15.183339537915902 0.7709134951959912 -2.6874853878249034
17.375242164313747 0.711495761538949 -2.6815887776424945
15.378137449134536 0.7478994463900625 -2.647206716606573
17.296300673444016 0.6834991337159693 -2.7154079731925993
16.27962624115237 0.7646785634216368 -2.666803182649554
15.80161536138776 0.7404600309104714 -2.7135905983210833
16.89366857564874 0.7190394867699988 -2.73468817657991
15.399034629550552 0.7475413113785437 -2.6476368596202624
17.686078354717164 0.7017317525522534 -2.7054080391252224
15.196391001494844 0.7448337763508663 -2.656453508969257
15.692033046185157 0.790943548430727 -2.6874720558872687
15.781837690871845 0.7452716976081466 -2.647580634466999
15.54397295712717 0.7348364917622633 -2.6967206847100407
17.305601888758787 0.7455119114491374 -2.717200484971082
17.663119600425752 0.7058556822443591 -2.7181979679392514
17.35021558846639 0.735286431363991 -2.7280892024570655
16.761699141002822 0.6811580042691986 -2.678659067611843
17.364056295264476 0.7201668189641327 -2.686320718448793
15.843696754180092 0.7822502395102525 -2.6738719570023184
16.540882255562906 0.7505255596643841 -2.7302179405663445
16.756521925791546 0.6908882235251281 -2.6662461791764347
15.676327755036393 0.7704099897510963 -2.7087063664479683
16.17144340849651 0.7840373635619531 -2.7000359829915963
16.245308172448205 0.7591522144726045 -2.724651971043505
17.374827356613913 0.6861412181631301 -2.7134673390416157
15.43467066226555 0.7249151054585764 -2.667042585710546
15.598842815715601 0.7704552101770179 -2.705296873895582
16.857039477792927 0.7621986559205324 -2.696425833816498
16.010841507711223 0.7002752896662092 -2.6871671891949283
15.971131949678268 0.7394562825928055 -2.6498977362355673
15.946273208151412 0.7848513582222814 -2.6856018678832774
16.663954113638802 0.7663880998914977 -2.718340098876295
16.14950548099023 0.7730652325125068 -2.6744260083878846
15.569013503197285 0.7194787447873092 -2.661131466368781
16.664944257752943 0.727511053089092 -2.730531324144401
15.885192050622447 0.7464218276376657 -2.7147528501803144
16.478110297460198 0.7334849535795744 -2.658900108521877
15.259656147192574 0.7517909090696737 -2.6579236255253287
16.1432379782863 0.7746765059924536 -2.713428733102977
15.574342713329651 0.7702667225657109 -2.660421775680483
16.730147874517158 0.6912629848416842 -2.668415795120632
15.425947532308257 0.7586152916980157 -2.6955225310954996
15.853397703669593 0.7689922313374273 -2.663407516007079
17.213078329930493 0.6937383387993765 -2.719893356972964
15.72617625438195 0.7195190982169472 -2.6538087438901963
17.290449158290635 0.7380040364135655 -2.700195139084056
16.242700301620296 0.7315015565454694 -2.7216759772388768
15.9527432157372 0.7539297609099362 -2.656332612254449
16.830199726993712 0.712738000105107 -2.6655622946515027
16.081792508612345 0.7155925242685442 -2.70783207110059
17.016979830525635 0.7172000444151464 -2.6727157343839183
15.342316208654749 0.7640280762995406 -2.688609970380835
17.28489014570828 0.6916893462148471 -2.7157445439147216
16.91330296749343 0.7493569803356798 -2.686628417919839
16.876264007499366 0.6846189079887266 -2.68235702327122
15.411436201494757 0.7782303577304471 -2.683596605915838
16.650470104315755 0.7623857072023632 -2.718856471220904
15.24583145134228 0.7650113473640099 -2.67502341554946
17.123226212364884 0.7353959483454331 -2.6870759834482256
16.555006491056744 0.7376837783276259 -2.6644334877943314
16.21039002878137 0.7778295003381173 -2.701021909566671
16.793088333808974 0.6964042856196189 -2.7147299460567753
15.818269893864418 0.7093322770723328 -2.6718722847350413
15.321341583167372 0.764670887173022 -2.683181067687703
17.454980546042734 0.7002749946095813 -2.6982855627965705
17.254197375394412 0.6916760361301755 -2.7126901404614276
17.055056470616748 0.6903960630756992 -2.6810801586231494
16.717375316287985 0.7608101306833093 -2.716620489821394
17.02726687231999 0.7010670319959994 -2.674686751111457
16.947673714162125 0.7342966606427715 -2.7288627187851895
17.003807300002258 0.7524399039026115 -2.7127488561463267
16.594516130445548 0.6997187680969981 -2.711561724092765
17.46020429309633 0.7067012415998142 -2.7174559093654826
15.451664073284558 0.7392945215635316 -2.6830886858614815
15.326451246537468 0.7619728076761444 -2.665593492767759
16.64043703925713 0.73422504591055 -2.7269327970902415
15.493219869014595 0.731837966032466 -2.6628128159822744
17.14951623236996 0.7441257296934563 -2.7069473087977025
15.313718976445548 0.7620048058691535 -2.6684263933261647
16.629244856698065 0.6892819488622878 -2.6949658592241086
16.611583561702332 0.6925144413336081 -2.701415994075272
16.837399518098806 0.7538410667310929 -2.691785431836496
16.4634122347507 0.7062743141109911 -2.712203454777244
15.437599646231638 0.7731046471902336 -2.6759445121555023
17.469104639806528 0.7081856052269713 -2.708968870992366
16.64671287854377 0.6928062314224871 -2.7018754778376004
17.08179345598311 0.7025365852552381 -2.679074387661083
17.240930192197958 0.7103392765522826 -2.6864640163770392
16.275253538809416 0.7175752242630803 -2.6576548150262553
16.45390148610151 0.7052579098915172 -2.7095688763453882
17.297568817745365 0.7315763584674796 -2.7120295870899196
16.938112985721794 0.7298928349027233 -2.72667175132635
15.917515233068395 0.7551185016450224 -2.709971447370573
16.446852682039783 0.7347205776958489 -2.663512940446475
16.371400353025024 0.7427341219612129 -2.7211736623975447
17.007185626150907 0.7127393491681007 -2.7237002326521913
16.871553123258632 0.7491930748905143 -2.718848311351026
16.090708920934972 0.754155805752942 -2.7143395760293973
17.046136006468736 0.7420237536080121 -2.718619184003041
16.61106640434956 0.6994090747958887 -2.7075163442107004
16.469753065579834 0.7469502273745211 -2.6708035465263347
16.43390903588746 0.7483931224977493 -2.670643585120972
17.15512522406425 0.7083933312103532 -2.683984204873955
16.996606679235903 0.7401718779708788 -2.6906159184067433
17.120022008261515 0.733028129506962 -2.69276412044076
16.390570657720602 0.7272552947361232 -2.661549524507083
16.50636448073108 0.7096078280623755 -2.7125597378754307
16.891654463458554 0.7418647186272294 -2.6868114258903346
16.18318534070457 0.770492753393255 -2.701805992855598
17.32940787315486 0.7036182309795861 -2.7096421451144694
16.61188512104852 0.7355129610076564 -2.722475040095255
16.11624050957028 0.74793365832774 -2.6634340851165943
16.950426582657787 0.7346139424005538 -2.685049547731035
17.276648266140583 0.7020611142367345 -2.7100652778103456
16.90796684240833 0.6946811777259612 -2.6824349699503895
16.164322027753414 0.7685097562681493 -2.703285309663319
15.889012437611322 0.7398157935942257 -2.6584269712602238
16.507268488008783 0.7162172975245339 -2.6647137231611047
15.643222053447225 0.7688206662805946 -2.6776323551301804
16.589018800009487 0.760280290149044 -2.7017431841100312
17.107264007010105 0.7324010013627842 -2.6957624795067057
16.330018769479505 0.7040618991667043 -2.6970437923266752
16.926910982019884 0.7075164029524033 -2.677686673828448
15.77498924654076 0.7708944644223533 -2.6886515321524085
16.486323819583717 0.7540853804635599 -2.714807454508756
15.542413352118288 0.7453999390289042 -2.6670798113224317
16.719972927326165 0.7546079772047195 -2.6995105214101285
16.958403587143152 0.698469529334114 -2.683823633765609
16.912944135048367 0.7093295053632097 -2.71590832647325
15.653270018256961 0.7631804555798636 -2.6740713886311482
15.763316281167226 0.7553271329079189 -2.666906433002985
16.96757781659541 0.722898645374583 -2.6835553622889057
17.16854899003983 0.723236665891143 -2.7129919026911287
16.32317423540503 0.7638570735855439 -2.6979317090474866
16.55741057611477 0.7568384500330194 -2.7060915794160953
17.103825868886126 0.7216051922375651 -2.6917734572264385
17.018579489948614 0.699461751642765 -2.6906035325625437
15.95600866423052 0.7418619549972275 -2.703115268341816
16.281438670570367 0.7472409243759782 -2.6714689434913854
15.940481156835444 0.7630771117385505 -2.6978491500742967
15.854457408772928 0.7351181098329643 -2.695355180905917
15.631825131535852 0.7470580475866924 -2.6842149013129686
16.126386098305485 0.7173325820375769 -2.6969542302254377
16.126841020930495 0.7412858277411084 -2.7083075255766964
16.775935026171943 0.7456136914529135 -2.6936156022913944
15.690427172086569 0.7608277875512908 -2.679124029983379
15.898555781628227 0.7206098982434384 -2.67233601383645
16.09456576031873 0.748206463847944 -2.707058277137847
16.61869166156751 0.7199061674952988 -2.714388084721018
16.687684348333068 0.7031168773170958 -2.678190113075863
16.63679805527054 0.7400607190025477 -2.6804621129022683
16.788161716660156 0.6995211399227828 -2.698550170469108
16.857804321194813 0.7417421745820146 -2.6965060439454174
16.638529190530022 0.736892009615701 -2.716148424790627
15.844991106054083 0.7301130575671064 -2.6670695028731646
15.808593351762116 0.7614581613352452 -2.688686613203421
16.08720564873571 0.7631143493046134 -2.688771772595224
16.970206556430618 0.7054065086484844 -2.7065871007009497
16.879427735363006 0.7358548560464528 -2.6916842079671337
15.696334775554426 0.7398140495493569 -2.6809277289917244
16.15360490042011 0.7616054745090938 -2.6958122132972706
16.722051014631568 0.7305206049390801 -2.6797960507704897
16.692604183171778 0.7479831603625066 -2.7053992162301883
15.990535845720547 0.7181579271278142 -2.677588832249408
16.47100241265713 0.7503876309257732 -2.68450586499264
16.535038318857843 0.7210711790770759 -2.7113698944083557
16.584663331005924 0.7016566900122962 -2.6859737982572565
16.5156137699826 0.7311508384582074 -2.713441522946499
16.595365173047874 0.7029382748605398 -2.69444234024389
16.605585230478855 0.7212746103857168 -2.6745805782865983
15.941476004200663 0.7494702839271296 -2.697732051314186
16.029624389303684 0.7241661303338683 -2.669001956382845
17.012407307087535 0.7246724357218348 -2.697684278591783
15.91564880827272 0.7571487735239161 -2.6805211662895747
16.712522659683803 0.7138813444415971 -2.708436052841912
16.94535516987567 0.7064290191119039 -2.695096619316595
16.10741780557987 0.7492158096065921 -2.7015051273376782
16.184814714817204 0.7184664537191915 -2.693196558667878
16.285381530090365 0.7538695903624961 -2.686628448081507
15.975190154732875 0.7370389511779203 -2.6950110271993593
16.972562543613883 0.7148363760928835 -2.6941598434774683
16.459272683307283 0.7091559684498273 -2.6938255793566235
15.931281219294418 0.7453849012937831 -2.673019097960112
16.356761779881474 0.7114907517177074 -2.6799648105332836
16.971285845242605 0.7185970097750204 -2.7018195249426578
16.279815737848445 0.7217377060839204 -2.6984816081720266
16.897852757643108 0.727240168226627 -2.6997985374134483
15.996676299899322 0.7357171697858704 -2.6919588815948527
15.944627299089188 0.7332380797091345 -2.685046254518968
16.32379410639657 0.745140664176195 -2.7027663086932145
16.353209140747396 0.7451761921796815 -2.682720546177774
16.596893429954168 0.7335608454342244 -2.683357225521436
16.422211380449387 0.7249528452585906 -2.6768236166861605
16.467902026411664 0.7298336949162186 -2.704732778002411
16.57236708893852 0.7201864040463892 -2.683802589368884
16.11975121820739 0.7292231621151227 -2.6860632948486263
16.704420737496005 0.7190048166498219 -2.6914536529409436
16.463666701344508 0.7264324848433921 -2.699305396971419
16.675059536461728 0.7229012285576555 -2.6980406353531663
16.60268372681626 0.7249726943493499 -2.6879174466304327
16.17780851045149 0.7374043709308719 -2.682875872597015
16.599901150487895 0.7266639154396155 -2.6917844145777376
