α M log_fpbh
1.977976228014666 5.661190186298351 -2.448697292153792
1.7644433453340418 5.058768676021917 -2.694167639441485
1.8925633210809512 5.531177330673006 -2.473443734430119
1.6821711905322243 6.088838353891843 -2.7833994308838026
2.06443844102911 5.5758206454240975 -2.5157056650006764
1.6758426341438954 6.619327675694773 -2.7597907445237344
1.697471186841075 4.997847267887542 -2.649606840542118
1.761083814480167 4.948060529762943 -2.540538210746794
1.6665376999969372 5.501821252200277 -2.7142268552210442
1.872160561612073 6.3370772661350925 -2.5125730808336133
1.770840217657327 4.976351150865628 -2.541083953787484
1.673070014286484 6.536687814897902 -2.5973063300865507
1.7436338836930316 6.478722873794839 -2.7722265940948008
1.6922155836235122 6.534276464750314 -2.7555304005673245
2.1037376424542478 6.0892248039041235 -2.6313022373257033
2.060529859482525 6.483621764717451 -2.5145014767760543
1.7430404589727397 5.899524504057498 -2.7386178383014044
1.5968155727112354 5.548634799599192 -2.6690579694418926
1.7270268863809468 5.89637122302632 -2.7350415163552606
2.002491388580735 6.115908464758302 -2.515873741471319
1.823701725448228 5.179080953166256 -2.546452404469714
2.0701169713908656 6.167231051121428 -2.6642194533832155
2.1115694508780116 6.143258627762794 -2.6207487716330204
1.8045370332057171 6.13034170105225 -2.748365411288706
1.619872074154861 6.641652565341655 -2.6776661815563623
1.7520045481910658 6.82163015032884 -2.7350418210422394
2.113359799292074 6.120438213426539 -2.569199820989769
1.7596059566430013 5.203047525587877 -2.5557557969515177
1.6041678434677724 5.881059110551103 -2.660564275279798
1.6412589684133785 5.410027968545665 -2.6073466716293177
1.7859197355663627 5.172245394657303 -2.610159256670836
1.8049725391666764 6.739925509607565 -2.765781322505705
2.0655625463416514 5.984624994674281 -2.6175575656705474
1.7986376984879202 5.415659024580564 -2.6619671485732797
1.729858262697014 6.529537426085225 -2.5901620722317107
1.8889459339054664 6.335382489267646 -2.7505593177495715
1.6178587699283054 5.717770174625706 -2.6739358400506985
1.706421016504014 5.793888165493861 -2.712284592462767
1.954418708024224 6.599722259239684 -2.73841906985941
1.927463399536906 6.378013374022121 -2.5227507725916487
1.6492773816920065 6.1541093867265175 -2.608375081018488
1.863643591030231 5.3299263767351714 -2.5480704287537677
1.9734828078747744 6.407988197588523 -2.523329062976107
2.0905329625099585 6.14494344447002 -2.617797638584923
1.6854883500342779 5.279624579399822 -2.5809524659584584
2.0380524186180273 5.917900500599171 -2.615632265435967
1.67177650777491 6.032551558119505 -2.5905499348938417
1.7827401569581394 5.1909805896410735 -2.5970452331106832
2.1251209037824594 6.297839529239861 -2.5477866696615763
1.9197984455711103 5.878029394703799 -2.529702473005212
1.9365570180713236 5.594691117876136 -2.6340886372879964
1.7444975634105744 5.967364061682885 -2.726105368746907
1.6422687128510778 6.48569963837182 -2.6804332276387637
1.6209295827336998 6.085376455413586 -2.6578511502217244
1.794949750112841 5.45429571801478 -2.5476087938838226
1.6692185001769264 5.414400431400881 -2.6425836625405212
1.6455604445870597 6.34032209132871 -2.6176940006917078
2.039927338152922 6.560120231273448 -2.5343643388135932
1.6159669758384267 6.2749794795685885 -2.6590593897918247
2.0023476766431747 5.725222866078925 -2.600116523873467
2.1482420284226853 6.422809896588193 -2.6157417355577826
1.6208584199953393 6.3005045373645086 -2.6765211386831087
1.641454178872495 5.500132529052861 -2.622830131652945
1.7443187652023857 5.317551816435223 -2.56897560850431
1.6691799971754733 6.4866638331908595 -2.709678060330779
1.7094761276432289 6.15771812490514 -2.585233928841048
1.7949263971206983 5.766452493940266 -2.699949271803624
1.8322863345267733 5.7767762312139315 -2.6938181850923284
1.9904153966907268 6.572326486900607 -2.5388451697587415
1.7041998291920204 5.3874905216636995 -2.5915269203339477
1.9604072381371667 6.063877745241276 -2.6864601483311055
2.004939344268447 5.982553855790156 -2.6501060642717347
1.6325924830761132 6.141488744860009 -2.6546020269006996
1.9564748102099792 5.690044005556125 -2.540149044911627
1.9647758357342338 5.6052684762067635 -2.5529564080610156
1.888749188577231 5.683697817854009 -2.664829401582165
1.9170581585862638 5.731162094642919 -2.5320515524968457
2.0800759323077918 6.14719330408545 -2.6010658126917896
2.1324176803052812 6.628421828446369 -2.5652858105024836
2.1480178969843795 6.496266303006687 -2.5926381051969862
1.8473375297761825 6.334296420345867 -2.745656632254709
1.6781073153596335 6.704774337885743 -2.692980991138156
2.1642160698506103 6.712144402309713 -2.6518868244658154
1.6807229574078573 5.695159306237929 -2.5882781953480896
1.8905766365888992 6.160476058545069 -2.7178623185732427
2.0059880308378935 6.0679918779609725 -2.540601568784874
1.6711490502030704 5.464861487892272 -2.6302598687977836
1.7481703173679417 6.015044273696489 -2.566942521606694
2.1387425543129748 6.606985549684282 -2.5748442491517736
1.6731667584500096 6.027604753661269 -2.7023485546981894
1.8685272227158334 6.304341999248728 -2.7373783151898894
1.9725107140597702 5.661677757450701 -2.587985469090132
1.8867741487161007 5.454339009527821 -2.5794870390787787
1.7793084524399965 6.207707350841963 -2.5615349551270272
2.023274443082407 6.1708515290470025 -2.6617284493227893
1.6913903533409123 6.3700178337743365 -2.7282214857036133
1.74123108733784 5.926532632719562 -2.707796858709031
1.893810707715947 5.813055579960302 -2.671809231657661
1.6340544194246558 6.291447802981035 -2.660650126404914
1.702992856080236 5.8697905719026755 -2.697030752785274
1.8037445803469931 5.314498247345401 -2.5987818462920345
2.0580300532420663 6.066204437197753 -2.5781963705751374
1.6893854891598803 6.691841722770756 -2.6374402949505225
2.1915553764244495 6.728411947689811 -2.61436880507826
2.1409668206723746 6.363481035773735 -2.596928742949731
2.076326951435073 6.1961235793959535 -2.5750808740631506
1.9877319702260432 6.23903824162908 -2.691038040112836
1.9956684206023918 6.836473744574957 -2.7105198599775395
1.8259892904607429 5.393555245344512 -2.5856508666079074
1.8743082015422121 5.549718953491711 -2.6357436657670217
1.7106008211074373 6.605280270169794 -2.706945121760085
1.8705809583774644 5.546192420816744 -2.5493417001773326
1.7757481030823268 5.307946614338864 -2.594296048061338
1.7527748668036853 6.414828135376572 -2.7399348120197056
1.702888823069177 6.032884982214029 -2.5924618325870705
1.7715907242641056 6.237927510935151 -2.7322061351493256
1.8893277211459754 6.465323980245207 -2.7362981928822654
2.0729963916236853 6.506899185844976 -2.668086847583631
1.9430587306541645 6.576904265089881 -2.724829671923761
2.0007638554606064 5.873676802892691 -2.580997698822836
2.1340569999604293 6.656581753743588 -2.654563372024925
1.6585567126789107 5.6559203374553215 -2.6294374248592414
1.6558261852277552 5.706496497504297 -2.6446399370243627
1.8854798946279643 5.8480438666345815 -2.674093772300495
1.8255859816651836 5.6446394663165975 -2.6699618908036076
1.7238853051277139 6.0153106620882735 -2.7101091423622825
1.7476150981189593 6.068592603911478 -2.575888874183348
1.7564724500764735 6.407313524612272 -2.7381831720229073
1.7844191789380541 5.736999076879375 -2.5559925361403586
1.9523845538730815 6.166024351654725 -2.6913746511455283
2.037962846924871 6.725425762647144 -2.711053339590254
2.06120127616202 6.234794898147852 -2.6419321432928466
2.0694607403235423 6.57584853394224 -2.5516881858504803
1.6838715790756322 5.887978758963559 -2.60742447631408
2.1604952301348552 6.678787944341996 -2.5604063721475896
1.6849531169302543 6.684037845674722 -2.648428344325729
1.882790402506367 5.931135314215885 -2.686616587464381
1.9894158989247621 5.864123050378489 -2.570043396763034
2.0276641304143364 6.212258401861757 -2.5433540141231346
1.8011733849711344 6.072183819868342 -2.716037600835291
1.9054500656835858 5.761835886043147 -2.654044365887807
1.69984331793786 5.8827093254703735 -2.598103312775138
1.8038714545290517 5.698259375778943 -2.678496428742248
1.9675225098804545 5.975769368926953 -2.656886739058886
1.701943462813361 6.088719925475441 -2.7038488337570366
1.678667529336035 6.3015357121239255 -2.6161127954215306
1.7186998641050917 6.1147423169385124 -2.592382079126033
1.9697295021963095 5.855231391470458 -2.5609369875937262
1.8400553058677984 6.478218441771784 -2.7359993029032275
1.7182781393627276 5.483519044986625 -2.6434290359296324
1.654605918307448 5.992340520697342 -2.658419484857489
2.101211474378088 6.5438455611348925 -2.6391538522190494
1.7399492730994086 5.601168574907069 -2.6701451548238078
1.7021352904130893 5.680728974157914 -2.5925202061775687
1.661453292200472 6.19803593460772 -2.651285403119574
2.005713878948378 6.414065367982155 -2.697605574883128
1.752948965652354 6.276286948155926 -2.7314107267857723
1.824568188851393 6.239997863965845 -2.7262056958649787
2.0257827942107243 6.291960723584518 -2.6752749424320816
2.1165860457323165 6.830300836509728 -2.5815083512439294
2.0483193484556113 6.222756677847017 -2.555914764775987
2.004506613512723 5.983131446853536 -2.5605247622075833
1.7690045288408878 5.541203201123526 -2.6539212670881605
1.7546850365975266 5.495354600800011 -2.578573183959527
1.6550740563533002 6.363405484178344 -2.681594021935905
1.7030760226339396 5.600253141834939 -2.6601842003058165
1.6745569369979734 5.990134909144386 -2.61928435351437
1.9328395258672089 6.294875823604299 -2.5393716883510296
1.964579290702698 6.640493567357705 -2.725363251345167
1.8923001906088084 5.538398561133118 -2.594603492278695
1.7921835877751762 6.377734063809994 -2.7377477019804264
2.00426415987184 5.9595675248380084 -2.569951995499275
1.79817015541647 6.007896542121042 -2.7075884518669375
1.8794934011119917 5.827432504435047 -2.5518734361965922
2.157234310681984 6.6687025719076605 -2.615393551202698
1.8499841011375684 5.587047332786417 -2.559413442157497
1.784588723154193 5.481070187419578 -2.637798159192153
1.847833852319337 6.067367211398906 -2.7046175281342353
2.106497865651854 6.5953624456103865 -2.6382463618870164
1.8290533513836844 5.466105165299615 -2.5909174440486424
1.9538611889640007 6.08874900422557 -2.5503821057193017
1.9143611504904792 5.970300055084763 -2.6754409635382865
1.8804019986893379 6.812310449861224 -2.5869785688563107
1.812502448338106 5.669462323591705 -2.6656020001656007
1.9950933048781536 6.040129787306443 -2.557260006702399
1.8763909466350008 5.532561789521653 -2.606007031735226
1.930897393138641 6.036413236051039 -2.5488875854436506
2.0663179711641244 6.448529077984377 -2.6587882137998133
1.686395314901039 5.779193916645081 -2.6570161337004046
1.748899966761719 6.29629341016191 -2.7267455350236793
2.070385247139204 6.3012664146473085 -2.557132732497574
2.1529804478576944 6.652613695536377 -2.5818505329362678
2.013381819122348 6.720362128360431 -2.5387634169879485
1.6898041761008051 6.09841940640098 -2.687810836358965
1.7117880271047743 6.098676789160875 -2.6040343585409653
1.6864977497434774 5.985094168253051 -2.680916691668952
1.7759013242452537 6.729042377146755 -2.5961881336579724
1.6880874166936 6.043749478112543 -2.6196880832135614
1.718651055408896 6.0823634753567415 -2.6992812788482987
1.9404326434906558 5.901838604065719 -2.643205534579765
2.048319709264318 6.831073564671527 -2.6762773322951636
2.0135883190103163 6.107977741724511 -2.632582941331692
1.6936969957666395 6.492791283926918 -2.6651654963697484
1.956762532068183 5.847970220394549 -2.5757521331919437
2.1002019229789886 6.783773858022044 -2.602535503513354
1.6664950160668839 6.389272515576248 -2.659270056893881
1.7734590201891005 6.150815542645259 -2.579949607789842
2.1166071214464237 6.8227249169505075 -2.605540115452352
2.0492086315227045 6.3158089676330285 -2.6569293562286913
2.160801364277967 6.685745090660076 -2.598593528265925
1.840669943005072 6.824908747530628 -2.7077822674106127
1.7955622961545776 6.706609511023912 -2.730582920429492
1.9069384609069835 6.516091167684799 -2.718674906421233
1.7893247579211577 5.477180591083178 -2.583579187733624
1.7013384246728736 5.924167129130568 -2.672518895399989
1.974484134621481 5.945897671711912 -2.5688781036542867
1.7143837770037182 6.098947072182817 -2.695920371965024
1.9899379207316725 6.053362349514291 -2.5616392951935136
2.0762181821744043 6.725820650642718 -2.683721756190617
1.7323841736545482 6.24190478283964 -2.712455589468675
1.7393787669980285 6.6184282417745335 -2.695180665407399
1.9965914486959515 6.577687356305255 -2.6960242479927694
1.9601329456245207 5.944538860846256 -2.563883736743972
1.800494329726905 5.767836560767815 -2.6727072166429666
1.894435755488159 6.612991639811085 -2.719302425578074
1.766893406380365 5.815505436692701 -2.677050698068337
1.7587587416181878 5.948210350319158 -2.582402318213261
1.8630420517306634 6.102301165657918 -2.698778800642275
1.9792215585242876 6.169032697564019 -2.55587236766573
1.8211998200935016 5.88324488567927 -2.680835555405848
1.6917124999579243 5.876840717336667 -2.652149594370777
2.0270859093274316 6.825020370260187 -2.680575619873485
1.7376256744552427 6.065435733740225 -2.699399531958086
1.7019755612885437 5.9006972714575525 -2.6668718931785063
1.9241615561844445 6.610570167806053 -2.713659889357304
1.9773131457477349 6.05963594206303 -2.5588117485352275
1.8202587822839327 5.563785146201658 -2.632146894995836
1.7968645487106594 6.64920246100767 -2.587601881161982
1.8495655684734293 5.73747608610768 -2.559016853956987
1.6842355885557065 6.108860225050142 -2.6407640134601946
1.709134107016669 6.091681629758968 -2.611875366189718
2.067736647962688 6.338861768175409 -2.6480199758849183
1.8854051197527393 5.617111939186886 -2.5691890878032027
1.7114337768502978 5.848657490598424 -2.613406942641872
2.0617434304524647 6.426717537424425 -2.559752157595515
1.7646758867085768 6.718179992604526 -2.724899598979287
1.734979486481829 6.086991712504114 -2.598105870790847
1.9001174852194311 6.172823451975491 -2.557009628298122
1.971187860942306 6.033020349625849 -2.645115373559114
1.7755579298946675 5.489522745344921 -2.6064010867863443
1.9222313676426857 5.74690332221829 -2.6175409963275107
1.7533432925374801 6.576903209405483 -2.6189423930044073
1.9139174067993125 5.79651407270122 -2.628257027794708
2.1366529900830185 6.721207340998107 -2.5600846626701412
1.7668700130844601 6.279432106634543 -2.7220172247513243
2.0984346248652166 6.810691437681413 -2.627082416458304
1.8308654056928253 6.117030294644294 -2.703511629442458
2.0396987422283823 6.366920377642345 -2.6680342690630137
1.7210851614104157 6.710606511427688 -2.6479686592322986
2.0279119951250903 6.6608253318236805 -2.5458570013579953
1.7964369397866014 6.654036422262555 -2.72998380871224
1.8935754845918422 5.975784393172277 -2.5553646302883735
1.8381707723063512 6.621263293803836 -2.719321037486777
1.9150316033576367 6.466590046825113 -2.716229754449658
1.8911065875242317 6.081586606203443 -2.686162156081838
1.8810056050970991 6.467713423378447 -2.7221881734283437
1.9198431877375786 6.117802504315967 -2.681689784555668
1.82444504904821 6.41968930700115 -2.727442039776096
1.7852116044622774 6.061402130994276 -2.7008035640011014
1.7049985519111592 5.836716098542622 -2.628035116947295
1.9960695906392716 6.186177304908215 -2.650467554118289
1.71148318980906 5.654345189628218 -2.625843338138908
2.000010182795184 6.63017393360599 -2.690142284054497
1.7603032589597878 5.823353850931943 -2.5878642815106563
1.9098173855558485 6.578395899317062 -2.567410793450568
1.8268533275901429 6.732910088268817 -2.5804995946963816
2.12464428558166 6.693222883410358 -2.5665422025267643
1.923692157562062 6.158839458760701 -2.5577633139058493
1.735796468587274 6.414448119341646 -2.7153219327514946
1.7645569156215022 5.517885527403737 -2.6190064215618354
1.7212094531790583 5.837468150073178 -2.6120733248216927
1.8082832831051614 5.746769402431781 -2.5710450853597235
1.8022890358326251 5.591186405170761 -2.640939774278519
2.1277469835688807 6.637690045319687 -2.6210833999581453
1.8076051949966279 6.831480295155077 -2.6384877220766656
1.7322051731789077 5.624344307760984 -2.6001136520427988
1.7566196201289654 5.587916192048038 -2.6005990596526196
1.7367970833167934 6.138370661662661 -2.696310315904969
1.8502897197299624 6.1700463855151355 -2.566178899150529
1.7390842145224075 6.112945656844021 -2.6967796633093837
1.6768689784739843 6.304763009887116 -2.662764912300719
1.896890424973445 5.761683649425253 -2.6316520699642627
1.7284586734506722 6.039503757084531 -2.6033010397947454
2.041426035178797 6.816409665459683 -2.66705505041443
1.9775080779984116 6.564109650848136 -2.6966407995524277
1.8637528295296373 6.791739898600966 -2.6074984161098644
2.0299252325580914 6.6340452274355926 -2.5699394189395988
1.8126436111917394 5.54564940428657 -2.5997474926009696
1.7175568602927838 6.333839220464688 -2.7117438866541654
1.7186914100193307 5.636646086331137 -2.632089260480713
2.0408885968682733 6.809860595160697 -2.6659525178764527
1.84009716512221 5.814552062616549 -2.659707936856087
2.0733701934359208 6.300051211279113 -2.5837702699465166
1.8263215901208356 6.183834070459002 -2.7050905184643743
2.0856581374047343 6.440507104903291 -2.5885756287432047
2.106094011209328 6.65733225634183 -2.6474104395690263
2.0675313790988996 6.584439691121101 -2.5732810362884893
1.7546914070515935 5.772686373556741 -2.6631053887019522
1.759324159126268 5.928646312160116 -2.590078186013751
1.8453151143814543 5.680961255756232 -2.5710697734902714
1.832183128623448 6.234104049577814 -2.7113014023828637
1.744686618220953 6.480767803325618 -2.619435725010298
1.7880475260529902 6.518949880065852 -2.6014843507019485
1.7785007645998396 5.955652755447857 -2.5827318271377404
1.930946784077698 6.557765751430255 -2.7084605612839256
1.7732860157639818 5.621032803647238 -2.6444581409069206
1.7845350707409997 5.573738796233637 -2.601601251077744
1.9911824046806548 6.634007507022508 -2.5697741047140568
1.9173531379392217 6.7705652502283264 -2.7082603998268855
1.9926627680104474 6.447828327594887 -2.5595345304320913
1.848028541376102 5.7442922201447395 -2.5696080473995524
1.7654609672737536 6.606484840099817 -2.6971039493344753
1.7660864822116409 6.5595539413897885 -2.7071141081502974
1.8244926973641886 5.609050192366311 -2.5760482267458356
1.841116155450739 6.196775200998316 -2.571339617183078
1.8364708776832468 5.729350014064236 -2.5703556613256877
1.8260238375635116 6.3076131402756115 -2.5682976092961027
1.800950142773008 6.399784669645982 -2.7230253085760627
1.6858551387106342 6.311990071197441 -2.650556724200192
1.8339092462172506 6.83933624047813 -2.6894637787730655
1.740792429104003 5.677609856999481 -2.6046323014248145
1.8066805306931029 6.697622881867048 -2.722276286285668
1.863535724939357 5.665157911963695 -2.624794407576437
1.9027026487187544 6.617467936370463 -2.5787222949233835
1.7080094315958585 5.960623135550714 -2.6255001792003765
1.8305847160261495 5.643241872537024 -2.575491310419081
2.046592286738037 6.83254259389575 -2.5854901786403737
1.8122216378739548 6.669905586758099 -2.58926647009324
2.0389671030518173 6.223112277648326 -2.5869980844005553
1.898380627015264 6.099381686956097 -2.6793055506055152
1.7017448674961821 6.270384137836817 -2.6939768037673275
1.7411649221772043 6.740484828537362 -2.6320896289116362
1.7179722747148927 5.88858175107641 -2.6304958356365766
2.129245537034238 6.760285851645683 -2.6396160284482972
1.8988243628455734 6.423785484612097 -2.7141441023990005
1.8086553825507368 6.117416455072393 -2.698238010663591
2.0825595915933857 6.821639869281424 -2.6101033316183653
1.74524444389015 6.2738548279663595 -2.7111267886223898
1.9096517353470266 5.725739519899637 -2.5973604686898275
1.7794140998290202 5.9382129050032955 -2.6801220968736414
2.087145823479122 6.3449613653290555 -2.5873355814359558
2.0188816148452555 6.228856172383621 -2.6403198004691077
1.8821967920386244 6.001460760418174 -2.56179152007953
1.9176941614538583 6.239585095162603 -2.6917995875879357
1.7811346426016028 5.653790751148257 -2.5881850003818854
1.7021654589111366 6.131950872393476 -2.646933418112895
1.8965620375639407 6.1388694171189995 -2.683087793238146
2.08112218703818 6.488149102009254 -2.610778926156743
1.7758519289357357 6.772285089920847 -2.671994092291827
2.0483563782452405 6.827674625174819 -2.6563212727516783
1.9637376023671682 6.571805952585675 -2.5666781124762448
1.8450049373760073 6.798636832185489 -2.6229965674718754
1.8257897863164132 5.660474960436195 -2.6362419494654397
1.9447903885161655 6.368558660484137 -2.549482316463515
1.8222070336780807 5.9530289213344805 -2.5730080101569364
1.9820556468990727 6.373077396736361 -2.688501525043042
1.7432675028384788 5.7124319689893035 -2.6036627498527185
1.727128838120997 6.494774553464882 -2.6818940596515324
1.864018421219106 5.874336473020593 -2.6546527242870983
2.0108346989492913 6.171359590890381 -2.619021468978141
1.9346094723078944 6.775497453145349 -2.5939777619903683
1.9571295786214629 6.184810694125255 -2.6642718963983283
1.946168526164909 6.1178057715322485 -2.6608190147877466
2.0741052300620204 6.492192450646792 -2.6190276743677483
1.895079300937378 6.045278915418983 -2.67189371491621
2.0077468350861567 6.688647811658055 -2.69726860966494
1.8472041304230635 5.600063595272044 -2.5876697090111755
1.8614845616034636 6.167959614749946 -2.6944074765513055
1.7922493354089295 5.829945469439649 -2.5869191346123874
1.9761749738450893 6.023678351238686 -2.6185850995024382
1.8955869325110533 5.824799906169766 -2.580358673639048
1.918125023127729 6.621932882380984 -2.704734042297046
1.831424035390598 6.139667809155303 -2.694739049219715
2.1325803862067954 6.692692797688718 -2.5951111098493147
1.9896137738507893 6.427374079277862 -2.6843749115568283
1.7653028481718351 5.7040155568422435 -2.595353525303894
1.9211981404487704 6.095781899758844 -2.667920653004632
1.8200743293915256 6.562045106243019 -2.595776630859847
1.8509236891400995 5.7529497930040145 -2.641394555607022
2.1174851917252795 6.716018749766864 -2.6442973936470295
1.903070283322827 6.048721835489067 -2.566483658831801
1.7971827115817232 6.356754154828458 -2.5793330141063926
1.771593862560731 5.834264850075543 -2.660447592706028
1.8831746702505576 5.9737890297303124 -2.6672057770828124
2.030199900507247 6.428765193741599 -2.563291533914815
1.8963095844613074 6.8351655201203245 -2.694057917092432
1.8624834543810542 5.726196508264137 -2.6328246441613232
1.7497980543680542 5.950340988908911 -2.6014753818760123
1.8726261785881708 5.7159105414090305 -2.6247180887262704
1.733176687942851 6.665066801726537 -2.6958844721943827
2.0110907613836804 6.178684946176853 -2.61360014286583
1.9348374788116867 5.959691362472922 -2.5731276920035935
1.8765229155369836 6.006252319801184 -2.673460520931174
1.8617161502589168 6.390763542984749 -2.5658396584669774
1.7353953746519073 5.747657570018661 -2.630419666658886
1.690305671091656 6.267490421105153 -2.670666622601119
2.0038446566697683 6.551885095204399 -2.573239866640564
1.7373100002470472 6.557435774375567 -2.6519110702647097
1.8407895446726377 5.64033067136504 -2.5868630435046454
2.0637322322983294 6.805183121087614 -2.62224292927704
1.9798780930816378 6.039029337901652 -2.6127122396840097
1.7930933860027238 6.506271455708917 -2.605812051059456
2.083925733950095 6.364017614397854 -2.598959613096536
2.003378440108915 6.528988233182075 -2.572921425615981
1.8938275299861513 5.9561976487302655 -2.6564279205187367
1.8468670703101224 6.775619393791195 -2.67556819744944
1.7512688893921018 6.58527293723556 -2.685532774092687
1.7173844659923767 6.049293275508827 -2.6625198937863592
1.8685579610780665 6.603844689583366 -2.5886748676938574
2.072628537234526 6.359178922178275 -2.621729479488633
1.9802045702152697 6.479871199651079 -2.684080006069104
2.05496597006864 6.51412208716175 -2.636420152023913
1.9946129242340893 6.307628255945621 -2.556293991878837
1.8265172127576443 6.753182710504341 -2.721545485256229
2.0622638802109488 6.53504448422278 -2.595830451295033
2.09494056012689 6.7416740460295355 -2.661130152973997
1.7701700638396094 6.131303224756516 -2.59799230428193
1.8028558901222438 5.975254242930945 -2.5808964132033516
1.9911222604591803 6.407413849099617 -2.680523102938116
2.0806897950562426 6.587719767705978 -2.6095103680864913
2.0842143706196596 6.637368040002295 -2.569414188096782
1.8378430567851052 6.0991723441274655 -2.5763158147680483
2.118771252140222 6.695589359817257 -2.6274609164409295
1.7542867318851199 6.2536258884672815 -2.7053929770013525
1.8635188782622776 6.495577888465291 -2.581023105222651
1.9758950482864026 6.033194885217558 -2.598930819239583
2.1069366562191276 6.717635982862982 -2.563701105966942
1.9648862923872568 6.476602094234313 -2.6903332318787956
1.8162157113143556 5.61997979432164 -2.619856588791883
1.750328069521552 6.187231565947304 -2.610107567838113
1.9962930607139766 6.379526589591308 -2.679111362752777
1.986317557489226 6.571503913037286 -2.6833570499288135
1.7954542126639863 5.65977917325758 -2.595259864275206
1.9355786853672294 6.0163434597477385 -2.5713468230414414
2.0673742242810333 6.521190960117904 -2.6091721484578083
1.7718930741469148 6.7153971789951585 -2.7104770918183765
1.7376634323037348 6.714028899786557 -2.6435935196581957
1.699246006727813 6.294625888475862 -2.675383306465235
1.7669161440904806 6.626063622595977 -2.646529453044037
1.902392497906272 5.933311819440144 -2.5757089923512346
1.7167508065332275 6.174058173105077 -2.640028997802885
1.9343486147878766 5.934059103188555 -2.620384514938676
1.7255534643712684 6.079941671420132 -2.6267598044049434
1.7256829787912407 5.9596972037755735 -2.6583430887707546
1.8387339548420312 5.978267635309246 -2.6751753083402554
1.8013246504732667 6.073452492930227 -2.6872489603622194
1.9216500295859777 5.904213124333587 -2.598754128620368
1.7473996598755999 6.090148750723056 -2.6110537810848724
1.6940578565781093 6.268490194274364 -2.6541449317174397
1.7808240421587471 5.657568491159582 -2.6067479724549703
1.9772566324526182 6.736641534204088 -2.555876224874484
1.7477825237636055 5.7416644562045835 -2.6248340315279424
1.7955106859588064 5.6925642816903395 -2.593758510818887
1.773926965840005 6.153944002240035 -2.6915277174832433
1.7627077637539001 5.806783540093539 -2.637680024207124
1.8260487749529273 5.965839437474398 -2.6750807325877597
2.0510135581338034 6.318136752480531 -2.58035590603338
1.7105049824841498 6.234969427683549 -2.641655518785443
2.0615515207822814 6.842927240066745 -2.6219152071699705
1.9378315782991935 6.610608503419792 -2.5797709708289034
2.028198206215725 6.2356983229265275 -2.5974495641986204
1.9430719618073353 6.426049224969244 -2.696900818766411
2.063695000055067 6.496027386278801 -2.618617662497772
1.7576795385518427 5.828453273044029 -2.646578015046612
2.0504427829847316 6.287001301148042 -2.610969159298174
1.8850280853831727 5.835779936657699 -2.592454237726968
1.9184839229854145 6.460171210968937 -2.703555953117255
1.8711433412659968 5.768316603622382 -2.620656722328367
1.935854502832342 6.663402614564976 -2.56150171650745
2.002095469501228 6.676990832024413 -2.6952992853333404
1.9793533006652824 6.375685555755422 -2.5545712843587287
1.7232192130565676 6.169749939977169 -2.6350589358231415
1.832013247145793 6.200446827053527 -2.6957067600506193
1.8824795314398395 6.167369544684746 -2.683753412052991
1.8658474648515406 6.060102304731396 -2.67636745739331
1.7350571816345526 6.169624274363725 -2.67848073430362
1.711123341797403 6.37233000166915 -2.6857834839271497
1.9480925619142364 6.309848260104811 -2.557329998010787
1.8664424626702973 6.021882099081477 -2.5725072768485377
1.9915537293582237 6.319936180073078 -2.6692953563490724
1.8023115270981753 6.339871165101346 -2.7158519519305724
1.9305265721921485 6.381029906505818 -2.7008904673041076
1.7500157062762662 6.2261627646842905 -2.608187113258266
1.9972030383679336 6.232377179590834 -2.6449852928454822
1.8054813854019676 6.192509029415265 -2.6945621826126525
1.9802880791264448 6.097335949060072 -2.598130605028147
1.861639907529368 5.8320067537066755 -2.6347434471578315
1.7053526996021873 6.311338067455829 -2.645175064015555
1.8078609790284585 6.373959082061251 -2.7155034317238678
2.062519730516609 6.410373973001159 -2.5877835576393573
1.7775133248341728 6.359648301172874 -2.7126725318533698
1.7749029485207855 5.868105902752776 -2.6057398696379814
1.8050915245895527 5.95559024813052 -2.5873623456372594
2.0175181354935097 6.300717280983057 -2.6481668472322886
1.840763564022018 6.62639906924187 -2.701967215221326
1.8903364389585584 5.88787610354926 -2.590924495861315
1.950028640931448 6.722264286876348 -2.562685918364713
1.7681986467126016 5.886788019465731 -2.6519419508654325
1.7483599080710472 6.677236906226898 -2.6916470728874073
1.952631859345067 6.355868134071442 -2.6910663563282418
1.768377792716874 5.8180058735426226 -2.6143196807454685
1.9142956362165804 6.703706656574427 -2.5717644811430502
1.864673600985 5.759919458407115 -2.6131966980256705
1.830585609259755 5.691938379643583 -2.6162618257845844
1.787614444363828 6.4644571303443605 -2.7077244818710207
1.8143662016567697 6.201352388297879 -2.694879894080044
1.8286645363243716 6.108954224164409 -2.684093062953063
2.006264488659559 6.782354352795021 -2.6457581639410526
2.02836896557326 6.273558562083645 -2.636654009764065
1.9482984958437763 6.090987793890065 -2.6409899465164512
1.7636504148899959 6.651127258496138 -2.7019416119850916
1.7869509224885698 6.347017255995922 -2.5875951491876186
1.9225495363591607 5.994091264274804 -2.642484629631268
1.7126488227294596 6.404249384940698 -2.6650021122792857
1.8542560152438825 5.802923903404613 -2.6031965551454377
1.9316802675949396 6.451335048454926 -2.5707581790303773
1.7350164428511898 5.979653533342104 -2.658156818013162
1.766214929525593 5.720464168430437 -2.616394940950279
1.9007235615349605 6.510219693539481 -2.7003405314764
1.9295481962788363 6.302260242752656 -2.6901968348497074
2.116723622662053 6.684906465162404 -2.597433015111359
2.12456420004698 6.743369985004481 -2.6311061620892797
1.9074423613717044 5.922873023359089 -2.5971586612110507
1.9099309422634783 6.301022597660124 -2.5619720641869126
1.9264350626907238 6.001594935737199 -2.6425920971755534
1.7808416027447587 6.503728704003907 -2.6954727550860023
1.861971969512394 5.773497237987916 -2.6049781024789533
1.8439908194493277 6.267918810510999 -2.7055194415527795
1.8766494563400995 5.847626373698143 -2.6057335355068116
1.9589140446323143 6.223505457556406 -2.662761794586789
1.9539362872749892 6.828199934016343 -2.6769149247972273
2.039960759912747 6.50799358309576 -2.592043036180806
2.039752731030749 6.290905053655333 -2.583503089831808
1.8116886900999278 6.111593040473476 -2.5899563023653993
2.056312580196045 6.741075942457206 -2.6758880925640955
1.754856663583297 6.307846515490182 -2.604616852893601
1.8044953648262987 6.112796559528706 -2.590079476336771
1.868269061662562 5.822133980866086 -2.601395974203421
1.7497959298519525 6.491829408233107 -2.67817416161209
1.8148075719812056 6.319291024338474 -2.7093072140673757
1.7077716194230375 6.37969610264455 -2.669673729218313
1.7786902119172576 6.452810711331079 -2.701815332715568
1.8186643515851535 5.892933930523612 -2.5960987047338024
1.834776073579134 6.681649712941453 -2.717647661674081
1.8530500724565928 5.777744290331085 -2.6067244376334733
1.8026190255160985 6.610214687262686 -2.6265173806761695
1.8400143574291663 6.163971192618698 -2.687347542855888
1.8400143574291663 6.163971192618698 -2.687347542855888
1.7403089618808334 6.642491116439347 -2.6862628880252992
1.7954833147520164 5.776689826554263 -2.608823244690908
1.9539743877766873 6.783137079289125 -2.664060457524682
1.8054751909364497 5.707712858946052 -2.618667357666486
1.7864488387030995 5.826124896316482 -2.6108737229014896
1.788452105137603 5.780174099417529 -2.6159417851107016
1.775577372052027 6.763661180820449 -2.6289119858308148
1.752904616857097 6.507504123571301 -2.669026240445527
1.98259232221004 6.175798784965765 -2.5908946807905098
1.7589583560284778 6.650888934897718 -2.695302511224439
1.984941579305219 6.44243222644785 -2.5709373756329326
1.8681049434948864 6.701851532034116 -2.7117330643413844
2.0596778782689116 6.37358383380894 -2.58343441932176
1.7453177373561626 5.94707043207811 -2.633253549386402
1.7633740244275944 6.722495368122982 -2.6348868680819937
2.056591646756697 6.734315245325805 -2.561032937675399
2.0021980447436625 6.240180911451872 -2.63109731852262
1.9934044512673366 6.382235541201157 -2.6730767214983007
1.806692031581278 5.771664836072671 -2.6082151172531796
1.948248079457871 6.069716812287584 -2.587292414824593
1.9437046869815797 6.838040706079962 -2.6763931018045257
1.9873093221478941 6.736920719083867 -2.5596994228159855
1.8069571264564293 5.851609166844688 -2.6075270839221725
1.7665566509677009 5.911443060294339 -2.6247482653322445
1.7800309551182318 6.288832538691971 -2.5944001071147924
1.9438189590451873 6.7514829272212715 -2.566540726429577
1.8353166231955353 6.083574710474905 -2.5859677948912214
1.7392351972093363 6.147236124015521 -2.663902087870808
2.0492016882752204 6.423710154340386 -2.6289413035762648
2.012503385839044 6.25142635109333 -2.5738967996751727
1.9117255328288887 6.049427011372771 -2.6494067816214972
1.8282501710338306 5.811360134921945 -2.608151412683717
1.7818721195669638 5.899133078996926 -2.6466902998395305
1.8255532354149886 6.528691858613756 -2.606379011829201
1.9522357757233197 6.0087169846293085 -2.5972405839885453
2.0284016245646086 6.493608489927119 -2.5866114566077076
2.031195343762863 6.554693622219511 -2.5821202574585347
1.7863935277845364 6.491881559382928 -2.617221383642703
1.871760762911785 6.105797812891515 -2.6717894498871146
2.037470074141483 6.729981673028963 -2.68006034579538
1.9311556579499796 6.1932634168725444 -2.66237210018436
1.9109179622902521 6.69555113562561 -2.7122498550872605
1.8653031645380012 6.474864065069185 -2.584246941741475
1.7332076932006542 6.007706783253457 -2.644880106318853
2.0126820589245105 6.674367656393617 -2.6855139420170504
1.7669139056901084 6.708414926754306 -2.6376387706928366
1.760941980031618 5.992576062768996 -2.6102961583898896
1.906256512467766 5.958759921205988 -2.5876341682507227
1.8530120423253438 6.632913234355394 -2.6057682236338877
1.7297342036150232 6.212413177848935 -2.6740026155932375
1.98112386099859 6.777427749908177 -2.649495574082049
1.9701722163088267 6.5230382794624795 -2.57862742592286
1.848588702060679 6.447970194199315 -2.5872960500136375
1.7369323376514134 6.052868729863147 -2.65117747503697
1.7372974547144997 6.021242023193484 -2.6480464794645378
1.8142292259482415 6.037271610426943 -2.590393236161367
1.8142292259482415 6.037271610426943 -2.590393236161367
1.7648370185984512 6.527975853121881 -2.653269861081137
1.8990110833784066 6.20886874737594 -2.569047444954412
1.752653302205996 6.064473872063539 -2.6667130658153937
2.1087112493003057 6.766544487589472 -2.5834052830032537
1.787122118554239 6.0894271667536195 -2.6022698483343767
1.9459924298199107 6.060000941394643 -2.587699647773474
1.976019949104038 6.223770315283449 -2.57644669102541
1.8630175276332603 6.215567096194168 -2.5750406987487375
1.8363818343184457 6.285944603216392 -2.5770957602367073
2.01472500494315 6.510309325656298 -2.6528192007594384
1.7755958103777227 5.909214407512188 -2.6399709135123652
1.8813419189375433 6.781879487553006 -2.6551901491906262
1.8228929604659567 5.849590129778622 -2.608148216409437
1.742594099026718 6.214038332522096 -2.620572344005123
1.7535746440971058 6.464394467067109 -2.6883073416912895
1.7659516142928455 6.756245984443687 -2.6854529452898106
1.7808742896018208 6.755605356035836 -2.696846074588357
1.7503703416046714 6.130288546967602 -2.6670698593678654
1.953628649644795 6.597302107438951 -2.5830687602369165
1.9391910745749783 6.442334263147138 -2.68938509107433
1.7952602071960146 5.908577840355552 -2.610088964313263
1.9389352783889613 6.803383694753519 -2.668961617971754
1.8982993718270915 6.184843848103746 -2.5790754374618077
1.8936605068839094 6.343545341724232 -2.701943327552205
1.7530972224200694 6.669481128788382 -2.6783408343169905
1.9001943492302122 6.540704877626933 -2.6909419702203556
1.7718535054671618 6.67166762040492 -2.697919160524364
1.8876432134792092 5.924305788738899 -2.6112586474699118
1.998729780342141 6.829087639533203 -2.606192915892211
1.9868973272104178 6.389499080494831 -2.67236950942308
2.0442675182354986 6.4838779205326045 -2.603638411056332
1.8095302760885357 6.279153094585599 -2.5846496223592377
1.9385535389317523 6.386211183579283 -2.691104588092258
1.7789580702271617 5.911532825251115 -2.6319032462362193
1.7863328671888357 5.922413805412938 -2.644944050749373
1.7406327058780058 6.301968216649826 -2.6892003361385086
1.7603240468392287 5.9518651970120615 -2.6473432839424724
1.78422343448748 6.020863535208458 -2.6025282450709484
2.0957937390655017 6.639650415648016 -2.601495194795569
1.7130674562871175 6.35878228300134 -2.6605623088749035
1.9275886780968223 6.065565436137262 -2.5847960469700615
1.783218500049847 6.172927161763079 -2.6069610710064235
1.9912028934901258 6.243733893867056 -2.6361638791347235
1.932794327143055 6.24634483967999 -2.5721459190301807
2.0458301043506264 6.46812686666332 -2.5990890381743776
1.9982524275683868 6.2071206024787555 -2.591247423045233
1.8193044212221785 6.33330579549193 -2.7085751177266513
1.8603880690895283 6.024641818288362 -2.6623997030948576
2.0559241238577055 6.342500802267588 -2.605875257757581
1.7847271812523644 6.199705409496004 -2.6843192234045645
1.764465404895641 6.51427168380237 -2.6533277883191504
1.9012220694917956 6.113093145735947 -2.6611285178553485
2.0055734403839254 6.230004986218589 -2.5993765439026726
1.7721468317793367 6.226089711131349 -2.606713757159077
1.7904123833466197 6.634120330227531 -2.6524133963556813
1.7692245743999622 5.931455956455984 -2.6441350703026343
1.808462932166238 5.862550976535967 -2.6339182188795505
1.972923594720966 6.734923492564729 -2.7006358088758504
1.7652313511016615 5.991910807860211 -2.6131925824697966
1.9266793725702356 6.592769360673057 -2.5857536596855635
1.7911372760515694 6.076744420896642 -2.6718307829048493
1.8481786731615935 5.920501139537548 -2.6001507508729063
1.8555241814231889 6.189949423784164 -2.586600476291796
1.9412581042246067 6.177772166931383 -2.582972379198738
1.8547730658113215 5.886634442298909 -2.608848355896874
1.7414785212450072 6.177400244587267 -2.644056812921355
1.8219472920257007 6.518915554069425 -2.697434550334232
1.8959919047607838 6.781322315878898 -2.643037330399947
1.8392669402319837 5.954829706416806 -2.590980119675653
1.9490936553004632 6.531911108757853 -2.5843683906939665
1.8990093146347296 6.6055308022183405 -2.691281547967244
1.7937896973471332 6.030630213577689 -2.6022115442728153
1.8453338115345865 6.204328172583553 -2.687051147558927
1.7502383336181289 6.461388210641454 -2.6797232794200445
1.744243431397212 6.187740966782421 -2.6470383669316693
2.0636995925741415 6.663634937364444 -2.654987270767556
1.8264773168542747 6.095357269559974 -2.5920860036095803
1.89534149662096 6.652390784384238 -2.5768178857862374
1.8255022230724265 5.897129767051469 -2.6336710278326927
1.7238906179527629 6.377588979644211 -2.6745590616525288
1.8313426593958033 5.867113551172159 -2.619118080023996
1.8515567254173895 6.441334474870372 -2.7029886424360443
1.7633901713510065 6.639689910715399 -2.6309452993947327
1.7526018916606008 6.018161588078003 -2.6468531516897507
1.8053538059506131 6.400221678513251 -2.5949441611724806
1.798978200097284 6.410839605396543 -2.7034059682096965
1.7601492932026197 6.7167936666164385 -2.6426197135549243
1.9114839886399662 6.7651784919396665 -2.7098114123912542
1.805227179286536 6.547179176135661 -2.6829320364674167
1.8227162910782562 6.025430018845758 -2.666020592230158
1.893351099157216 6.799338309792839 -2.6513719071158874
1.9144570746097418 6.672544197844772 -2.573043709330185
1.9257146022111344 6.502175696999476 -2.6866989620332333
1.8229671945913681 6.5045013566157905 -2.6088801178293695
1.9485365863001372 6.524679366985341 -2.5832240386613132
1.7975650891399018 6.634856163645175 -2.6496661312299796
1.7572071165090528 6.211958605794394 -2.6162181885086104
2.11447924895952 6.733189000111721 -2.6034834903915876
1.8933805859902129 6.243593137998419 -2.6807716521366585
1.786336552867851 6.246339953918749 -2.603802018980719
2.0201290737285764 6.278721565214456 -2.583332128055263
1.816813178085078 6.643152526496518 -2.709722528373736
1.9041268096344397 5.989583569856578 -2.5877644777506004
1.8983407756796673 5.996448942658349 -2.5882532390370194
1.9817344373702457 6.800320181184491 -2.6239316762148155
2.0880232467688877 6.697362284686185 -2.6255559670674606
1.9968728380008736 6.610236009707832 -2.656654916371436
1.8000826400416483 6.080721802542344 -2.603723405554491
1.9993118359511708 6.815515851029298 -2.6441316029648227
1.8266861706370146 5.98078891389833 -2.5938499616988593
1.7903424255558371 6.730250344047183 -2.698047048348659
1.9146201669176697 6.800498471486481 -2.6553765821640836
1.7481182211210349 6.319100203917339 -2.6201286468037854
1.8961030087573691 6.395091775952736 -2.571195695857317
2.030364376466243 6.310973003701001 -2.5979323554282567
1.7530609603194152 6.009475566362902 -2.645900666740252
1.9665411676203883 6.18329108112782 -2.622418745382732
1.918813431964413 6.058432270091057 -2.638785771895175
1.7996292854609939 6.435416065531037 -2.6998581813428593
1.759597196103206 6.049188127284049 -2.6475901054596362
1.8770102018217356 6.576590117631861 -2.694519396572037
1.7619265089863065 6.016006091267949 -2.6514256635067484
2.0321194537905747 6.414325400036387 -2.5864352880668378
1.8572752685086886 5.954580189115669 -2.6449450429605195
1.8975368099575503 6.296390118249414 -2.6899328238013607
2.037850427330235 6.324859724892007 -2.5877539463058543
2.0111258343359673 6.635585323998833 -2.651070641646463
1.9671138778961557 6.556168735568413 -2.5816582221109385
2.019919609407255 6.726273639411001 -2.566257768850519
2.0169975964787286 6.527191213787637 -2.641111738547967
1.8535180629672188 6.536688210752361 -2.603402263735142
2.0012686794868237 6.5761287722381905 -2.6584877364618573
1.8058681393783387 6.122877295402677 -2.6737463855006363
1.7347683749576492 6.283838175095681 -2.6312318193113557
1.9214644870545405 6.096031874170883 -2.6417144387337013
1.8610217540891547 6.156742664651826 -2.672554983160304
1.9641283436307735 6.75935858649467 -2.698924012774067
1.8429264521140338 5.922992323702419 -2.6148908258159915
1.9256633470555844 6.547668640505705 -2.681325639138133
1.9974499827671752 6.757066280382635 -2.567533439327514
1.7215406088697596 6.359409461865044 -2.656632513891445
1.824454373858637 6.749356712792624 -2.705250185310156
1.8881763132092226 6.835242206069956 -2.653028464298377
1.7442409578410711 6.365098677972036 -2.688688634066125
1.7772656682224874 6.090440726177251 -2.6615914029369483
1.9233409727570177 6.145496712536393 -2.6461228479543024
1.7482871682294108 6.277979763981741 -2.618338057929264
1.8511669154516515 6.069786175418603 -2.591500695293389
1.947807929632987 6.237984833667566 -2.6568743170405607
1.7729964889009788 6.503849340343151 -2.661221802663252
2.0035334652291876 6.494755722778075 -2.6513701242151813
1.924726718449209 6.338729760984214 -2.564431528675272
1.9881122131469313 6.4527381724443185 -2.5827843602532927
1.9795187190294192 6.805621710742314 -2.6385059315353536
1.8019300440005406 6.285300012685539 -2.593706503956742
1.7244550781932615 6.362726580339018 -2.6512815453591365
1.759992626798125 6.066625625756036 -2.645406260944047
1.7862980938470512 6.0639052956594925 -2.6115368750899672
1.9207065939121404 6.011245669784428 -2.619783270551754
1.9555265557552821 6.166678854657496 -2.5990131275059247
1.8971264440134052 6.223286271564712 -2.674747731339486
1.728927026371722 6.342490526440702 -2.6758038162521824
1.7863780778654297 6.533843182767736 -2.6669341761529504
1.9143740561424858 6.376474624780677 -2.693065980775373
1.7732320677732316 6.264848260143733 -2.603567694065834
1.7578003956044188 6.122896182014154 -2.645514841473554
1.9027775130109343 5.967031810629412 -2.6043882313245534
1.8951134974668686 6.345628392820792 -2.6960518762874024
1.791370656224684 5.943409606203069 -2.6287958843225843
1.9626739191379237 6.554080993206604 -2.6762634538831005
1.8972281458073523 6.677058698188566 -2.7068761246899937
1.9487192482423052 6.644090462976016 -2.5702162677132465
1.8276069580610033 6.025800961122225 -2.597644358656524
1.8971226572640223 6.025887733022187 -2.63817072570399
1.905053378478339 6.84145439306083 -2.651035070988611
1.8056637412030176 6.154111375371352 -2.6733130653384842
1.8288793255636118 5.941585413294314 -2.6097259456590125
2.02814317236799 6.3216223718344615 -2.6217171936754893
1.98595718294224 6.313156528869058 -2.5758555874289106
1.9910064633669076 6.523262013110136 -2.5905060165082263
1.8043809193147797 5.932543409531991 -2.631547505613267
1.8050644052535223 5.92965737619619 -2.6215220763617504
1.8008509350426243 6.2024885998189845 -2.605492632363391
1.9614262412452277 6.824191598997332 -2.621365837756953
1.9755040667191137 6.614968186567294 -2.663968677198871
1.9604609940971032 6.564577327193151 -2.5885828377128393
1.8531501811959958 6.017040469090431 -2.65304482259598
1.9259858541414128 6.05215354541346 -2.6100689615097052
1.9604864490520937 6.495002353259229 -2.585150366913123
1.9373026050863396 6.1260982330831375 -2.6260143289696782
1.8277740612437419 6.0926112471178335 -2.665841736763643
2.038880094216445 6.35794769365897 -2.5926061649399417
1.9738636661967208 6.599985609125968 -2.664694048972778
1.7668129982894936 6.743182281537189 -2.674895981009997
1.7613816934888415 6.680891769669942 -2.6636610118485615
1.8053135387815096 6.745360258388054 -2.702295403962613
1.7330647705746274 6.383373663179178 -2.6509048403645803
1.7885950043464425 6.009089708759802 -2.6561472027674817
1.8081399212043787 6.601192033760711 -2.6509004542550434
1.9872721904531967 6.70122307049953 -2.576619369458175
1.7832329826098365 6.471208160394752 -2.685546299172004
1.9994561374095623 6.702144945536273 -2.6763275637373365
1.770753472222971 6.6918583231466116 -2.65148078323865
2.0709123646536867 6.646474464154386 -2.5880823140077647
1.7627778255823832 6.6571408913901085 -2.652476162644456
1.9638057185274904 6.214672120454807 -2.6407900467133167
1.9269067345291022 6.516864604858869 -2.6790287876530554
1.7292141448796459 6.2549416869634715 -2.653500336242881
2.000970187687714 6.50249619505033 -2.5969251848822905
1.7929898455755815 6.208543637118594 -2.6830688809166334
1.9298893249047575 6.204706104019019 -2.6560474446021614
2.085436946661117 6.721858704286289 -2.630764568407306
1.7838540322685394 6.514845434304775 -2.655782330264108
1.8308351477430553 6.0623066802197965 -2.660986530809823
1.7876732734678993 5.96644080093856 -2.6434178199853084
1.8350875056815523 6.568792424851167 -2.6885129891067057
1.8838167158158785 6.448271766995623 -2.5880781157432393
1.9080716711587868 6.529798928296574 -2.682483302506019
1.7946928124273915 6.503728052193585 -2.676480693754973
1.9566216451080232 6.307052966915858 -2.66701780180548
1.7325567195421003 6.267803159571994 -2.6441195989929676
1.912522507163102 6.207894300936527 -2.5782963445960174
1.848809150023544 5.958370331320562 -2.634607625589298
1.7406358883694175 6.250863388802394 -2.6340001983357797
2.0298353749071962 6.403106303120962 -2.6244291575026235
1.9402329870515032 6.824983611513427 -2.6447644516864752
1.7722592435919156 6.2184063395596 -2.6755656475787193
1.9502008878634247 6.3358318875757975 -2.6771419042880567
1.7951698264640386 6.525023097166647 -2.637514826975971
1.9531105847960675 6.82318394147793 -2.633123292537322
2.0102666361158708 6.630079008366827 -2.6130677070137507
2.0276017160785913 6.729041054570443 -2.5716715710324323
1.864413317870536 6.048096081480187 -2.59791968841441
2.0036132925933217 6.260553271555299 -2.5884598220229664
2.0247435248896597 6.415979245734308 -2.6308949470697196
1.8365508714273222 5.997827526073635 -2.600694827164736
1.7766096795925423 6.283729425752455 -2.608510875338703
1.8061225987174359 6.173133804244493 -2.669714392506244
2.0271655429577025 6.432372923588394 -2.6007334716446087
1.7834902882840167 6.180562309430103 -2.6650362859609826
1.803121624564437 6.121465437289352 -2.6114531019163447
2.0005894054817976 6.280984783626428 -2.5849155859041346
1.8101928627497053 6.737610748545516 -2.61496735041299
2.0077380942050933 6.344250241840573 -2.5751299337199822
1.9579617037841754 6.4625392102767165 -2.6731646033019243
1.8166807948217976 6.566282723463795 -2.68045762301806
1.8985419977509217 6.04836915289594 -2.6302143462586844
1.906400942952056 6.68005129522978 -2.7030727108147383
1.9171056617078608 6.335489544022076 -2.6872703227923176
1.7761508389086733 6.232496102262096 -2.6757280459835004
1.9117562497782323 6.178669028381741 -2.6515817778069914
1.7858945087129485 6.502002564783147 -2.6648376209580533
1.9646701556010866 6.404067225560721 -2.6703433536271586
2.0133255205310157 6.406493158115776 -2.5872300881186745
1.7997749163233598 6.743043983749578 -2.6954944561984444
1.8125313293277232 6.598541720336025 -2.641615471482968
1.8540754382229214 6.147640312271856 -2.5995876899929047
2.0628429833369646 6.641703879244952 -2.589148491220465
1.9641697697161358 6.253165045585769 -2.5777798286125515
2.010747605588102 6.277430611072795 -2.595914077535965
1.8337565366267259 6.527094220581558 -2.6834728768642835
1.788328655158788 6.419024503487055 -2.6153881406151775
1.8519115921287268 6.579760241661566 -2.6120575822771652
1.90641015321689 6.076468254654976 -2.626190011033203
2.03592152561741 6.676265749380588 -2.5763686926496745
1.9904654577491199 6.434196254372955 -2.5839252561296386
1.7651045223296775 6.445194706959766 -2.6560869488140613
1.845914675146541 6.178293847250867 -2.668347736451784
1.8852892398937415 6.048606714900632 -2.6346182935242988
1.9599623643690771 6.413659979821093 -2.671632552367816
1.8374522715622317 6.086201957365375 -2.604519280898968
1.82951274666658 5.9870557273097145 -2.607842796124074
1.7447174540719237 6.258445970491648 -2.6334956447279314
1.9156071583406986 6.10081622098066 -2.623666756337337
1.9701127514562442 6.218018218128849 -2.626536996711055
1.9199112620529997 6.696381838768819 -2.696658009822615
1.7475624330362418 6.249891947484545 -2.631532379335782
1.8465835101715429 6.288731440627389 -2.6905537678977476
2.0013502465509845 6.536986184417252 -2.6093036898080064
1.8313590168376659 6.101774848231703 -2.605647595578329
1.9166696432767751 6.132303961425535 -2.605325781207363
1.8740399095169498 5.9788650807587995 -2.609750797837465
1.8406290656014623 6.134759956590045 -2.660296723891965
1.8449833403665408 6.245283072604247 -2.680122174109415
1.7596242519636376 6.404759537749378 -2.6758308487538116
1.9635679773181889 6.466187308308271 -2.6684725010138886
1.8415659828312354 6.024782977405392 -2.6042963571024247
1.8139792923391735 5.969448568571113 -2.6145091986508247
1.869219150659263 6.107778991542839 -2.6002559624613992
1.892913239032005 6.165157785120155 -2.6549313709300746
1.871657914249318 5.9819860356393475 -2.6160411247795174
2.002158256573313 6.320089622224965 -2.5824248147670406
1.8922416386465595 6.04503658108195 -2.609764408458063
2.0281865629344282 6.685210612064495 -2.664858753377872
1.8162519738841691 6.4948506343855374 -2.681804009969377
1.9804916490468494 6.594592265953201 -2.5991231446597363
1.9334835963074235 6.526263819181789 -2.6735355572665966
1.9193967477718354 6.29711522237621 -2.5761322634319868
2.0397287139701303 6.687012784829994 -2.6578769957424866
1.8401037770969655 6.349565858998033 -2.6973850964629738
1.7493290379268362 6.370682148140031 -2.6359126719791104
1.838143488745491 6.012668681693445 -2.6448677813341117
1.8695945598855241 6.701832074552289 -2.6956059796688865
1.9410215899281826 6.340539644852226 -2.570139095466072
1.9279005864224072 6.250501527088556 -2.66649079125675
1.7941382225111269 6.091075096242816 -2.6433909228265895
1.9740270274395855 6.463488501921748 -2.661782992221724
1.8588933760565953 6.581608537952167 -2.683381807986853
1.8586802779730243 6.44195416255958 -2.5957159305923376
1.76722195992518 6.398007500166845 -2.626925148967411
1.8199504261899342 6.007078789741705 -2.610092900695385
1.8014941217179368 6.194978639779237 -2.620329678140268
1.7955383415363673 6.212417586289418 -2.6097518414039893
1.992860164851757 6.728878071279714 -2.574248894692899
1.9138942375929575 6.560384456735262 -2.6802821087192052
1.852787802379841 6.50078823693738 -2.6078492723364324
1.8044218734732242 6.244672253173385 -2.608770573146141
1.9505711422305305 6.5595691861090675 -2.5932742379917837
1.9090553767900942 6.282736572703461 -2.5770118876447166
1.9309362552867269 6.178279757702728 -2.629298652665363
1.7730809483667538 6.4616282146403385 -2.644461506913781
1.8767589909307532 6.666699775254814 -2.5903538544916715
1.8880354652295446 6.191298785709391 -2.65611638676451
1.9501562461986293 6.598888323880513 -2.600808582824438
1.9142314791827393 6.13903977685338 -2.6213876461250107
1.7681125717492143 6.4220142627815315 -2.674357396483899
2.063088031070701 6.651963623499807 -2.62289757704011
1.8681612144227664 6.0084406788996745 -2.635255083519917
1.8340684354824122 6.112828993194928 -2.606368386657236
1.9085811695982664 6.130125848249783 -2.6280607791777584
1.8190286976249763 6.101443844432109 -2.6526321102214325
1.8045080395153792 6.512980025452967 -2.6401948904486257
1.873920923855808 6.005536336586759 -2.6081574673882137
1.9313748089519804 6.267992257163346 -2.66752102866927
1.7985578388644894 6.675209514506436 -2.6881068980958682
1.9325279829839235 6.248902991752145 -2.577218317067052
2.0115432548082186 6.440690063471459 -2.624575718691518
1.85563814558509 6.6193992368031545 -2.6710974907843408
1.8342962720344256 5.9764001648994025 -2.6245642641546785
1.7521602067645845 6.303426269049155 -2.6388718600606955
1.848226185689159 6.550486757486805 -2.625623245558387
1.8805457813976076 6.309426358863369 -2.581495936677282
1.7841995888972937 6.162692680561994 -2.648492000535357
1.9547034754181358 6.682047666445808 -2.5771744791049835
1.7836523111688491 6.376341110521699 -2.6122588781836997
1.831783601939518 5.992499703689476 -2.6329360803440602
1.9192361216354454 6.742853642405624 -2.7015463730082896
1.9591506978687403 6.526784226797382 -2.6594317732578823
1.8546123871052362 6.469962769509333 -2.68848088194606
1.8110538157367129 6.269996788477336 -2.5977279756911456
1.8181806173154471 5.990116664396972 -2.6312951724736457
1.9497850878223948 6.33726224132869 -2.5711047726668985
1.9336963518329016 6.72653321628361 -2.695013308319586
1.90897480581294 6.321193253017849 -2.5758015446074545
1.9633534865946718 6.665356564455179 -2.6872811280845035
1.9409666953215132 6.669886851118227 -2.5807315169007
1.8135558392114839 6.059215211919618 -2.619547261648526
1.7925318894669222 6.683940768949068 -2.632890402639023
1.7638581909060385 6.4262058689679495 -2.661091839253725
1.7893496522930878 6.15898208962306 -2.6319551974696775
1.7799625004177861 6.712780329538722 -2.654918548554128
1.90584596230988 6.611230282615498 -2.6121776686087124
1.8607853674433126 6.303972269361424 -2.5870466516333765
1.9900429857541182 6.525954475954876 -2.6090372326500533
1.8519478514424859 6.105693740339948 -2.6471510677451544
1.804913686163415 6.7504287898550235 -2.682439374417161
1.8161908506722193 6.5037345488953076 -2.632789406246159
1.890349290410771 6.251041255074224 -2.67546015432539
1.9596420055605732 6.59729063391521 -2.6594811187374523
2.0036782643597384 6.6529813284263195 -2.5792183733197183
1.8032204586885106 6.691678253483202 -2.6830031015209874
1.9124383139654806 6.633366292049305 -2.6124483984440463
1.8258572925241252 6.726118586623938 -2.6923174674802484
1.9395374675060313 6.482773255971724 -2.5936155813748893
1.8873355411157398 6.1712624541348795 -2.6485024195257916
1.7467003351975157 6.337808543945201 -2.6381038103574066
1.8719940096635457 6.636074198164823 -2.6247928174958535
1.986004139213524 6.260643065032559 -2.5921593843633484
1.8347135170562205 6.036871351156183 -2.631186305143842
1.8663756164622973 6.586885534069924 -2.6801280602955595
1.9165719066350058 6.745098797504491 -2.5818256664085197
1.940459841655326 6.495615830811223 -2.666828161552327
1.7944056860625994 6.180634255781786 -2.640041479960191
1.8273565759527126 6.009687352145764 -2.6300301469112854
1.8961273621420713 6.598126218085005 -2.6747024425224932
1.7982625786528925 6.158831855581367 -2.640221437119557
1.8609996872371357 6.511078258735438 -2.6124347025893546
1.8521920753530026 6.47989802116061 -2.609265291551165
1.8386614277628004 6.3148367541827515 -2.686362543369378
1.899101184232577 6.225175841663149 -2.660514055770455
2.0182116109425756 6.654286199799585 -2.5826408976032984
1.9892029886864908 6.499578695415559 -2.606791822020554
1.9855308785571841 6.383672876756993 -2.6532329240029484
1.9348956052974433 6.672419534839476 -2.691887087872852
1.9615429402670252 6.3194613520351774 -2.655474614936903
2.0095545508580366 6.342276207212058 -2.631605578627059
1.8137130040791614 6.102057913615577 -2.637236252555666
1.8828752705819802 6.130055515575547 -2.6127843253197973
1.9205006046715418 6.398062275394481 -2.5806636609053664
1.893259711700316 6.527325020667181 -2.675344745575578
1.7824429066638459 6.206699061254304 -2.6310150843074105
1.9109353994680855 6.176778675944931 -2.6076610257629222
1.777497620107302 6.235591585734074 -2.6582685128649546
1.997598219098634 6.35459980432882 -2.643500374810965
1.8452032628956618 6.582458830530912 -2.6244075793951747
1.8463460293626621 6.223853351173163 -2.599643254449069
1.7845768132522397 6.455680317856381 -2.657929489252083
1.8226009795250406 6.584558086423882 -2.664576881166565
1.9798057499617823 6.282683496370884 -2.6354960446770352
1.9814871702392298 6.4602663474066935 -2.593061554236316
2.0162803307927026 6.770252818478374 -2.65128544228129
1.9455762754658583 6.273619680006696 -2.5793897191556003
1.9522725993792762 6.268602101363714 -2.5812496727327368
1.9049438644861594 6.325964427481224 -2.575752161721028
1.8136760393186624 6.184042267556363 -2.623583712636705
1.974970744657699 6.456297162037291 -2.649160162655941
1.9892294213548658 6.5688783107440285 -2.6128229711977227
1.8416944340995596 6.15497494332652 -2.6533564144976562
1.9116610646012875 6.645644937166298 -2.5845619239517448
1.9506435822120856 6.598690924313027 -2.607206587029411
1.8693688287414973 6.3125516487980855 -2.6827855780278087
1.9141129208757 6.230292853895218 -2.6547213398629257
1.9157594459840586 6.1616591716996885 -2.616593083178402
1.7988203341384597 6.698207821588811 -2.6498359487614955
1.9781527209183865 6.411343922983324 -2.6535098771610794
1.97945185230088 6.60335818867868 -2.622028357510187
1.9342317377963236 6.290525617978377 -2.581316485221736
1.9747580515150642 6.768141894013967 -2.5869743137360803
1.9550727561524899 6.599404922736737 -2.6117882700660724
1.842379478587107 6.532686151700318 -2.629113814885792
1.799288989774778 6.433280280793966 -2.622313573875643
1.8367342342287545 6.524120979830974 -2.6724200959075346
1.8644292786671652 6.124418254679495 -2.612045985960107
1.9819017027739971 6.38549381585268 -2.583663001614826
1.8068533656231496 6.243725311582859 -2.6683885742200113
1.9014796728981298 6.17755814446009 -2.6088110661845874
2.0455281817382636 6.6820668777936945 -2.6444212201081823
1.9246259891415796 6.508758737674316 -2.6034389247048884
1.9097559505690571 6.48523017375212 -2.5986298077495396
1.9619506361608772 6.249649740848991 -2.5883846751495847
1.8508907220256725 6.502231342670366 -2.6180213550551548
1.7994315472917375 6.25809723833579 -2.607086447977986
1.9493981813431729 6.427858190932904 -2.666069557668205
1.840982367613751 6.670676330370071 -2.6919284196456283
1.9564427915503626 6.3375784079498665 -2.6644646354012878
1.9458728506588527 6.5522914096256475 -2.6116598744022292
1.820291159191116 6.746806920298579 -2.6923311841028514
1.8764039363007847 6.170488641526024 -2.645379992627788
1.9274822232550353 6.384458989423314 -2.676289452873802
1.8815164757878309 6.287602995111184 -2.585710244785533
1.8444194042317426 6.54160054863276 -2.6442271584998513
1.9357352587803538 6.612859769357344 -2.6572321041183598
1.8328710700588142 6.130249275222586 -2.6346303755837397
1.845713714857596 6.603658561961871 -2.651162161900879
1.8697546645370566 6.4611822891960085 -2.6000560744525423
1.8917519275107761 6.259451832104429 -2.6733973579542485
1.8397040564173106 6.190186513189488 -2.6540086766376683
1.7886407979079582 6.366335231683337 -2.6141328186019868
1.8264114355878114 6.158786743808676 -2.6244623606314557
1.9601758102956486 6.541420150732549 -2.6283037687997344
1.823859764327123 6.520782023706539 -2.6603598392706402
1.8507951610983326 6.177134600000144 -2.6134290086890637
1.7954923618256378 6.275934217103126 -2.6796296311774555
1.786169912750436 6.43978068233645 -2.663596062918253
1.8796903799655276 6.64499599087387 -2.5933737272109845
1.875688482654958 6.493099092641854 -2.675112479982557
1.8614085955532076 6.289525932020909 -2.679554433767784
1.8578303018677715 6.55451003442883 -2.615514434462818
1.792158524668387 6.3850593225888215 -2.682474659100953
2.001975334981665 6.419649430091143 -2.6220436797326006
1.8736747103963738 6.2934424834520915 -2.588060375993583
1.9478076168533618 6.506083796697199 -2.606870469798503
1.7975019801619196 6.692432449258188 -2.6499045018950453
1.93047420393408 6.240118242071364 -2.601660936393727
1.94690052983078 6.2111312513184025 -2.6086340810030784
1.932980346021191 6.513666319996059 -2.6060050511477812
1.920078552494327 6.508865791204787 -2.6645505214567624
1.9967150152352802 6.390001511725356 -2.592938280740018
1.8399050438776814 6.534883932378387 -2.6621625039369547
1.8904425135811 6.710426204269066 -2.6907604966665
1.877409876913914 6.593530435081765 -2.670567174687716
1.7822173705346231 6.214252820668509 -2.644922597337713
2.0039937364128453 6.713968738533984 -2.5786307459174393
1.9774787805359126 6.5206611965039185 -2.6232504328751576
1.9271509050046645 6.54450163508084 -2.6157418792724627
1.8717795047841574 6.179735130921802 -2.6434789627412076
1.8645511462304993 6.507711449101144 -2.6710445383183594
1.907902844582876 6.610778816949439 -2.6226349486522724
1.9169633098039678 6.347589957049061 -2.5787859135997575
1.9692211312797907 6.516667192956837 -2.629746217710458
1.891264965756758 6.75403388560831 -2.694004960497131
1.8971290520578998 6.182896838186002 -2.6238851073579816
1.9115392104458664 6.732215909702354 -2.694336497389785
2.048378557829683 6.6974176618345 -2.6257068370313004
1.8115725600814638 6.724818569163876 -2.677470895694639
1.8338141613343706 6.173749668667818 -2.6264848380506445
1.954077646741212 6.276293546959829 -2.6494170352134017
1.9178382935873133 6.630565567067727 -2.6227206562569125
1.7918618691670685 6.653009084833686 -2.64705814366146
1.9158748841589546 6.24134987450587 -2.597326434548026
1.976345512539691 6.343193174875239 -2.582109856260316
2.033942935708295 6.69060343187705 -2.592507094632974
1.9422686880162932 6.6790045872365145 -2.6864533659056384
1.9659270460704499 6.530365708865588 -2.628992526718082
1.7712356637494309 6.269851306485321 -2.6652601817688772
1.8775702559595506 6.1541741024943 -2.622278355302873
1.8766887963495407 6.186564784396699 -2.618982802753953
1.8736528426405845 6.156999612698986 -2.621708027091313
1.9512629775315642 6.628755197796421 -2.6256211960459956
1.9328775948707075 6.54989350018387 -2.620899589052134
1.9115316158868647 6.36794785909378 -2.581407943548389
1.9379542533479528 6.211807469295351 -2.606044635264251
1.8449184963139236 6.285612373846924 -2.6789376039152697
1.8177217681661086 6.462696255128831 -2.623863935578798
1.785870103904763 6.3964125629640645 -2.67603259237514
1.860422000610059 6.343094268780078 -2.6867530700508953
1.807210321485706 6.23457240604809 -2.6614643889626404
1.946314953333555 6.600816100385999 -2.6314301580302377
1.868468791019147 6.4776990481952765 -2.6095935075657346
1.934931723958261 6.238951833295763 -2.630465049630463
1.870369637284384 6.162783369199515 -2.6384686369409245
1.9896822272451882 6.707162835558411 -2.58711477844282
1.8741250417164568 6.536164840157578 -2.6653778887412063
1.952774954526223 6.392414194952228 -2.5850480409372
1.7620917276131165 6.368430066095745 -2.6469357035639938
1.8774144385728229 6.746759789975177 -2.596544459892838
1.874520536136089 6.171800415011835 -2.629555441120338
2.007295530763983 6.348029727859354 -2.6176650859387474
2.0077140692364868 6.339466373341701 -2.6070229525859814
1.8580988859594123 6.763415162152019 -2.6119505166122083
1.9347867418991904 6.708498328908733 -2.6833710318506494
1.8678656494654922 6.496338071858772 -2.672290644277709
1.8946515645616149 6.518774204501325 -2.611012672042351
1.8230643700333338 6.746944523050263 -2.6885341882248444
1.9021022503817597 6.587790335565579 -2.6685415198759745
1.7836540438560615 6.288646736347675 -2.6684469459707545
1.9160083750176353 6.536791406711004 -2.6591534266185186
1.8839116133932083 6.67079617791952 -2.5986727222847272
1.9056542314487228 6.663130000775963 -2.590178432339421
1.8896829251591405 6.730805086966091 -2.6931196018918175
1.799901009882601 6.247197550878063 -2.654308786209076
2.0524596380897355 6.6879317301241965 -2.6252064635222503
1.8947760406083418 6.617075398761716 -2.651680193146605
1.8402683749569944 6.43813370391766 -2.6795121191784093
1.9228352190197695 6.357031754079324 -2.672957035529703
1.8516866392223987 6.195160310455121 -2.636934208387565
1.790100902845443 6.254697781214439 -2.620839646940172
1.970107621763564 6.590271219636364 -2.6237129283448404
1.9473946818942383 6.390914039534628 -2.5856348118860284
1.8378525500367158 6.241942920469282 -2.610791055787147
1.9767391230012163 6.264030146632306 -2.6230184046227105
2.048854467277999 6.664531605842116 -2.626708557015474
1.9353752270780002 6.562874032311983 -2.6100863541104014
1.9267945925802819 6.2088146756181715 -2.6028671308974434
1.8479073461796607 6.402827484214469 -2.6829701729833038
1.9197423089867673 6.565420500115506 -2.660009980605987
1.8032977528756293 6.337359046821826 -2.6843699156725664
1.9202351492727134 6.5528467595536855 -2.6474013564290297
1.8140810718672946 6.24774915024084 -2.6225799991247847
1.8463993440316906 6.489062759979655 -2.669708046650074
1.788801053967624 6.265995959868459 -2.670901003526244
1.8464962535269542 6.57980102093233 -2.6441408566059996
2.0459821638136497 6.711628726723091 -2.5903430501848677
1.9315421878684393 6.242100687622969 -2.63091912084863
1.7774542401900653 6.270382592999397 -2.6272815611894593
1.8057672323746674 6.471146391956408 -2.647113027446978
2.0540421860610802 6.730965795408951 -2.5962981782264416
1.8496640670286553 6.494354820680701 -2.6246645613674766
1.8622135407037657 6.42262339854822 -2.6023439805718587
1.8025912857413533 6.44140937820846 -2.6653225331234958
1.8433159824791754 6.414608240961769 -2.6057602042341945
1.9780665566166027 6.274341265982418 -2.6072582236469772
1.7694824215941927 6.372263435601985 -2.6448876722074104
1.8580439173757402 6.696088719087758 -2.6841411352681823
1.893303355904034 6.508005851889805 -2.616796973910133
1.8068785750387466 6.468152824820289 -2.659991582901381
1.9504435766997275 6.660843076493168 -2.5853071120373654
1.8871043044414844 6.510363491261951 -2.663832382807935
1.9688618200443933 6.7260804672337215 -2.6775947273815746
1.8199207474954777 6.751075693067691 -2.673216061749235
2.0411471971775264 6.714615741808763 -2.6450234844309186
2.0155921010154634 6.6828979482421875 -2.588901161164041
1.802175259908039 6.235615856174693 -2.6372273668785127
1.8043641053300497 6.315376300322289 -2.618092413045469
1.8559914301263225 6.275584892013192 -2.675533845443034
2.063442699996664 6.7324524433331465 -2.6192019379198053
1.8500500193741627 6.295746880142612 -2.5987212865118545
1.8834983426915843 6.268831948845641 -2.6694570674953537
1.851271515464024 6.245849453688051 -2.6600875696758344
1.8543272785408318 6.420176743408089 -2.679563554140073
1.9838332175765092 6.434760593624395 -2.6273643381992127
1.9296610274471533 6.763954657475441 -2.59332989832027
1.809858351678359 6.2126334717746445 -2.653661023269099
1.781231950589271 6.383890917092438 -2.667849883709101
1.8765380708382757 6.561250005174907 -2.6631876361515845
1.854267375407169 6.5765574392971775 -2.6466094768148363
1.9458872710921087 6.712736391252402 -2.68412220355276
1.820885584181703 6.477193399821944 -2.652514083566957
1.9103336301790264 6.529107486904994 -2.6238047887273783
1.9050811862292205 6.404244801868755 -2.5929658072771566
1.9668309010718992 6.461416426510151 -2.644591843790171
1.900885845683328 6.594950139501209 -2.6245631533507616
1.9626468113331674 6.27852975951347 -2.6331764962480024
1.838373620258669 6.215479442602066 -2.613738290099391
1.872567763959995 6.344523807734569 -2.589198349756564
1.839012825065502 6.553449066604156 -2.639957500478986
1.9508514587429806 6.430084788287962 -2.5968372761572525
1.8387995261456695 6.254304972156718 -2.603022546412207
1.8221018032030551 6.7396980989797 -2.6313934789206765
1.8193460312756786 6.369320190484563 -2.681778242042243
1.8641209315989908 6.588681626224518 -2.6576345267268446
1.785310632118132 6.382337071509757 -2.630696062304554
1.923620257290044 6.4816252308977695 -2.609376585827287
1.925819495901 6.260373694626393 -2.651846760078569
1.851195801936377 6.719232524222559 -2.6106204173923295
2.0337863914735808 6.673726554834942 -2.5993688528273484
1.8310843695138816 6.70008998739819 -2.6550999359575744
1.9534630272881461 6.471636121080342 -2.6483794046327995
1.8638009904887243 6.478401761420187 -2.666823841021515
1.8333196982702624 6.443316502680563 -2.626231889255071
1.981016424574343 6.427600726687668 -2.62276492514087
1.8672946829073753 6.579716422258195 -2.642202550070988
1.8275958562170154 6.428464214065943 -2.674388343516549
1.8887214185574868 6.505421484876791 -2.624295601663234
1.857042982903221 6.505661923786721 -2.645222977716072
1.9059476700547457 6.368598991410034 -2.5872530744151865
1.981697589127026 6.430411321754821 -2.6156356200373834
1.9204178939078314 6.46015645565406 -2.6016215780519185
1.9120621690847042 6.292368398683618 -2.659250923601079
1.9053950769182704 6.555588020026231 -2.6604606019977117
1.8364877412056388 6.34132370071998 -2.681847722110903
1.9366737973495134 6.510290740989497 -2.6269245209581378
1.8433654245925917 6.495574663652464 -2.6458378606846695
1.8648379551673293 6.511067783232541 -2.6349800863220016
1.9548307658218067 6.6748596146918695 -2.5889503776871736
1.8538194922711309 6.476716547718796 -2.665560115141452
1.8628039917307446 6.433980578876696 -2.6086469924038607
1.8391517016170496 6.452045205123126 -2.627643435195454
1.9989388898702618 6.759918082293034 -2.590911068628907
1.9263224979450677 6.48924634989638 -2.651497549860631
1.9052652115689772 6.246723027236607 -2.6142744833258753
1.8932340170583362 6.26182317738185 -2.593959851999553
1.819500983162258 6.469219930678043 -2.648623794517859
1.924281237988601 6.569034586580926 -2.643193830902001
1.9165916830753709 6.448569227860263 -2.658388307660926
1.8803799128123833 6.435439281566342 -2.6708414176571957
1.9541363527901399 6.393642652399521 -2.5946897984335555
1.871615771458326 6.502647157257371 -2.6392562930554604
1.8353207754612089 6.477278443702835 -2.6489143158073434
1.7853573899778241 6.355690263391296 -2.6651617802330065
1.8086945667793608 6.255494119500299 -2.66492608342707
1.87035643220279 6.325621840107884 -2.5914156802060253
1.9170804640311292 6.760673727338137 -2.5994108597153027
1.89024898212209 6.290283432442582 -2.6634577614216934
1.8206089818653786 6.209230873010728 -2.6326588254411556
1.948875532673589 6.28990564386986 -2.6358631621263227
1.8276163934038014 6.411451492911349 -2.672562248980988
1.927293404922038 6.299787827987969 -2.5967669071675354
1.8987421456504423 6.238040363925606 -2.6284352085921974
1.8513500458636023 6.219653398461515 -2.620202732253367
1.8552195558856786 6.730115832324452 -2.6165106956706867
1.8706059397373622 6.244577208252916 -2.64678841885788
1.9308161605231215 6.660715427404397 -2.593456001540016
1.9430202613815042 6.399847893343979 -2.655221370679654
1.8075539961713436 6.306826078593142 -2.62355975515318
1.891505963163982 6.2269562305129025 -2.621623886950397
1.8880921686635481 6.383167050690835 -2.674166901157209
1.9227300032461105 6.522302069844323 -2.636416303814363
1.9236766562411276 6.269077973000591 -2.6486548463087316
1.8066009411568253 6.328692414534681 -2.614334187405025
1.885623018919937 6.229626842401757 -2.616315080399966
1.978144114567755 6.401514056481096 -2.6149823309542803
1.824321154698308 6.737406973141481 -2.670679735996445
1.8907301739986817 6.210545697048659 -2.6359788629339356
1.8305203688157872 6.765140901703624 -2.652238287295635
1.9467128629832273 6.4434519876787855 -2.617545397333074
1.8070019581951244 6.419686644053519 -2.655073129793033
1.834708330793803 6.697464204470844 -2.662194389823285
1.922534799085442 6.354370774122941 -2.6647000729703914
1.8840752264625225 6.658667749921599 -2.6818935578921845
1.967373687161702 6.663588996141052 -2.5905723360813626
1.9614974216642302 6.31761166961841 -2.620639675462075
1.8912253348475834 6.392703087876697 -2.6717114811444596
1.9069589315094926 6.465518687002124 -2.66134489417009
1.8665629251256068 6.345311940713776 -2.676516269860558
1.9391415003315537 6.662095866637821 -2.6769226670465094
1.8103438270689298 6.4170946970012395 -2.662071186468271
1.9743670536923401 6.390760049286858 -2.6053049354835487
1.995489072844708 6.670443530429718 -2.597471624597895
2.0202768553659944 6.655391064121573 -2.628363036085149
1.8907502551305075 6.429523147800719 -2.6049540355708762
1.9092772622985377 6.736603357949523 -2.6847189490707173
1.782769120160634 6.32445306712488 -2.6479207228859307
1.8917669559537675 6.413958238016139 -2.602503716974583
1.8830968214815647 6.4938818818144695 -2.6483758556305683
1.9453912008323964 6.420795477391479 -2.6481693219955122
1.857801553783914 6.22154122907253 -2.63791392724479
2.045248532358093 6.740517306926346 -2.630524243066624
1.8833356065154816 6.710898415260172 -2.613278177410346
1.9349433920432113 6.473403058541471 -2.6467124108853293
1.9546172347545538 6.6899083545171525 -2.596409933569592
1.9349634584340305 6.393232403447954 -2.6574900661239136
1.8359773649975037 6.64858252615265 -2.6315663780779133
1.9007244405972812 6.380595241217625 -2.6703625024595867
1.9460742143325467 6.301683599869949 -2.6320916389429447
2.0372349575090563 6.724182782793671 -2.6127305765007325
1.9471797859914006 6.266987597730504 -2.627066320243349
2.0158967078598033 6.729939441339942 -2.5948595502830343
1.977804090603737 6.765851504210318 -2.6669422247316485
2.039774458290476 6.756526213683308 -2.6124568841026017
1.8853216118952423 6.3692694280259605 -2.5952495533834226
1.8982486431689574 6.286456694224289 -2.6003850557684647
1.9130298644291626 6.327084712129774 -2.5892213243445235
1.9290346254599062 6.449127380008271 -2.6449067688242054
1.8883162999817156 6.49328089210394 -2.6396821853864574
1.873577369753939 6.304151649877157 -2.6629010416330354
1.7924156010251826 6.270778280865506 -2.6421313279058154
1.89676441374576 6.499553831025028 -2.640713384703745
2.008032923701181 6.746563320428873 -2.6612761229708832
1.821551832102352 6.257910616307596 -2.660073280148416
1.9101556738753436 6.646916341345653 -2.6798803520815344
1.9264796115118905 6.275726610412808 -2.598888156424652
1.9190697104007124 6.348228857378085 -2.591317651322301
2.024606221086928 6.726511796488785 -2.603465698991127
1.9637910610245164 6.415849876828335 -2.6170986749389082
1.9578893825223216 6.387649959034711 -2.601322121276847
1.830939284788402 6.343546088635415 -2.673900895829077
2.0448434596576543 6.740486323482765 -2.6196332898873234
1.8402928593992183 6.422907861290227 -2.623884414053255
1.8334038966100434 6.394004854367879 -2.670612404048402
1.8356954579394378 6.368674159053181 -2.6737822337009933
2.0374646264836573 6.718349269295322 -2.6022945701892004
1.9233298574589845 6.458097991705207 -2.641041049391694
1.8733817343361698 6.768712529346257 -2.6643068842899
1.8308035957638267 6.693497573182383 -2.654986049219614
1.805924256421545 6.2971160657364 -2.6366171367017395
1.9112051232440783 6.671140343799907 -2.602875949746238
1.9572223275270089 6.404748231310536 -2.634665805189967
1.9044885135174316 6.706925600995445 -2.6722087717397818
1.8025314123862188 6.3229954571138 -2.629182776779036
1.9161009643176334 6.431590858974942 -2.608466888523324
1.8279555192139822 6.31160794967782 -2.661281199583585
1.9901602470595172 6.71244280952131 -2.660438097461062
1.816522848414845 6.371463854506503 -2.6676012791614943
1.912722013544296 6.668408343163334 -2.6047019852323436
1.9392408379393906 6.281418846898311 -2.626555489437551
1.8588856249490964 6.724149038926479 -2.673642093981136
1.9348112307007268 6.366360448669036 -2.594490369583803
1.8321715135152492 6.7485914394894575 -2.635067771900723
1.9077266284692964 6.694770192465128 -2.605309193363784
1.860013280362351 6.684581034104448 -2.6768918896061913
1.8876561343312668 6.371413292009269 -2.5986996962278353
1.9251637645489144 6.442192738477084 -2.6431234799122008
1.937683929746824 6.361347123845487 -2.65334213972665
1.90240165167214 6.348828119204489 -2.5947880463434956
1.9445149135062323 6.658746525945343 -2.6677633553498215
1.848214215999659 6.435055557939172 -2.6273590778901355
1.9046770670874191 6.6537273710226685 -2.6045985980928914
1.8670532525708348 6.435949930417376 -2.661646672200205
1.8917681466982372 6.448248564056572 -2.623374081821151
1.8346658590064882 6.681001743474664 -2.636198154802594
1.932265650951898 6.770259942583263 -2.638136633571678
1.9261520478284762 6.287077308556445 -2.60938719561263
1.9085560233662746 6.3562064345285725 -2.6632379306379717
1.8107458567397867 6.332926092218846 -2.6208183682779236
1.8251701373229832 6.340630872139346 -2.670801274375189
1.8234917742883128 6.312785110683675 -2.6566314802268725
1.8239308482872776 6.318473910524067 -2.659154285077154
1.9013576108300763 6.304270346124831 -2.650800919596602
1.8454149297833822 6.373976508663514 -2.609604211334701
1.8577170591399481 6.730827221184473 -2.6744038142908613
1.9400102936744092 6.6398346971979 -2.6694434124970243
1.876402344945189 6.438125742719903 -2.6199966641223065
1.9060371187444982 6.290044053209325 -2.6046695622725453
1.9291820175067378 6.260352855754341 -2.6290576377613766
1.9194147973864246 6.445744908365718 -2.6361699396090716
1.8509331480580862 6.315413237838873 -2.6156720313730593
1.8031149356862541 6.359801358304005 -2.63248720387252
1.9818097665456265 6.66754858628372 -2.6042091308688304
1.9929446209551605 6.726604363904467 -2.6542603000112868
1.8068232788898808 6.336127634778736 -2.624399829894621
1.9652517571925392 6.7295755102156 -2.66594520917493
1.9318077174873216 6.6994859274038205 -2.6664359868864302
1.918830552030905 6.265277781209827 -2.604256149792123
1.9269515176017287 6.345962447588176 -2.655331371906844
1.8845667326976754 6.44133958246078 -2.65517216432788
1.8793621412908565 6.24913707154486 -2.607955867179482
1.9973510512943293 6.655567428088869 -2.60872655154731
1.8377587500503627 6.263972351935522 -2.6586114901697435
1.8955368644366384 6.419104760473172 -2.6591114616339486
1.8652233149704585 6.333391292578378 -2.669733645800369
1.9106429485017136 6.249651327408504 -2.6107937137898176
1.8411484069933104 6.290778716064874 -2.657715222235816
1.9720969618489845 6.657960721374892 -2.602408019751013
1.9088657309927148 6.411868077855728 -2.607381312099697
1.8328888844121094 6.685404936618053 -2.656445648641326
1.93825667745869 6.76938943199834 -2.6628344771478027
1.8427601739760484 6.2713590990549335 -2.6122902338247913
2.003761082514633 6.65187767110517 -2.6222398827987226
1.8188841457552694 6.295361026494769 -2.6342361916238706
1.9380732000814374 6.350617919008146 -2.598103027651406
1.960346739542089 6.331846339605483 -2.631206233619456
1.9103532317171905 6.473211447624918 -2.6314259859784794
1.9835960996499795 6.653631406487167 -2.648829637256082
1.9650502641041006 6.332257946666245 -2.6237311667899235
1.9763004705615872 6.725581890535061 -2.6596415063711403
1.8369169865935417 6.666543221842106 -2.638942971486437
1.872919855759775 6.704708085518826 -2.6624599147602144
1.8904622342486528 6.470267106089635 -2.6385445873526283
1.87358091339879 6.4591921364729075 -2.6287158567482667
1.8209666205169506 6.2588509011749585 -2.6479445088286555
1.9841576777456087 6.667480027615215 -2.6449842369704193
1.9032338773519295 6.262915690690194 -2.6448724994880957
1.8403119928139517 6.311207776327838 -2.6569746003468184
1.9082407517009063 6.2532898263542505 -2.6162679604429746
1.8355033859863559 6.2869062026291065 -2.6521155218501375
1.923021943741642 6.441182613617995 -2.6278428364534197
1.8744313302212459 6.761181372744396 -2.624982897671596
1.8590452925462262 6.262442535907917 -2.655448470730117
1.9438462816453006 6.669038128184932 -2.6047923592875035
1.8525891979033537 6.356184953034684 -2.6686452781395236
2.0203072717147847 6.715059870435033 -2.6348422976746715
1.8730253601943305 6.438861144207063 -2.6513945990949486
1.9527229138296445 6.336270189564063 -2.6377385175768104
1.9128573438535812 6.741220772452931 -2.6775124839993194
1.8473669046940142 6.418640654308385 -2.6282568851020036
1.861209490217743 6.2852459620949315 -2.614489740224762
1.8987688569366903 6.438931817522128 -2.623360104883168
1.8659200980288113 6.735267445689324 -2.6217503924024763
1.9012636061125703 6.682598355865284 -2.6745862109798644
1.896757147127028 6.273388575026091 -2.605784313644203
1.941468938977433 6.751459784366748 -2.669978984920583
1.8598448344553349 6.7166510543994065 -2.673887831525521
1.9573917153835239 6.385461765678564 -2.6243762396764234
1.8174045277809552 6.35646427415813 -2.6265557851175765
1.843978934451376 6.254488827367349 -2.6455707233001426
1.9114502964652842 6.305978150293827 -2.611589149464553
1.867148365546672 6.737020067418818 -2.621413243786596
1.9806463573949484 6.704896285265612 -2.6421578818175155
1.859516399693692 6.31055849442367 -2.6554344079952075
1.8190724008702954 6.354822880171342 -2.662096381408422
1.9340127774801592 6.3779472774078725 -2.6014519846692616
1.8419517699517256 6.320103679295103 -2.6153987709313977
1.9330516077593987 6.355553969756733 -2.600687732345534
1.8538863366909422 6.3150928710828484 -2.652429088159185
1.9317404392652677 6.691545327482186 -2.6656940005729033
1.8295290173811245 6.294709564578689 -2.6447343128206677
1.920822051806504 6.299905224132832 -2.624240096867262
1.8391758486463168 6.2976567866868365 -2.6502877960630604
1.8560578948704811 6.384893137284397 -2.6637022977056093
1.8602669658254798 6.387275538788064 -2.613855841959195
1.9484309013475518 6.768259361114929 -2.653850860255604
1.8334717652879249 6.284419449157621 -2.6427438661551
1.8460809694932045 6.383850865644433 -2.6181031538729678
1.9280036292167297 6.333500277218209 -2.6486332930817094
1.8987105655043766 6.310621303525345 -2.6454010234490726
1.9408666716721512 6.354752681696077 -2.6429501040032832
1.9129616733955104 6.417075730738084 -2.6151487667935345
1.9022179694194543 6.706462533847506 -2.6625417971411194
1.8774597180442334 6.358937823554154 -2.605478712054627
1.8388760751566093 6.284490059736161 -2.643211999559487
1.8743597054783647 6.7065878004305075 -2.6549977737687933
1.8930012814782888 6.425523112102664 -2.6207630011604035
1.9204601205895133 6.429370982501267 -2.641000903710062
1.8573141238069366 6.2638410534404 -2.6510869932629935
1.8100039934289158 6.337895008792918 -2.6314231734233653
1.8856316959258617 6.277882784734473 -2.6110490652096265
1.9112365584398459 6.399091224924449 -2.6517394294457564
1.9134007765293628 6.309590140182502 -2.6360291253684744
1.8591073848785844 6.656504679147055 -2.6643193540050856
1.9976184693128902 6.681341025074683 -2.63805091667805
1.8143227069652241 6.339887035119345 -2.6308310672675215
2.005084002738182 6.746244660480268 -2.6520593862283763
1.9105229366425331 6.36013142161903 -2.602791337376142
1.969229148618917 6.752574297448628 -2.6585206611960945
1.8828553121630698 6.436917678912061 -2.6394802381061773
1.983569670311181 6.705542506932649 -2.6299673836064494
1.8480424209080346 6.675885917502386 -2.656591999936409
1.8642588478232196 6.32578875210371 -2.6065921591842933
1.954497532380917 6.380436805422402 -2.62466684401015
1.8819339018422312 6.419193693241624 -2.623827622046653
1.881454947977094 6.400952170141509 -2.6160674758023106
1.8760113268249126 6.392748146395901 -2.65891087467706
1.8624512476804664 6.313045340415544 -2.645571454285045
1.9166041782687704 6.76869308029606 -2.653663092089163
1.9893978964512606 6.675170745502998 -2.6409805693339594
1.8834089784752046 6.766863900031327 -2.6647673877842823
1.8607875582836102 6.299059105255152 -2.6452211643583476
1.8951150382106952 6.265624572771511 -2.615340687601474
1.9440614882093916 6.386085682757072 -2.6281644044106516
1.8539796681176248 6.382481075870928 -2.6621545537361375
1.9329249192235385 6.321328884920207 -2.6218797604656165
1.9694662360303976 6.762848603886436 -2.6555935347225503
1.8933021751435077 6.660919793996024 -2.6135300432785877
1.8474186111436004 6.320934735811322 -2.619071562647325
1.8793454486968195 6.6481038056268345 -2.6609766379950806
1.880200080841691 6.731886488836031 -2.62061399877791
1.884877589751912 6.287679656072362 -2.622588225575141
1.865476439400275 6.3652499285078505 -2.6107607439916025
2.005927173298645 6.766940582894674 -2.6226376222450094
1.8602802467941217 6.6856301429444205 -2.634225458303608
1.9264342093747837 6.721858457554039 -2.6642226893805954
1.8675552287655832 6.306753129467828 -2.642797437316676
1.8863783443378235 6.323133255462963 -2.610489347518021
1.9339204380974624 6.7124463614609 -2.604440940958024
1.8193073317536284 6.325940833036524 -2.653108882911508
1.9884971572738 6.692862487548027 -2.6197537453568582
1.882775071106582 6.647784718173491 -2.6649939385204395
1.8731977686701806 6.281766388454885 -2.6273577655348737
1.8202407462687322 6.325285600774636 -2.6545544917464285
1.8783167516830397 6.267271042042492 -2.621398367434786
1.8639648662654436 6.37052855990382 -2.6156539712733586
1.9457417655119504 6.327487321641661 -2.6228272300741304
1.8707269051571345 6.298154980373493 -2.6306461124228946
1.8594631921166267 6.351798307079521 -2.657587867639874
1.9445635801800008 6.716470049317454 -2.6654232808918064
1.893266414345815 6.763724646915767 -2.662512992588801
1.8848677454313503 6.359889473815102 -2.6574133075235395
1.8594678890864114 6.646934544963535 -2.6632118583375615
1.9714806052173095 6.686696347081378 -2.6102929042439795
1.909517098147353 6.40412198819145 -2.6258113264605525
2.0033972880114765 6.716635339753514 -2.610147616780592
1.8617735059136957 6.686822557350794 -2.6376797820066633
1.8610218322404473 6.656705230392699 -2.6401177379164222
1.8972113624887812 6.755309067903735 -2.6228580693364565
1.844267836625804 6.3891782535155 -2.6497695198927698
1.9594128582409491 6.744371474560818 -2.664932229729673
1.9273766066027571 6.336915394894098 -2.6409448841373697
1.9888774242285308 6.711835024039162 -2.6065998197423648
1.9626563088595572 6.663496559016454 -2.607760486857316
1.9606263882772421 6.699859959986984 -2.6347176948556013
1.9401636201854466 6.3800416572896514 -2.6207606447904244
1.821084483694901 6.336983722748473 -2.649558686663468
1.962503521584798 6.6450634243377795 -2.610058375649036
1.9347189070928368 6.670325280505809 -2.6554455771735643
1.9306946333122528 6.375407278179038 -2.6135029789074773
1.8720771540516983 6.333546524808547 -2.6108205419246735
1.9298174696916148 6.729633385751159 -2.6622474336669795
1.8545697232073242 6.66291477168826 -2.65197111842289
1.9405096027193713 6.747342309878247 -2.602673018023708
1.974563842000154 6.640796407261353 -2.636241299831384
1.8970806826416768 6.363912755746709 -2.6094235948143267
1.8287196776759242 6.334623419078802 -2.629326221679867
1.879942104350588 6.759861455223949 -2.642805926214864
1.9871816871334937 6.759561996126999 -2.6184709853740933
1.898732199270543 6.6507695339402755 -2.6217393392351855
1.8938148168171665 6.707163512691038 -2.6426129226242585
1.9940627914372577 6.753015829384536 -2.635214308560545
1.8980939479560919 6.357950511111476 -2.6495366346532143
1.8734873853892748 6.323139891829047 -2.618188178057239
1.8626575828538687 6.6725087292956315 -2.652835810096666
1.9381025636190738 6.3643174349399825 -2.6228384721111624
1.9645280599157635 6.6612224984870645 -2.611588207658624
1.8890034327402736 6.762329556032324 -2.6549541164214014
1.9239872792353507 6.747829859302739 -2.6709327149768614
1.9536207338874005 6.683617365540945 -2.611443382515516
1.9132923760554834 6.3557529604226755 -2.6114901072062473
1.9037226484452714 6.746577927181072 -2.6721041847720155
1.8640186566245158 6.397438117093425 -2.6310252488418717
1.9888763748907394 6.76303949655282 -2.6281608411876047
1.9509698289227735 6.693176428796386 -2.650547157980462
1.8798936772377468 6.734193996636078 -2.627644434363714
1.927754212473302 6.736569245578801 -2.610173675191812
1.9335232647680336 6.728799689273918 -2.6141491722369654
1.9643653889493256 6.695040784179548 -2.644296507417222
1.983198745671108 6.761224147682288 -2.6373458473469915
1.841251922010565 6.363809780649631 -2.6507101467638035
1.9452916379626695 6.680134920764413 -2.6541233915778366
1.8703170173751817 6.343810315113707 -2.6532839206580343
1.8705001430613526 6.684422821701164 -2.652313515529108
1.9230702346153188 6.360580807948697 -2.630986986728511
1.9007244420562701 6.375720045751841 -2.646135667279878
1.8863983476590807 6.670636359579472 -2.636977841208288
1.9273499042451956 6.732995417394139 -2.6623026687354994
1.9271620382529426 6.7597557792482785 -2.6215072055066133
1.9252827806295931 6.3424586399504115 -2.620676594552745
1.8978008604101313 6.759871090334043 -2.634068364558387
1.8966630141709881 6.76058264834427 -2.636213704732081
1.915606177834657 6.3580680077440235 -2.634345663619965
1.887450685727749 6.684553638531879 -2.657149836612607
1.9139192181491897 6.762848026195141 -2.628468631651895
1.8848873170606704 6.72567833367026 -2.647391409918315
1.8603094915750038 6.747761272886081 -2.650846853797784
1.944969121779088 6.75688459851631 -2.6527785422803913
1.9107864168069528 6.374561552377356 -2.6386558952495998
1.95659765444367 6.653757771817079 -2.6300881351165657
1.955770399847755 6.656503698025335 -2.6329190291213704
1.9233443500395757 6.72449105238932 -2.6197932848933734
1.958884742937298 6.696000433967585 -2.625181962593956
1.8973656355733777 6.333292396545368 -2.643192116195751
1.9814121222996777 6.73836652054983 -2.6449408650369075
1.9188095241193261 6.340513081117785 -2.622640428513064
1.9274155692591703 6.668973886699111 -2.641398832990163
1.8668639422108246 6.324514766444033 -2.6377429871813582
1.838320200483382 6.333995469105942 -2.639269855123424
1.915582684775878 6.329814590355429 -2.6309835901980003
1.9054737926391014 6.382510105445044 -2.626975532031432
1.9237249859355554 6.758532035721749 -2.6510200603601515
1.918823348330044 6.7626107592468045 -2.647394628031161
1.8579793986672741 6.3650807349140734 -2.635787484785099
1.8859929283017478 6.735767898212889 -2.63449780094032
1.9342212735915605 6.680277528403407 -2.6493110356079206
1.9114315421888524 6.642675016338199 -2.654426064285345
1.9566456370145637 6.6651562923946726 -2.621679253564314
1.94617548542922 6.681019577742285 -2.645328315124651
1.8836289186173467 6.381696475359455 -2.634902913413085
1.8902334004279573 6.376783360887336 -2.6278899893496104
1.9058256047247655 6.756437913242962 -2.6405173204798107
1.895772214369594 6.6848590833208394 -2.649907519081471
1.8983465318506076 6.6418067857236975 -2.6279838512935507
1.9880484449158884 6.739260525800781 -2.6294743885255656
1.9811771942108054 6.747062155599685 -2.6479511567623604
1.9311787712765005 6.724287218957711 -2.6484372537887007
1.8781434175690137 6.720945902191569 -2.6359638723799472
1.9630858954878705 6.732319238134242 -2.6173151088523103
1.957773940889535 6.738231917386442 -2.6150955484765674
1.9267895128881498 6.674526094826067 -2.625785126721421
1.8950297817978452 6.325456361165674 -2.62407415225283
1.9239148164585285 6.665700260604575 -2.6323413286304405
1.9464338529244065 6.678909098985873 -2.6299029710403214
1.9706441341539773 6.739363961931065 -2.641782927596781
1.907514640293848 6.647073118147235 -2.6496026552769023
1.9196269652996731 6.644997956560324 -2.6478504065303428
1.8989063931560701 6.739030757111188 -2.6537624479662627
1.9703359053948653 6.740009292580506 -2.6209959161846648
1.9055258288717527 6.661943063025042 -2.6316937789912234
1.925395754417285 6.7302043208607225 -2.6476390397780785
1.967989703952165 6.746312762561226 -2.6487414680920995
1.9689035206866923 6.742365440411893 -2.626496578799164
1.9101906142007787 6.715139111415042 -2.63021297238821
1.8983115217284632 6.742553933628363 -2.654147298040032
1.9392539472008634 6.73601046622192 -2.6467687510347067
1.926921210934815 6.711433713859249 -2.6482412399888675
1.9329418171432189 6.715595702499433 -2.6259546305333705
1.9406754066460303 6.714040068946758 -2.643474459270525
1.926716785053743 6.715578502807723 -2.644217921013256
1.9518198696008635 6.740014792780307 -2.6278823337010886
1.9167314338003547 6.742118936395594 -2.6414165389985893
1.9762634894805315 6.74595325822551 -2.636994109779393
1.927468658856701 6.733249493768663 -2.6358442008755456
1.9428931862480248 6.716816494458134 -2.6275350857475424
1.8988137080899148 6.7471265035582535 -2.636549660943829
