α M log_fpbh
1.8208065012038737 4.376984752763115 -2.526461751276927
2.1704505539161705 6.110594986832563 -2.519990454856785
2.214464476778825 6.50299007924229 -2.655594560938717
1.6035289071475933 4.830596609320094 -2.6168144538023705
1.542558548565398 6.339477995778823 -2.6678678079484746
1.82493588754435 5.005426989136721 -2.519488423111267
1.7694062784596993 4.837776696903229 -2.5343646480056234
1.8307814890519254 5.057466885245887 -2.6322633795133967
1.5912828878140406 5.952646943670383 -2.59307410575153
2.2844367634861533 6.681766935748925 -2.5644592781741347
1.5584248217686638 5.853111470515202 -2.6881553246678065
2.10824252074551 6.709218919333544 -2.7260797131070564
2.173427395837986 6.216584403764884 -2.6130049835750766
1.7616444898560863 5.354753370000472 -2.6969181665908333
1.7782015669996007 4.8670012544374135 -2.5650926639478717
1.6117750005363123 5.927501992561423 -2.5956280633289275
1.9806275131927378 5.496117665779017 -2.6213490117648455
2.137837777689584 6.053414934253747 -2.569354449142862
1.8804740912007698 6.288989297779857 -2.5159335784060475
1.5870295866516493 5.959905584211063 -2.6260357572413326
1.6887945431485183 5.998442828206481 -2.7425753422016363
1.8005676998599967 5.704915347421636 -2.7201319089417493
1.6216404264591056 6.1955641658209695 -2.6126366280553777
1.7591704010860258 5.155249657449353 -2.6452646914661684
1.6502118031777966 5.970829049998334 -2.5819939060593637
1.688457242183107 6.164205436123805 -2.7454664871773935
1.6854979304204152 5.690327067096635 -2.556184983505345
1.9498637333010425 6.335420346607379 -2.511719720443619
1.8265191195775032 5.092997545628351 -2.592836985066929
1.7725340553807554 6.591179514343981 -2.5660945650250326
1.7256455371441741 5.106208271372831 -2.6343743654859946
1.8027502788782828 5.420066790757652 -2.6760824853550815
1.7288418764837978 5.050907676565364 -2.612280811311404
1.6941481358960147 5.4382138326519645 -2.6847674533920545
2.0717393430206794 5.9176951039412655 -2.571888497209488
2.003732873573348 5.679922491034328 -2.5312603588051825
1.8353905388223142 5.957293835975174 -2.728054092065899
1.9087576830319692 5.752412246374265 -2.5161837537051945
1.7728295525997546 5.328124727845278 -2.663686992171629
1.7739040702873474 5.4364594802740545 -2.5370504301849612
1.6041967541857896 5.95920776148646 -2.679084192960569
1.9321529296680877 6.786364845830102 -2.549134688194961
2.0339073945878985 5.792897832650096 -2.5537167992090373
1.6319514596007956 6.320239685244721 -2.7192843257450057
2.029330038581062 5.82193570203119 -2.5451464200158496
1.7689455054954941 6.049559680794514 -2.5493782619105865
1.9048813448682005 5.953045597711214 -2.5217016880815426
1.9633549345273216 6.201939823020501 -2.713492664578924
1.7112080733017243 5.0871958999117926 -2.5945657138423166
1.753993109239885 6.410857175886518 -2.5655830822100296
1.617964510552687 6.258097099657447 -2.6289498356568357
2.081895982864277 6.4200899223368975 -2.685090305916482
1.9455687647965327 5.49173106043939 -2.607456427669491
1.8735304397676829 5.318266017378157 -2.5445692174195003
1.9516247887861244 6.145414633716962 -2.527169517754972
2.0900264547660874 6.21927656321482 -2.6464705515027394
1.8572769714145658 6.570982033709847 -2.7581139655977496
1.641974963028329 6.414458367487942 -2.6300069960115735
1.8823070831329385 5.314602177723429 -2.594497928300662
1.9006064457845642 5.863348560417807 -2.5268492604914528
1.8532913058588738 5.877798344545141 -2.707239250510515
1.7983548764940904 5.865953015705488 -2.7161783664938404
2.170931576300138 6.5371888865483605 -2.6112773593765226
1.9079784557029327 5.882083417282329 -2.529223184180281
1.694366797654518 5.234847216510421 -2.6203848866225337
1.860346085768708 5.91265547473189 -2.7072143385173586
2.182985873095811 6.750992624345829 -2.6264815441752694
1.7607060385078657 5.846310262040953 -2.71414307558534
1.9588174900219366 5.665945812898963 -2.6331905649438614
1.661525917954585 5.289951035445509 -2.613332118532176
1.9430366553678429 5.5628729601355715 -2.6169904298502566
1.8256812956846322 5.797239680857844 -2.7001944012324577
1.9512061968418024 5.829342517750204 -2.533099181222312
1.7331699864555277 5.800897513268518 -2.5632787156348984
1.8096212578496265 5.261327132320316 -2.566552988115171
1.8768651912753762 5.351590934936547 -2.56567278748824
1.985875345281117 6.232379348012005 -2.527758650353095
1.723103421914815 6.128114059788027 -2.7282621364836905
2.04067745160289 5.939746419053652 -2.5641588035337826
1.958696047106944 6.058114110067104 -2.5292133438489284
1.7268975829880322 5.552008264062453 -2.683133028037088
1.8117865416871815 5.785826862827192 -2.542399049678492
1.6667609605146967 5.423786616051707 -2.6453656443622293
1.8261773145283011 6.19592836367883 -2.733643639214308
1.6797407267065025 6.423708454185789 -2.7250826710750826
1.717102037084916 5.3007718295225965 -2.640069127297442
1.7999889360230958 5.278493541451789 -2.5567986135862304
1.7689161204870154 5.284497712341276 -2.561684235245494
1.985449067499916 5.836332562237443 -2.5463004144836976
1.9247961473441908 5.869162003335571 -2.6739827224715373
1.8243593480383469 6.774712685248728 -2.740489881810701
1.7154012303867363 5.378925767762181 -2.646701674317433
1.7661815861366534 5.547379860680291 -2.6778785156645526
1.9539418240541657 6.613732692575317 -2.7334963305835807
1.62908885789213 5.995698190829942 -2.6511235353884097
1.9312475695519318 5.502230274152301 -2.5547736055431924
2.1663048437762424 6.648555908865717 -2.5467976276294504
1.7064998395618665 6.703174722960355 -2.618146556575717
2.0091724265717064 6.662245474512966 -2.528004153765856
1.7471213386447357 6.1509332006944435 -2.7280451532311067
1.633704853760186 6.297749228522191 -2.680130409045863
1.698281099662932 6.300361070920146 -2.7297951431687206
1.7906026758473417 5.5989714864780105 -2.68241595201659
1.6949515888781774 5.388907634660414 -2.629635267222834
1.8499505935674865 5.427156400192519 -2.626669509373154
1.7784727347940952 5.435359531950674 -2.559249162222633
1.6715693874302056 6.194002158408111 -2.7049951237400456
1.6577015190822924 6.396675496608051 -2.703865085764863
2.0098518227626654 6.393628964378438 -2.5314587677624436
1.7051440084723921 5.825570805713744 -2.695934648882154
2.121290200254377 6.303963708461708 -2.5986848613575413
1.6698224764002125 5.4725374905969915 -2.641992236835116
1.9953212728349472 6.467227777176989 -2.5365623797134287
1.9362708492260283 6.042019513027858 -2.5367879498892103
1.9954814682431978 5.81297527754915 -2.5934801498295816
1.9729392975580078 5.673532357872727 -2.5630422064696794
2.013848938662573 6.784491680470516 -2.546140893785923
1.8886803081196373 6.704566338661116 -2.747807457208133
1.766769546855726 6.234385922343885 -2.7331643058609605
1.9154446867235602 5.57150264070704 -2.617293893335477
1.6514816367446878 6.419580373749068 -2.671605060501856
1.8954538153221157 6.415255536928104 -2.734660383864521
1.8052071043242375 6.332862607274476 -2.741273269562525
1.6568386151525476 5.792424783256209 -2.658974186911766
1.7617319493568937 6.262212063383661 -2.5678317176963534
1.988677437001634 5.770045490364934 -2.5778439067850063
1.656350962120546 6.040089156229513 -2.680871248199847
1.851657305791019 6.66556062641753 -2.750402626042417
1.660781057400645 5.776722166134846 -2.621919141760288
2.182847547064969 6.669871192638641 -2.582819126470831
1.7878715425977338 6.424457530501309 -2.7407821600576323
1.9057671874959843 5.773545956743745 -2.5423238483521073
1.9221786620805255 5.8767895326535635 -2.5448870331112303
1.6901428696205398 6.548127011617215 -2.644967098425961
2.128463329288159 6.396581128532997 -2.5740085225240996
1.7584771047814716 5.524309268855734 -2.664753775167963
1.6688104472108298 6.499664954644976 -2.67236986700036
1.7208795115857256 6.363427046413924 -2.7304689671590827
1.6571695407730158 5.835857915560213 -2.6471624331016903
1.7255369329300188 6.783016292117889 -2.660735450763232
1.948292981055252 6.280328326515161 -2.7107157566924434
2.0139511164822395 6.484352907397243 -2.541572882608143
1.8295335188752597 5.396827277034605 -2.5827581923520064
1.749225839236285 6.315112409159843 -2.732758072413175
1.7092642331773176 6.205587793039608 -2.7163042072372248
1.8494548467472742 5.877496786251648 -2.688174936842316
2.121681272587419 6.469461997694266 -2.5718612944851085
2.051553696157332 6.755174109932767 -2.6909572344710817
1.896465467313694 5.8003065484350795 -2.6622029589465868
2.0885076162535614 6.614931842477265 -2.6699717074759843
1.9167812692579163 5.771886607579923 -2.545401258348348
1.7954769141199656 6.407694688917312 -2.738727092313802
1.7267890864842856 5.412011752416367 -2.6114645267863676
2.045361870667106 6.1113930088918 -2.6132360566204342
2.049062811912747 6.458248444714254 -2.546134969293248
1.6656223891329136 6.3293294225427275 -2.7021106243344297
2.012674644035739 6.41438968912011 -2.6947524443288424
1.84413038355284 5.880452057338448 -2.6884383146194555
1.9914495191784387 5.891551299882975 -2.5709676589486685
1.9470893775313631 6.734949450507402 -2.72990484653912
2.076281583380078 6.653915209902975 -2.533772853183037
1.6846165492578882 5.506182666049997 -2.61192471972893
1.8118774913896725 5.426697062454473 -2.5707107140072765
1.9347651713435532 6.049871816227952 -2.544136178029359
1.98654360795687 5.847509910138015 -2.588331136242817
1.7183967024862035 5.573951177156925 -2.6626591740898524
2.142663969097188 6.616632699674495 -2.59231911647814
1.9623831070964313 6.325629771387343 -2.709303721740791
2.1224863638556 6.496162289699395 -2.622669176643256
1.9052173718836234 5.812314056498953 -2.5495305362152147
1.8148687491230993 6.7920741520893735 -2.609297773304688
1.7493148934832017 5.480811875834868 -2.573474150589944
1.6686065012389446 6.464158454952206 -2.675637913780007
1.750109258615268 6.017235094779348 -2.5762703817076993
1.6615044222656428 6.3253970228402245 -2.6933936725644987
1.7816911368303887 5.399037728593 -2.609575281888765
1.9407641379316916 6.519422256970518 -2.5490312852528954
2.0930874809271187 6.3908437154781295 -2.6411833795908946
1.6725353995313517 6.271515012754167 -2.6220619614805916
1.891494709380138 5.517797465138794 -2.6067003409269307
1.9377899435324557 5.717776818286044 -2.551722950097052
1.8719018160310372 5.598239397725694 -2.547182756532872
1.799172380985534 6.061042133329338 -2.5631730250910585
1.72997424663811 6.17026507886198 -2.5935944105053776
2.123590352373241 6.579174456867182 -2.573054622529653
1.6782440398534337 5.67091148687528 -2.6115695022396994
1.9025752146094121 5.716371803640463 -2.5463615663706896
1.7141210966943954 6.1953396112530745 -2.707806267147281
1.8198943253452489 5.611564521693078 -2.661436013492084
1.833296838995964 5.443038032273947 -2.6021824479290876
1.7725626183743963 5.459762773879774 -2.5803963936074625
1.7000287640714948 5.633878231233226 -2.663423367357599
1.7683832564226258 6.786620434332633 -2.6660944254540624
1.8219051033418285 5.438664319695501 -2.6038970390484986
2.026317457580227 6.043732863879374 -2.608522582282854
1.6867688618614562 6.135031534871587 -2.688087180212049
1.6661144726247374 6.293370409699632 -2.68828110007618
1.7333168655223903 6.04675736884343 -2.7047612265629404
1.9415346240786713 5.927457349390002 -2.556128834590015
1.8962317056247202 5.862870433178937 -2.551215275123237
1.7891632577417984 6.179031865931824 -2.7174823450359558
1.8241948987887953 6.14935139343628 -2.7126973628854683
1.7856140368954363 5.575284466039662 -2.6567091772009137
1.8661541432853916 5.853253434045303 -2.6748521234017737
1.835254203186976 6.0529851222863185 -2.5564730636930415
1.9301440822685407 5.748721939171573 -2.5559819172475517
1.7362392350612446 6.059507475756013 -2.7066490883523415
1.957409132226999 5.739760666447118 -2.601261670742999
1.9138575647485114 5.689429725054961 -2.6307374894810174
1.7817946995229894 6.204363388803759 -2.5733779949839297
1.9603471046237622 6.0383922394552485 -2.6628767860231735
1.8454019848704097 6.6946323641507135 -2.7409499069642083
1.6811796567926878 5.734528845182812 -2.6159403725402157
2.039189118691988 6.461791880174179 -2.681080887707088
1.9204890435467687 5.964443104127037 -2.546626659943843
1.972950264303556 6.167840530595696 -2.550581115725027
1.9276781780523518 5.960411008982138 -2.548171792960783
1.814787034790962 5.479447734697429 -2.6320059911775378
1.7894455264192162 6.2208869694838835 -2.571097006457218
1.751032777241033 6.18909415494849 -2.5889382017922746
1.87084496308304 6.1610389856297045 -2.5546029716164336
2.078600669296602 6.287376907094089 -2.5640295453904063
1.7485955655827132 5.553505364013027 -2.652854095729933
2.0855088885915385 6.346392870274777 -2.5594010936645697
1.9534818867491945 6.512284848935055 -2.551848277895198
1.8334411368797494 5.599804964088221 -2.553798286069777
1.8590155163659938 5.47621915228353 -2.6010547284611016
1.7909418571589337 6.190622643602341 -2.715660154538517
2.172238845789689 6.7189362272915725 -2.587970761269422
1.8844054743158116 5.571452572369818 -2.5705515651905
1.9520822680983665 6.15314456803973 -2.6780472514385942
1.8673293968449172 5.668280195218168 -2.554006878948666
1.9505483877365002 6.648442004928667 -2.7296689813425044
1.8171241093568264 5.460693087435656 -2.604717184799504
1.854377470467148 5.993081377949317 -2.6933613713331153
1.704666902652014 6.019354124409137 -2.6071009265681804
1.7475775264068036 5.580285219102617 -2.5846789641684023
1.7478568969651889 6.623624919619492 -2.621687636113636
1.8595473471663349 5.5822970449749505 -2.567088963693921
1.9599917865449752 5.945761455546142 -2.5607209312242274
1.857745265626205 6.246619272159609 -2.7166541458314213
1.714928809968903 5.689038940667665 -2.662646474894609
1.7078386422688605 6.5489946185204095 -2.6815045009114487
1.9002617258573977 5.794427227620451 -2.5611392230554824
1.7702668858885895 6.781021042744738 -2.6980447686745688
1.778241589676497 5.600226379935804 -2.567497866710829
1.966644690985106 5.863436683923329 -2.604741695808229
1.716588800023704 6.24511808033974 -2.606292380553506
1.7324770546395678 5.952022025038462 -2.5925717520437717
1.6768753943724397 6.076762801892993 -2.648216637772853
1.6927861265305264 6.400689099820452 -2.631098526648153
2.013547083256163 6.275492062573697 -2.671335196669138
1.6749330007310148 6.275505099907141 -2.6367452887634784
1.837443136063949 6.0483601332332775 -2.5619192444198995
1.884258918240977 5.58211543453887 -2.5982609257791465
2.029730213728408 6.176979932695845 -2.6256222404465976
1.6996767763521747 6.44031902160252 -2.634749055671622
1.800254047943947 5.915414700161711 -2.6871381959749376
2.0849072498436803 6.741202830583795 -2.673982918092946
2.0264643881285114 6.548091109034109 -2.682455695778139
1.6778635080209883 6.065829373824924 -2.647162134697907
1.6918993727719966 6.234712401188383 -2.690980598762607
1.9930373533537908 6.29643649476837 -2.5457466134832565
1.7515363642070092 5.593454722958686 -2.5790478181150513
2.037216865554063 6.466572111648125 -2.55443362231808
1.6693551433773615 6.262142382801143 -2.6461903072829918
1.677049846545731 6.229263964951572 -2.667510564294366
1.7478506115442336 5.5654194935210555 -2.6441568636277104
1.8579141261788146 6.487694367456822 -2.7261321154745684
1.9287160818521358 5.800408976635554 -2.573975790207508
1.9700923244196993 5.932336643688366 -2.5750129502847416
1.806138754325152 5.4762429099013925 -2.584366443125104
1.6845697608890409 6.070244084256965 -2.6666644107958337
1.7334057816594513 6.668856961525439 -2.711926310603812
1.834360399865092 5.508892884758014 -2.580911486498529
1.9779679109149915 6.515176136100017 -2.7010973347939573
1.820803384672255 6.066180171910714 -2.7007492063074343
1.826172968960091 5.54678346331362 -2.6252879890646286
2.0356497090147956 6.766993947392452 -2.562789355385098
2.076951529826762 6.366341123027357 -2.6371351823380405
1.7791668807069179 5.472428834387117 -2.6131026304803506
1.918362414609883 5.701224563766037 -2.572767914127258
2.0073864655595677 6.421145331950983 -2.684324747268019
1.7268886621471202 6.74038408920692 -2.6699968435037826
1.7050860290202574 5.914476308517745 -2.6201922189813747
1.925852067340452 6.364075404108098 -2.5478145049600753
1.9198329924350288 5.707887338457445 -2.5710165212610376
1.7302774255978681 6.636769059803914 -2.687602944085075
1.8203236910836231 5.5407676044801795 -2.5778154587245408
1.8901468302794067 5.7966210750979705 -2.6424188710816527
1.683790550962843 6.211216791554346 -2.6750242598947556
1.6912788765881168 6.191245747537844 -2.66722907260345
1.9522411152712391 6.050228381347342 -2.560292116150956
1.989972394346428 6.235640218438769 -2.6681422877568926
1.8015331261570386 6.364981831352495 -2.5743727781430956
1.763406441842349 5.928843309764907 -2.5847078598664868
1.7072933252297737 6.529672294421017 -2.6607542261475556
1.8906766655128169 5.60155648249745 -2.57488916026841
2.0217181874681014 6.152147048012827 -2.6091686943312524
1.817600416903724 5.499067460674242 -2.6066633341585845
1.6789370915436295 6.248369936829411 -2.639389954113227
1.8025086472500398 5.534621969777637 -2.582712281995712
2.0718331129777794 6.602846067396948 -2.6567035637860887
1.8317211184000062 5.542039084440525 -2.582909050735962
1.6953645673155355 6.336387334708397 -2.6272671593619004
1.7602947457074851 6.041221141453587 -2.5875117450091025
1.952240839779565 5.875360613068384 -2.594466996890695
1.7583764147174978 6.688967084044767 -2.717153921992211
1.8176988351870067 6.6734284287343115 -2.580359540165249
1.6984552954375896 5.949293270545463 -2.6303841334854985
2.0773593317922714 6.7343856518233505 -2.555661726317336
1.9079752681224118 5.6688991635582475 -2.5837754547317413
2.021126751228706 6.393721526732414 -2.673512956688474
1.9793597833561454 6.508943872681769 -2.697958147874181
2.091813990425214 6.474134303392434 -2.5843097926574643
1.7460846064355788 6.1880358653776835 -2.6998198109815172
1.7635797948052638 6.772263724427704 -2.660695389492076
2.0905236645185625 6.439202819136478 -2.5964433900816126
1.930067285931468 6.019348472185467 -2.559166369982051
2.074546635623671 6.436681353816027 -2.637145523040102
1.8323425494041814 5.54546199915807 -2.6077397493707974
1.7691147810025227 5.521577157107513 -2.622650676114163
1.7300819975546022 5.738430329517274 -2.6584303662467637
2.0611476326008926 6.669522223964966 -2.681403303961675
1.7425389591212777 5.578708268669026 -2.618904079258391
1.8332882238526367 5.750065040319791 -2.5677671639500694
1.7174738341246767 6.544040469523351 -2.679904271908382
1.7826455081243635 5.961267816538497 -2.6884114246312576
1.8168980047490018 6.666309763907211 -2.5820085444915026
1.7098605409922896 6.100865336203305 -2.6234416199348938
1.7283161324156702 6.604212578474472 -2.6540743808462297
1.9850989343784478 6.224964923040192 -2.6648618860472526
1.7348404656843925 6.148932457969015 -2.6914840777113587
2.0463199891032495 6.337216185823814 -2.652401557765282
1.915622433551213 5.771085287033879 -2.617717411381025
1.8571101566053425 5.833979367192516 -2.569706955303077
1.7383202690422364 5.851778031467635 -2.6651497707378415
1.7198176609239848 6.658362157824162 -2.6306887999442075
2.0462383377813156 6.4202640526837165 -2.5627784931291124
1.7250663588340405 5.6339978889796285 -2.6078783055258716
1.6977626268775745 6.002718526742353 -2.665022750022234
1.8151869106298846 5.580251577501457 -2.585976815070726
1.9034284101306809 5.833910559209644 -2.635628063426677
2.060303422639496 6.268517721588735 -2.5729645340737015
1.8133971093700227 5.720331565096889 -2.6583256732948435
1.8784761447762026 6.271203943611763 -2.7113818661924114
1.7222011862914843 6.57907529717066 -2.654639074913497
2.0089418306372746 6.748113005222091 -2.564672381447037
1.8194047335997015 5.880944711111409 -2.6715301222817365
1.7978142666248795 5.533453778974995 -2.615840875375319
2.0905701803266776 6.718991237878448 -2.6624382410073175
1.801222898290242 6.3264629060673325 -2.5746241499408304
1.8742998213652575 5.8496135005606025 -2.6501133391480787
1.740466032019944 6.547575524700433 -2.637705808503471
1.9098985319631916 5.764652736732563 -2.583330457858633
1.8046372322376159 5.901958248139206 -2.673757380755298
1.7482599667859606 5.615831274382232 -2.599216444446071
1.7173270992077687 6.486064549821863 -2.6828281977024138
2.065466153456155 6.264214156333178 -2.6091325630830147
2.0936885387050954 6.634599793634289 -2.627737615523159
1.9141454395701882 5.802617122874488 -2.60329928386355
1.7885267136206902 5.609939007695061 -2.5813059421135893
2.046302572764023 6.245578511059236 -2.6075290010982686
1.7447439842084604 6.597527210360178 -2.638472014639256
2.0323754816612953 6.461120762337302 -2.5613038134130868
1.7611876499309265 6.598445329176535 -2.624486043498658
1.7067541820432366 5.9951625021939385 -2.627381280968767
1.9149559218329575 5.782039233611904 -2.5911096504517674
1.8810218367984244 6.742402507018392 -2.5749935580616894
1.926792509568567 5.898971366724569 -2.6283483529635125
1.7129560324846411 6.395231580816969 -2.6945944377849136
1.858812782426328 5.918909629959792 -2.6650148918817287
2.0280240142728365 6.329918332320233 -2.6611432085010924
1.8973219124865988 6.019218378307865 -2.6702375338683395
1.9660243370284927 6.174645656715261 -2.56771688194244
1.994146971500572 6.3891739146435 -2.681427432032887
1.8554521701102282 6.513434203115405 -2.5783810902629405
1.8015855068458437 5.571410296600638 -2.6026793033326685
1.7427901638883234 5.61302179484533 -2.6330710327533353
2.086620572351495 6.543910579191944 -2.59100548032766
1.7120434784785752 6.446908994541248 -2.647274044049083
2.085794762376098 6.662463877223381 -2.663828122558586
1.803723788772662 5.960055590333933 -2.683150252951174
1.9266505780507113 6.049030309166832 -2.6602924514151924
1.742985953284298 6.024029171188642 -2.6017225846082632
2.019396224761559 6.704828061524037 -2.552199073253807
1.8531746327414318 5.801440051451172 -2.646774001351606
2.06367393860973 6.598437699037179 -2.5763795829869824
1.9451146509772752 6.197507362248624 -2.5647992123834653
1.7353905898541775 5.687059911507628 -2.63875828416469
1.8994099544494305 5.887949839794898 -2.642045422621612
1.7521094778325834 6.0594854330389865 -2.5979155808699996
1.9559633328791257 6.1555396703819785 -2.659550966484184
1.929034150086693 6.03501833002751 -2.6567413748950464
1.7252870425296116 5.910155331792251 -2.653551219037804
1.9018517889644873 6.25791807069065 -2.7014905620603162
1.7143452711726903 6.11780675028875 -2.671733099133389
1.819549101342726 6.711409630916914 -2.5868370396929787
1.728814619883354 5.8454552928997865 -2.638553592283314
2.020829346874898 6.2724797714638125 -2.652714826084681
1.7934034799975662 5.674164404349858 -2.646099433419571
1.8845988258011874 5.969809093888179 -2.564361062877789
1.9218408431584297 6.792800657059851 -2.6885327526829172
1.8292571877281087 6.750313115422161 -2.6076539196974737
1.9905059579029127 6.611680976982954 -2.6910195438795617
1.7302973956021037 6.027810725550899 -2.612214199953037
1.7345144255231604 5.97112401278631 -2.67542535691518
1.7079481376516419 6.240680674013941 -2.6337048168809334
1.7340412303138106 5.708090192332564 -2.639392368613619
1.712212869720773 6.131266730605461 -2.6610765365171973
1.7399814082280987 5.640347375547506 -2.621387539952689
1.743835049173689 6.627263385313894 -2.671464165652343
1.834274534811111 6.780333308018658 -2.702126328161702
1.7516726135545497 5.619321875076455 -2.6315664994316434
1.9828466090973142 6.0890267177048 -2.585385355765422
1.8950707007515917 6.364383387793472 -2.5585238594859314
1.79189969426505 5.646588676359684 -2.5865616803674687
2.0306352579733282 6.601305284954892 -2.6714279987794365
1.85294406358617 6.500906874073719 -2.5796840643728167
1.855314232328905 5.609762767330797 -2.6075979521761985
1.7095982421965976 6.4155296097532375 -2.647478559410682
2.0606964650662567 6.343180188680093 -2.5734074015375947
1.9120893808260977 5.938779081364716 -2.573425283119396
2.0376433670818788 6.242551760529414 -2.609808646823164
1.9852973653719537 6.389252245823235 -2.55611083532557
1.7495567672913974 5.65883419133098 -2.6105633983596395
1.7623732544971114 5.642907424293212 -2.5991509614598147
1.8701063730698828 5.669121868985378 -2.6104187160107633
2.06923338504158 6.3236830599057745 -2.5968554697688733
2.0925087642776017 6.579234399335647 -2.607465911283237
1.8824770371478812 5.826191630179686 -2.6335213370435095
1.7674277411963717 6.669052820524405 -2.612083920852479
1.7554742760908972 5.637746665689111 -2.6040266777725907
1.9552805592761162 5.953612971688732 -2.5861238790753234
2.0954695525516884 6.724373780923512 -2.6529347942116868
2.0914056576129023 6.611674423111685 -2.608732639998908
2.0383182880227637 6.5059260243170955 -2.5704243433886873
1.7505659098141482 6.709134479739703 -2.6347315518272705
1.9136530168759938 6.110118632427355 -2.6694205860707365
1.8567107225482964 5.745005680578009 -2.5769561087122552
1.8838051605645425 6.174833578905706 -2.570292459207865
1.9009029133808895 6.340205034209041 -2.5571478674931996
1.8693027467350782 5.808367669056947 -2.633515597084137
1.8608347410621522 6.216763077874151 -2.7002147002623396
1.8851020471774746 6.782930254305818 -2.5925148757617777
1.7036388057269995 6.2804460936865745 -2.6814202237999187
1.823434305865964 5.967597441074091 -2.6783700556959458
1.8358740537048925 6.46136740418991 -2.5804212394215673
2.1292179983681203 6.650764759425523 -2.622628448768681
2.080361930729009 6.7294255688497895 -2.563114829130739
1.8510900006787043 6.2487917721483 -2.707736430335392
1.709694894784457 6.377336062812411 -2.6833415961839995
1.801789484673163 5.603618489889749 -2.626743684833417
1.8747307671965858 6.153379695451723 -2.5719650211291194
1.7228575991842825 6.496131285530092 -2.665076765772085
2.0978705260121284 6.737229830324131 -2.646905820537164
1.7584711388603025 6.183901598002585 -2.6059508416739314
1.835092543462764 5.680100802743338 -2.5840384048868072
1.9864263705017273 6.157330432088404 -2.5831225549649117
1.7349135282905048 6.20684108330905 -2.688693066701628
1.9664347263556108 5.984222148998418 -2.5965762208316967
2.050910567391128 6.24845975946179 -2.594963071034276
1.7414763357417717 6.172808859151205 -2.683611534093936
1.8327130359052362 6.607837329368555 -2.713630474517963
1.6952920758941445 6.274629263898081 -2.663137814657273
2.017596756091634 6.514490810239396 -2.5688055179872076
2.1089083611774035 6.744970759123571 -2.588596578969874
1.83658010670238 6.07190446265852 -2.5759039639237677
1.742766089412157 5.85166748423128 -2.642762127726231
1.8084443768633711 5.874952480395539 -2.661088436560985
2.0707044029952844 6.535037751587696 -2.5900167125951024
1.8151629622896588 6.18587362614943 -2.585193170433225
1.7637382578386267 6.735785159495842 -2.688653060493352
1.883954363883304 5.714717648878329 -2.6087418132223625
2.0249925797283113 6.779403506444667 -2.5763486522117245
1.868700173099079 5.672938695372084 -2.600283530526122
1.9007243925032573 5.8520648838928855 -2.591854058121367
1.8906712642132693 5.818862772634654 -2.589725923064555
1.780557356131108 5.848286267396172 -2.5993529253247925
1.7340570519403689 6.086419231290993 -2.673823471477375
1.9162188753344656 6.149941027588491 -2.6693232462970116
1.7576685517741302 6.740312626306787 -2.6801424809239185
2.0812546093180684 6.777326026589319 -2.6341510122745313
1.909444858949917 6.398175171319202 -2.562025763193104
1.8729908122277406 6.759156537350984 -2.596356536048548
1.962950374625495 5.996512419897229 -2.611995971687695
1.988697056605552 6.459506841523459 -2.563167091081934
1.8807275576372788 5.916289909408796 -2.580077516603631
1.887719642687268 5.842704261229672 -2.59101710409941
2.113310851401695 6.708174089523139 -2.6310300509726625
1.8305598943752788 6.65555794329998 -2.7283271663811934
1.8767025566248372 5.778699838313297 -2.588490177524216
1.8682313892615703 6.764383801735615 -2.5990319459630817
1.8069435116198336 5.849825429216844 -2.591663939116971
1.93399452541288 6.131952465528748 -2.6583289240761747
1.7657167198092416 5.857945519110719 -2.6553596272635582
1.698429303450994 6.2630792273544005 -2.666560630057174
1.8834919979580331 5.766153309024209 -2.6090443884046906
1.7947651367913762 6.5632322153779 -2.711859121308759
1.886774694190471 5.778879396834855 -2.6057992047346787
2.0597439074935355 6.420275465285953 -2.586460094907509
1.8396271377380042 5.688737620826873 -2.6233493203178426
1.7873376581643086 6.470641560100894 -2.602410969117247
1.802967261553912 6.282563429000289 -2.581687403234424
1.8411283299397267 6.395955139583472 -2.5756383827849176
1.8473883134746227 6.269791573521222 -2.5688280895980995
1.8781176155665777 5.79837078227866 -2.6033987580169713
1.7508680068898173 6.048477958073919 -2.675487485101789
1.9790465994336814 6.118840339001234 -2.622153101169266
1.9047133936879224 6.257020406326117 -2.6957297566927405
2.0573259063791074 6.340570891749052 -2.6223083956415114
2.023684977199006 6.451461938981669 -2.572288507025531
2.0273436009595276 6.624436343055672 -2.6675682603103326
1.7496912214997518 6.138398939741368 -2.6771595297034088
1.7759287915646655 6.409557147578543 -2.6018236990406844
1.782722914133121 5.6522155876465705 -2.6182009122303476
2.0819675471476913 6.579750369703751 -2.6043724016424257
1.8048832811906468 6.138172214473288 -2.6868051052602837
1.8503860541724677 6.622742327140683 -2.594897103483177
1.8294398277614752 6.324575568455695 -2.575007959273024
1.8018142735432292 5.946092747005393 -2.669822048956157
1.8214463393691385 6.149451087314452 -2.6877232498876555
1.7067758114854275 6.3193094876743245 -2.655200360934357
1.7136604172391012 6.309765545239921 -2.676766005216439
1.8223105028784015 5.853357542948183 -2.5873264304694734
1.8601331900787834 6.778388376085399 -2.6986685013609186
1.919309550116399 6.111863064694578 -2.660645038775025
1.7439220915619278 5.94963927777537 -2.6158991401179
1.9666242586680327 6.032920456328596 -2.6075367879337072
2.036366323368509 6.658244494444185 -2.684978142837325
1.784849472224792 6.2493671403001505 -2.705615361362314
1.7960482317737423 5.794675012862928 -2.6420803251187444
1.73288194757516 6.095094294322865 -2.667460342296136
1.7890878018008163 5.756668684590146 -2.598303442551315
1.8498254086302384 5.80550001897081 -2.595325118098807
2.0674395972935127 6.36946704008734 -2.5935105534106615
2.0489710555117147 6.369829457927172 -2.5731117570678133
1.8318904393032098 6.538547661647567 -2.5948986725100474
1.9302818785267166 6.03688629639372 -2.575562965028406
1.7625945961931007 6.618425231779474 -2.642570391373887
2.061269266748403 6.44478609031545 -2.6022537143527673
2.0452641980562154 6.377562670360532 -2.5728722531125814
2.0424526075806515 6.353025064636414 -2.6390549730705635
1.9360837972761225 6.131293496359163 -2.6536436254951856
1.7788523045805453 5.683670097552184 -2.6130105540405837
2.116963924000319 6.66837218586071 -2.5963060583874777
1.7924265264084034 5.922828747194241 -2.6607988022942983
1.902212073876901 5.960037196796951 -2.575793241393851
1.8654439884986076 5.725168162044785 -2.5930171486601346
1.8852550125025431 6.643196592154805 -2.5680162795650725
1.9037251128514794 5.934270543951797 -2.6357780561335424
1.7665265779749446 5.753207444315527 -2.6331582670270777
1.7533999197809274 5.9115285381249 -2.6248117158107815
1.8604670484115622 5.709144869979749 -2.602777360271925
1.8640753649132238 5.8006896594729795 -2.61550155868479
1.7605035021999222 6.128518986027666 -2.678322391546507
1.8133645693698046 5.823285883141063 -2.6436024963196383
1.7741986910845071 5.723838893860677 -2.6055214603109538
1.850970065084781 6.361624970694089 -2.7098786982189393
1.9524647647739957 6.105838059814271 -2.581742020686154
1.7614717835286262 6.622766850620893 -2.673029710058948
1.7954318220880614 5.7158628173852515 -2.5973106380421456
1.8563313982927176 5.886142295036967 -2.587348681838005
1.893060556648865 6.019330665105855 -2.6592050017069333
1.7717335558151985 5.748550930702646 -2.6125862543565663
1.8077982831960093 5.78870000018817 -2.600080680813341
1.9355825076678386 6.092909181299988 -2.5768590826634616
1.7542625686289262 5.884576922755147 -2.629855113378677
1.8542090963138667 6.026494308142343 -2.671617392388621
2.0309663313735924 6.277855249686475 -2.6298262056878823
1.867292987817394 6.525878355641671 -2.7092968374805437
1.8483883963440926 6.385193711594561 -2.709481361457622
1.7748334932671161 6.2734840027737855 -2.593853538656581
1.8408727533407174 5.78074033821693 -2.629071728926453
2.0521049799212103 6.421015839168689 -2.6282763933458018
1.7066745953289781 6.2682052969317805 -2.6528050326124344
2.027374785229309 6.580513794880452 -2.6644467092653352
1.754478792153975 6.437054001400373 -2.6202312603538784
1.73667333738444 5.993234220632829 -2.6577588009202353
2.056338056021321 6.355015516066253 -2.587544007598618
2.034632623857969 6.73159280135258 -2.6807670589494608
2.0408863593085718 6.3119623396327995 -2.6152846294622454
1.830433611726547 5.724487768975928 -2.628128213092543
1.9664639932241612 6.071096049649115 -2.6134594148660844
2.0000867890674217 6.721415086270111 -2.5625609197595245
1.78566228729658 5.701850784240145 -2.6197546951769723
1.9614191577323288 6.452498526527998 -2.5686250937895405
1.9478592860283261 5.9974033953943 -2.5932182541570628
1.9800472159285005 6.720753049754106 -2.6969541607931435
1.7804990102400053 6.588656757815352 -2.6220557468741603
2.039198370035326 6.567699156300835 -2.5741699751804967
2.057829891424191 6.546812480382016 -2.602575998176535
2.0228698073287306 6.633885443099489 -2.665751453145757
1.809582214900899 5.866942730144265 -2.597459096233113
1.8064769266706835 6.340119453569926 -2.7088163595699744
1.713115088955166 6.295836894310464 -2.665245858283906
2.04603926767307 6.33668997310172 -2.627303795704415
1.7157409376908834 6.287901517697595 -2.6713511205408667
2.0139678127139007 6.228299015534106 -2.610009050519774
1.911587361022284 6.41004051765545 -2.568606098577191
1.9745176342321789 6.162695008961265 -2.588233156925922
1.767894568977546 6.346320807815259 -2.702272875029515
1.9357125786809029 6.574315340397169 -2.6981083144671287
1.8825096259937633 6.757498716683379 -2.599119809271726
2.033967290691652 6.24925806688054 -2.607880949731482
1.8618563903405225 6.340882925855411 -2.570877319780051
1.808679537049112 5.707717523729027 -2.6068301376665266
1.7985236673473843 5.750389707181437 -2.6082341947532006
1.7938007530805007 6.29298308832379 -2.5907505850133594
1.7632763784721486 6.551111144482833 -2.679625182417226
2.1106221956761493 6.644772244112412 -2.5859624214229835
1.9048442847589784 6.773265688372247 -2.594575887897933
1.8879840697750943 6.484472268955269 -2.5786041924149545
1.9250770449150134 6.261144449599514 -2.561736545621037
1.9309834816383944 6.020373336692877 -2.5844410577120582
2.005523939056443 6.507369836787623 -2.667818515239177
2.0517516941069642 6.451685643002195 -2.620977412816111
1.8355190278014548 6.284673322607048 -2.5771633078952245
1.7980890463809243 5.766389922148923 -2.615780343735363
1.7421736898990174 6.0838445269446275 -2.6596946373521195
1.842004727799407 5.769584507851743 -2.6033629005110153
1.9944261262825407 6.550345351992303 -2.671431908542063
1.7688418874282106 6.488049003903682 -2.6937038472663297
1.8129091777892974 6.062295780130821 -2.6776775767772043
1.8846110390018553 5.942373753439071 -2.639671094972383
1.8150044313292195 6.480002958479213 -2.705243557029787
1.8712767426540773 5.9832989972250825 -2.5794828576220103
1.754761351488678 6.666038454096255 -2.629022587500245
1.8055792203176755 6.75558176702415 -2.65706814843006
1.7986149329199588 5.840676671363115 -2.633352794699052
1.9985907316613183 6.7391989581737235 -2.687677437750109
1.8050527773713863 5.845132612596633 -2.6327523421061607
1.767484606184658 6.719554992361354 -2.6423333194865264
2.0322355611489025 6.524947901553906 -2.5811990126376974
1.907868056611076 6.649129779073391 -2.717036422344402
1.9911025249693024 6.7769864899652985 -2.675541886507969
1.8093734838190305 6.131268538059624 -2.596320555758393
1.9542033299115795 6.151736449238221 -2.6363432073203725
1.8965033834571718 6.746926026972653 -2.585858773294818
1.9258441008658416 6.127811476720256 -2.651026487574115
1.7562752739192249 6.280896879226166 -2.6081035934028556
1.8257079113457189 5.845137529604255 -2.6089746306561334
1.9406662426439314 6.761988783659717 -2.5884420943496176
1.9507329131993743 6.79423661597956 -2.6638077887018294
1.8403963407336168 6.521914906788468 -2.7067840618075145
2.0251102795284757 6.416344304377505 -2.5783342952243196
2.0511216676153574 6.410815329994559 -2.601234379767952
2.053452835243038 6.758238358885485 -2.639837646069434
2.06060460974762 6.672710380829758 -2.6649287486693307
2.042726641522148 6.729125781822701 -2.5674243336617373
1.8543398505976556 6.280023482800509 -2.6996729486123074
1.8344387068940537 6.691945940876067 -2.594806505472974
1.8575416448938302 6.03708400581505 -2.665841873053589
1.803619338654706 5.83269482576798 -2.6246035707441706
1.9471407637952312 6.540070566029485 -2.577926943749625
1.828202154368948 6.556645333119736 -2.5967224636419948
1.9323400863702316 6.336616711781917 -2.6882219073821494
1.8747775237585151 6.303429678273024 -2.6963210205957044
1.9111099112781105 6.0184006119230995 -2.5834106514638853
1.99228028249077 6.24830928076358 -2.6492087645233076
1.9595538665116257 6.13972952497865 -2.609031841793699
2.0104211492187996 6.241444245462274 -2.6051097182194285
1.9425505656210378 6.7630376959470855 -2.589616596823271
1.793678972975058 6.191748209833925 -2.604161281088505
1.8590997888158776 6.389729372298031 -2.7043669550877967
1.777869420168284 5.9037003320450205 -2.62937793156464
1.7248332435083271 6.252104248088925 -2.632726345259623
1.893314416826183 6.54188784897417 -2.584932690902902
1.8161881294610445 6.58036982265088 -2.701669347559701
1.8412921972245408 6.017006438186293 -2.6662442998230547
1.7505737525334477 6.651115802333022 -2.697969503415089
1.8273599881907467 6.77716176860556 -2.67656094980483
1.9958839417878331 6.404229466955593 -2.663665850326796
1.7537549850673844 6.516714831066789 -2.670590189538982
2.0491980364893734 6.389221493009788 -2.611545919297729
2.0571762100352435 6.627120417258498 -2.6118154817413397
1.8004873438332702 6.147603575482015 -2.603111205471488
1.760157234744526 6.266967218102421 -2.6934267872100355
2.0324437232531896 6.704459501409844 -2.676453610702822
1.959868130170844 6.228145190248933 -2.654287409440027
1.9919424264348562 6.788557289517668 -2.642044899177994
2.0042252923445725 6.262368237979966 -2.57180007840641
1.7763664123866723 6.201472359719977 -2.611076951660702
1.8355376376760846 6.29736184077427 -2.581490939729024
1.7783736918211641 6.691362263679302 -2.6254554509139125
1.7345341612831833 6.237599557333304 -2.6643885392331104
1.9082688199857465 6.339906450938249 -2.6940367636122167
1.9387091152705387 6.023463377740756 -2.6130044628810905
2.009222426739042 6.714731177406505 -2.6885802301638
1.8593365664587793 6.310984820554745 -2.5772737881964827
1.9858278697696496 6.502879808421636 -2.672847784801057
1.7492948977108855 6.062723469725585 -2.656709191935946
1.8068250723085948 6.27432095710706 -2.5876334700660104
1.8568186982404586 6.757067614488744 -2.6150563580956008
1.9915402562021451 6.4850283783618305 -2.577478735409545
1.8527571682912445 6.43913506912791 -2.70333816281597
1.9338867834137565 6.052662158084001 -2.590122814391658
1.8451462236149583 6.188383434099158 -2.6796132996383175
1.9037701424770794 6.473812211887953 -2.6983586610737893
1.8255170871289041 6.054413501149595 -2.670418547320968
1.8577769386213452 5.938881005105303 -2.64257197625993
1.8769789871102862 6.737650843371394 -2.5898011790193305
2.093857350684228 6.700683024621113 -2.58467512424109
1.95342841014113 6.403980988294398 -2.680894857117739
1.999011696989798 6.740528814553748 -2.570777407375029
2.0368517956183485 6.454098525222958 -2.5952312764875924
1.8347509136818372 5.859993216160644 -2.617536264425926
2.0361144856360895 6.479606473354311 -2.594228268850194
1.7472800676528433 6.470991468018768 -2.6480362930086008
1.9246018678484194 6.602188229362419 -2.584753569500843
1.85701958795516 6.524523279092811 -2.591585338813527
1.9277071026311967 6.053801157274778 -2.6341119286596535
1.9420183573361711 6.600726274615304 -2.687680751344965
1.7649836860987587 5.982721629312222 -2.6200020433574864
1.7848452763999392 6.369134059787242 -2.7004287536460403
1.7883879665215208 6.301744187430859 -2.599649907378602
1.8724127300510196 6.626388789514039 -2.5983732967291773
1.7580035545443133 6.295641924657479 -2.6894914763519653
1.9211713786911284 5.975812253375467 -2.60509987871397
1.9111889467335637 5.98990369682706 -2.6327277382813046
2.0541541575142515 6.771263806461729 -2.6053419204263233
2.0453151716582765 6.326571572754979 -2.6006035602880013
1.782647025832436 6.358308990619819 -2.6019509095590325
1.820637831254887 6.547389982936934 -2.6961256228934194
1.7768401416958315 6.413887938291788 -2.695045053874619
1.8419855527956817 6.2462409242731045 -2.585235645770619
2.0247793233644957 6.737600128200119 -2.5716824695878984
1.801285401080563 6.186238373049706 -2.678393944293171
2.0516759418663777 6.616870572805133 -2.6043066273444646
1.9578419195180077 6.7370474892932055 -2.694072611965866
1.846509947871818 5.989325033425756 -2.658472705112253
1.857395030120982 6.441420979533827 -2.5871810458344218
1.7690965191085963 6.318806841561269 -2.610337392050365
2.0095534864128886 6.356335469399184 -2.572725526701926
1.7718416682239497 6.546982519169727 -2.667666432492722
1.8054495777767636 6.623202432043407 -2.6880004786961873
1.9391363750406083 6.721060987193925 -2.5740567326460937
1.910029869246298 6.142277345202689 -2.5899822699587487
1.8353970753283422 6.056910940522976 -2.6682356058128245
1.7853602386609406 6.438884764007806 -2.613551639723076
1.7722170413841538 6.312133300538837 -2.6915524469924623
1.9431342845191568 6.531432306648733 -2.686880097205359
1.732881895536325 6.365348821405185 -2.6417908470582665
2.044561473973391 6.6001497329136924 -2.603696464145154
1.8650503585798563 6.7641630653670966 -2.615948979775532
2.097987117253112 6.726961458617816 -2.6128635220912058
2.0001687908866397 6.7096911700691235 -2.6845094567592147
1.8421246387882095 6.042550400247459 -2.6626679732736136
2.052352648642228 6.768052595940274 -2.617914954233453
1.9140097460861039 6.295741308666681 -2.6836910248145394
1.9499792734195704 6.307478183702544 -2.5698396649397144
1.9330136886339337 6.510487743030977 -2.5805843882940245
1.7884744030165705 6.447742289781404 -2.614941437416263
1.8348691297105568 5.917008120915906 -2.6111511426552587
1.899926928311265 6.045167105238294 -2.6434716353601497
1.87085336956542 5.9391756802451585 -2.629331232924173
1.8153348023879432 6.647461058583552 -2.7136459464379605
1.9691277121488668 6.435141941722416 -2.6740449102593216
1.8476890096546557 6.028535091195282 -2.6596205753196207
1.7881583549258895 6.598428635825144 -2.63883042937256
1.7832095708067492 6.476217553993109 -2.690924518455125
1.8400460079498617 6.7781773767238604 -2.673310158315796
1.9726106054595958 6.623165924517631 -2.5855579027843434
1.9605527704323036 6.745945101627273 -2.5791066580807676
1.8706686239335784 6.4173758757984976 -2.698564556137902
1.806291121868524 6.642284853057852 -2.6007940501624702
1.7716146479302868 6.057005350800648 -2.661059669953022
1.857893003229099 6.381904131282781 -2.699575722546442
1.9455342101970077 6.143284925797836 -2.620711881093217
1.9660678327912757 6.3077936217697665 -2.572292211142374
1.8591853234092535 6.032674924392715 -2.6562763301012295
1.8398299606792792 6.207984709657664 -2.6853990668781615
1.9208059616680473 6.494146768724317 -2.690046687504367
1.7753493065927604 6.414155256838616 -2.617948647359012
2.0004098651830287 6.490418548125917 -2.5857904139301215
1.837696180145313 6.606459678271695 -2.609108188374777
1.876439393744824 6.498228978329587 -2.5893098334136573
1.975965291318592 6.354427347361739 -2.569087706065192
1.756359906071588 6.4525058634157855 -2.6762756116000475
1.7878791020105218 6.404807858277021 -2.6097148321716057
1.9915534001177353 6.670992802715672 -2.6877265703060553
1.995926271949991 6.444418352644231 -2.582287051222483
1.8880539941291998 6.083274259858449 -2.6520049582630096
1.924624226472215 6.79013367322317 -2.6422907383828633
2.039556712909419 6.589353517968061 -2.5938705976358363
2.032904147000119 6.441435055747217 -2.6198864403051583
1.878198736121992 6.060449946666639 -2.588089350844918
2.010211962511929 6.278687564288049 -2.6279711125006964
1.8187243689570551 5.987872895702488 -2.5993545420133617
1.978973612209816 6.21833882503645 -2.630177137504239
1.9562204921793551 6.535504172006426 -2.679878200457088
1.870891877495703 6.133009908103059 -2.661143697083129
2.0905162963196977 6.678780994961666 -2.5922263609711726
2.010183398671447 6.542351653249978 -2.589231012129402
1.7566720152851067 6.380164572380476 -2.626025354305929
1.755744325263936 6.470390206761182 -2.650816865940639
2.02666166294208 6.59569912613925 -2.64413620643773
1.8556211645385665 5.9306580243507465 -2.6264829895463477
1.853967278612806 6.6416123466089605 -2.5850805032331796
2.0012842386981964 6.405377844771126 -2.579859625292
1.8610860980406105 6.07410853992988 -2.659074393583669
1.9040419401334518 6.487148857372954 -2.691725859469889
1.8615929725857563 6.633833774547678 -2.606382382919763
1.91130750522092 6.071610685626757 -2.6380395547689037
1.7442659232368882 6.391888358699211 -2.66897674355471
1.7869066880295872 6.614467702045775 -2.6502161141683596
1.8799681666093657 6.784375068189398 -2.6825681752539303
1.8558642281009092 6.533306259964006 -2.599736871485191
1.786385504568313 6.101203998580337 -2.6612123239404744
1.8738404824546007 5.948632133442537 -2.6119930497555934
1.9718368966112205 6.76696071910408 -2.669829292261204
1.89539364974795 5.975632796168007 -2.600927619194586
1.818880561636593 6.70016584700298 -2.7038381293398572
1.883416058034229 6.607551478587814 -2.596194897103795
1.8323500767243108 6.459752631438975 -2.699426113976603
1.8344286858851266 5.937073040711178 -2.609755822094192
1.8817879754785414 6.008972707648464 -2.5908262662575634
1.8717966675902518 6.777487309306658 -2.678987661133438
1.8725811604401748 6.68293187253416 -2.5861164114256012
1.879853805727239 6.196584684784455 -2.589966832107107
1.7677143623059073 6.244083804904458 -2.620893405011121
1.8149351827534734 6.139215381059708 -2.664755235294639
1.8566078057642947 6.620626884476595 -2.606369183659541
1.8213270443872913 6.269814377470823 -2.5886269695182307
1.8089954085635884 6.484224746884618 -2.693924212198061
1.7767824472018692 6.14832276111662 -2.6320868657631347
2.0131852792189626 6.780967511519767 -2.5995738768568106
1.8468712684854274 6.0341729100101205 -2.5963496152539727
1.7943024909807423 6.418104080643699 -2.6932188112041526
1.7837149602085676 6.153020960971229 -2.6623354945496294
1.8042918246193178 6.578981511302311 -2.6879740499395934
2.0281432337626324 6.4925709872801285 -2.630076726914237
1.816778199585713 6.402937786166971 -2.59955226482716
1.8352187433342875 6.730784153560684 -2.6998800439813166
1.9537482456719064 6.698982799312687 -2.5730247805454383
1.8309135329662454 6.555188477432974 -2.603646037291581
1.8951782038346616 5.970414858145732 -2.6196207540072933
2.063460477347779 6.697357502360118 -2.579521068024969
1.7709859695782755 6.3474459840665505 -2.614820467501146
1.981809951678513 6.303982617656429 -2.5807818498449127
1.8157549408953952 6.338024379806421 -2.5919464526887075
1.7696525237543748 6.167870255997176 -2.653700941557087
1.9695460641011429 6.676637247108161 -2.5682444958756245
1.9235626746032182 6.262840294336037 -2.675452295547952
1.800089024327529 6.165845256188648 -2.612395001123173
1.8627276611881767 6.084818728430923 -2.6545851485526937
1.9105789573120606 6.565439057192081 -2.5857046379687088
1.8782743453146713 6.680580569855646 -2.7072488447112457
1.9912896262592974 6.605491864960136 -2.6645092007795697
1.788803212750699 6.499101547251479 -2.6840299645989987
1.9979119698458219 6.630018163987117 -2.660012596841039
1.817291093225202 6.499082318020283 -2.6923860469467935
1.752573159509687 6.22207696621968 -2.644436661223172
2.0057463822356167 6.409510712341976 -2.644845975043621
1.8914536538826785 5.990515916544215 -2.6002667022814414
1.896169568587461 6.582955253239371 -2.693375466438283
1.9167524650998153 6.261963250207336 -2.6766792229009226
1.8035277605164737 6.062646163585617 -2.659299017179313
1.8095966085689645 6.009031743965053 -2.653603728748431
1.9788149936833788 6.2352362487867765 -2.623538673264773
2.018553562839014 6.69808602988228 -2.6740383466236155
2.0192952052923987 6.326641983935382 -2.6294119992153755
1.8240087065188109 6.031239886200575 -2.604456217432491
1.9076443401823608 6.255068337235979 -2.678869619682569
1.88304426910766 6.168059127388743 -2.5931981005851137
1.8836133938080017 5.969860816830326 -2.6244450466141727
1.7878943225755788 6.587767862024629 -2.640712655384608
1.7889598126826245 6.712771024686933 -2.627053705335044
1.7761327839227048 6.06702160019792 -2.633769170812683
1.8796891507382987 6.427002840396519 -2.5863384259100357
1.794723650588498 5.9989603720929905 -2.620062034614566
1.9633081594261572 6.314226798378442 -2.658445252717047
1.8852319386189795 6.429974640158726 -2.692544949125944
1.9683721807811057 6.293864526025072 -2.654878129184085
1.8572486060118063 6.5866418653218215 -2.6951827238866812
1.8217279714782737 6.30174939874092 -2.594681887732524
1.9444864370948656 6.177540089663955 -2.6177229458304465
1.7793203116128535 6.412526118576461 -2.6220047526504704
1.885845122296403 6.1820873782543595 -2.594009936764842
1.8152953004907726 6.039444963516208 -2.6081837477074794
1.9317739896729647 6.60102090633117 -2.5934928081039734
1.8397970630168339 6.537189751434576 -2.608578190950953
1.8875039950461316 6.105384434148085 -2.647117406993295
1.851923265296862 5.968745727265278 -2.6012762990468112
1.7741376672022673 6.429308230298734 -2.6269308482627025
1.947907166664193 6.303715724945226 -2.577642275635715
2.0215679080532105 6.4129450109902475 -2.624195357080662
1.796305190409488 6.127430171265091 -2.6557215392706617
1.9328998855101687 6.191872767578835 -2.6352153284370585
2.0113689535956807 6.713994200288317 -2.679146084936243
1.836475144761466 6.042070943883891 -2.6033697269509792
1.8635423183710613 6.183396566418262 -2.5972568117854755
1.837094418894659 6.0954441095056975 -2.6586834144416063
1.8707425404239502 6.755701083802029 -2.6726931755513377
1.9425070083350817 6.2111188075741195 -2.6488211926722123
1.7880558910095 6.132237417893814 -2.645936796251932
1.802613421208476 5.967234848970948 -2.63323227863442
1.8260303284014547 6.398938309385972 -2.6949341734690426
1.9420449691429185 6.346407741129501 -2.672974523181509
1.9956360491868765 6.759861459125553 -2.652878635397769
2.026111296702364 6.5286949766959905 -2.620378210191271
1.8503103782604713 6.50988447347085 -2.6919407402178863
1.909264648204187 6.355778331120488 -2.684398229344904
1.8704683131742863 6.655818587604653 -2.583403111326498
1.9061963180682966 6.722353727670531 -2.6968033817580634
1.7497121182736681 6.308186416190075 -2.6442147639799747
1.7728670447396215 6.557668608400838 -2.66340677235074
1.9268388843332596 6.58351291644998 -2.68584630841477
1.9123702839342958 6.098198270289876 -2.6099298162724973
1.813546871306924 6.041539357541967 -2.649425589029177
1.7889075500890503 6.06530040957678 -2.6252495500686894
1.8661233169436326 6.242751781954443 -2.6768378356054483
1.8911656563133201 6.037003239274093 -2.607197211563288
1.8190392048144064 6.0872767434926685 -2.6130242076308914
1.8241057138232903 6.323284641621932 -2.6920376259261927
2.064991926152136 6.703405798522623 -2.6374617380500744
1.981084701149828 6.686500527184793 -2.6862329687158044
1.8113265674679375 6.576720275722372 -2.6268515386849547
1.974099090884088 6.303075355989948 -2.5846966821837984
1.7974178921567765 6.039700793969821 -2.6421132793538717
2.0658780115764417 6.649134250764293 -2.6436038098489436
1.810673437981991 6.44188229588182 -2.612469255131162
1.9774616002071628 6.35696586812905 -2.5771511966451657
1.8955026373574273 6.140229647056545 -2.636222059282924
1.7680441033580747 6.4199460306555665 -2.6389600792791246
1.8298622833776952 5.976703076834292 -2.6355716559244167
1.8513140609621712 6.543940075812451 -2.6075134039996497
1.9034134047690208 6.126352157931726 -2.6078050262553467
1.9182071609709825 6.70736277361093 -2.6965010502509466
1.9048183323234138 6.714948696613277 -2.7027299215309517
2.0249619337744145 6.518184594742115 -2.6082035884099595
1.833610171524713 6.066346051776144 -2.6521703823281615
1.8310461864852383 6.028748063858543 -2.6443219083516234
1.976765384361136 6.571943488586558 -2.587508557707265
1.9959396617713248 6.49841104324445 -2.593951546613071
2.0526331778653706 6.642940724809184 -2.6531050475158757
1.9554138172362472 6.7097351062594175 -2.689165549411345
2.037896199105877 6.705977148863029 -2.655606933889967
1.8235104039818675 6.628324438221211 -2.675820453921899
1.869595690075166 6.564788437656135 -2.5976961915394288
2.039057698784762 6.662046902339495 -2.659272370797388
1.9436289550111736 6.7494616921173005 -2.6683190174591744
1.8909513730174552 6.68144510913472 -2.702619518914702
1.916325137014679 6.588221007418582 -2.6868079866482586
1.8572140471155323 6.216997505644631 -2.5918675796895547
1.8525377314012683 6.077315084563587 -2.6060155419306232
1.8032716182226922 6.594906581213552 -2.648909756243104
2.0111812150594703 6.615477782490588 -2.6010373867934375
1.9285355828335942 6.683751163146372 -2.697939180622188
1.8323998110889796 6.723286983672955 -2.690929768993039
1.8151196367185483 6.03059889357699 -2.6184476478887078
2.0533260354559713 6.711101451926754 -2.6467261952422954
1.7653994891786997 6.404914049106626 -2.6403667012268643
2.0677764618967696 6.730428182463388 -2.591586142815782
1.8951728475636755 6.060815916484799 -2.628798084639525
1.8412021210638105 6.344422357892682 -2.5902681524937003
2.0075064426431593 6.618400561144222 -2.6476106867423423
1.9829112641612383 6.467111343666035 -2.6571924976231482
1.7768156357576086 6.361412267496937 -2.6830113050917914
1.87000780162879 6.041726291002236 -2.6077637515941334
1.9652464488245245 6.216367966906692 -2.6037005955595705
1.815425821257607 6.020934176968121 -2.620204453834841
1.7925808345804164 6.346011247039979 -2.609653828758413
1.8358101934601243 5.974118808049923 -2.6278033346364635
1.9796465770332008 6.4982245908775935 -2.658408752611802
1.8784537604780622 6.7601601678954495 -2.627221414423813
1.84414375925528 5.992665079944652 -2.6330755084845885
2.0104428846670714 6.427614812526861 -2.628157069744282
1.8567474386423397 6.518189406517447 -2.6025285909662497
2.00367097729292 6.407672114311318 -2.635995517813808
1.8802673965565386 6.271195960647918 -2.6817418504400314
1.8605292891286243 6.17941563827722 -2.6581741260499108
1.8066564462529717 6.642007772183172 -2.701798975243455
1.7886125257312062 6.201813645942321 -2.6558380646102844
1.8939647172564469 6.05733617037955 -2.627489564336236
1.7860527505415635 6.224780789685487 -2.6664231848315474
1.8621507484626814 6.141312308411338 -2.6471117058717333
1.959984808781417 6.238322901568065 -2.629712794702421
1.9755894683894095 6.706508349220412 -2.6814644357983797
2.0187968573467936 6.367035116002068 -2.6166423796667893
2.0329619312865654 6.745132244059425 -2.6441047629942007
1.8944601907938057 6.439336872960109 -2.6851857334340057
1.9146513432028245 6.201072511751398 -2.645097647690407
1.7818113503356765 6.338746471273978 -2.6143298531594343
1.8418463106634106 6.045433777940264 -2.6147574805253546
2.0184780067918653 6.329102004675233 -2.611150434538839
2.0018117412045475 6.551607584556347 -2.639045154567691
1.8254988882818566 6.013983037436497 -2.618852551857983
1.8396823707844008 6.115385488514186 -2.651501755854688
1.9543453939370177 6.695409726273605 -2.690073123515237
1.846934972749804 6.548234909383725 -2.6176054693586224
1.863958438786796 6.636478585048729 -2.682927250903863
1.9992285628071345 6.668452984000696 -2.674585634989328
1.8563415080762335 6.079585248895183 -2.6414968363144284
2.0081359975200335 6.356194959048281 -2.6292714879786248
1.8322870235151436 6.546093949954211 -2.62238601366381
1.867784999712907 6.767170492006553 -2.6490529288413374
1.8431094207017862 6.0065989472598 -2.6151013695005405
2.0690994016195177 6.6787555228990945 -2.629212730851987
2.0469110319112467 6.744188932626998 -2.6271706335058242
1.7971953307350188 6.162998107404581 -2.646618537817961
1.8204932357856791 6.3497038241129875 -2.6883647369771797
1.906711925626314 6.169910425458876 -2.6075100871846937
1.840342022961471 6.029163082841866 -2.6320506472042515
1.9184899690323007 6.346322999569835 -2.6763331338292238
1.7895057804812675 6.490462270028543 -2.65754443743499
1.8184584941618243 6.090068777931559 -2.631990877090373
1.9145590479799308 6.462900981629343 -2.682545734963023
1.8534059721400318 6.352814680445711 -2.5885986119766207
1.814334277656133 6.285352138813863 -2.684145393575572
1.9833669053922924 6.261779925372951 -2.6303486227646555
1.8847188122422334 6.153464213645277 -2.6421847802761667
1.809376394427102 6.244094319583718 -2.6109897944315645
1.7814004751338604 6.237278047431923 -2.662245541505583
1.8603566768623918 6.029874134881982 -2.622582070490444
1.77527175616383 6.278092790263344 -2.675872040927084
1.9227898516559963 6.5136555524126845 -2.6784549009369982
1.8198237006091866 6.450597761674104 -2.685499478201441
1.9615734535811464 6.3074784470223975 -2.6514202459555234
1.8744090296563272 6.127444336251948 -2.612829779868843
1.8083882647362592 6.5937048901091675 -2.645230740981455
1.9791268489722387 6.302858634462478 -2.5935149067691716
1.8036475373195542 6.17768997717247 -2.6302296694704568
1.7992384025811106 6.269601295737504 -2.60616988176894
1.812453040177302 6.5464449495123995 -2.638152127443936
1.884766442773544 6.129181151545425 -2.618791132152512
1.9085220417928908 6.401969271311919 -2.680513453409584
1.8238498587361596 6.053845990420206 -2.6214849821451938
1.9703056019457725 6.29630362432812 -2.587812580444867
1.8678751670214975 6.750483789194902 -2.642045499117472
2.0601215855818777 6.698549402955756 -2.592230588768196
1.941424932378464 6.494445162541188 -2.5909914693491327
1.9486961666278497 6.490487574228718 -2.666131634374512
2.000569860777792 6.46639007279644 -2.5996994731076573
1.8011694627987422 6.573437904728306 -2.6479820034308457
1.8346994017447857 6.4546092318372 -2.685962111057523
1.860572496152864 6.11180695648282 -2.634663523104404
1.8658242904933235 6.140076076740313 -2.633870060631123
1.8290430683642946 6.151505183251448 -2.6231700260688786
1.8125665621211693 6.63942320723483 -2.6101385243928537
2.069012077556228 6.664810580599944 -2.627277386574088
1.8564140232866468 6.147815658729659 -2.6419382808495593
1.8786794395284623 6.753069487584184 -2.633436632409245
1.8415619361613733 6.145632565991633 -2.620464084009254
1.8759140085645187 6.757363224668707 -2.654514464057037
1.9229841716439127 6.24427653095659 -2.592430440970008
1.834728408275196 6.07259106312212 -2.637676793088614
1.8132063091585011 6.194752183554626 -2.6295898441688124
1.8001116590626465 6.544541514488876 -2.6539359745475406
1.8453462993371352 6.6588939697828575 -2.59847820019222
1.9675402433155154 6.4889495194354305 -2.5944917105912335
1.9225517564220271 6.591916404266349 -2.597236569109086
1.8494438467830938 6.2398079705297445 -2.600622730541116
2.017908228639299 6.579474687623565 -2.6212739089153465
1.7830302581526802 6.649033582229982 -2.687937929497886
1.909686066855976 6.503847115543413 -2.679458045651397
1.8232933021147963 6.115686077973514 -2.638284253781022
2.064203160977584 6.649725206522664 -2.5907834407898083
1.8669358355548034 6.621354479507149 -2.6805594331322897
1.8121360748392616 6.674751390572437 -2.6926532555337497
1.7918632674939081 6.522813486344967 -2.655409835355744
1.7965273087854485 6.429946312835693 -2.625107642652467
1.8538445925680533 6.307861102023242 -2.681105921204824
1.923784332444852 6.438923136915818 -2.590316877890962
1.8151865059075025 6.166332139193001 -2.6303996223157298
1.9672796686057912 6.5833894889869145 -2.594255873531683
1.8543025118266652 6.17500045787201 -2.6160741579218074
1.9872102557628415 6.26822752755708 -2.6058590763619023
1.8967300551616189 6.738677547664038 -2.5996180678288616
1.765715367503509 6.298116132915847 -2.6435125608928853
1.9116915879230283 6.75272475273318 -2.6617655252188515
1.8071010068259228 6.232086353710226 -2.6669380858042344
1.8386134598886805 6.577753320422054 -2.67972719682535
1.8411224557705257 6.119545663550313 -2.6327032999754656
1.9834177325379843 6.685725104616025 -2.5782887079920407
1.8689117836562472 6.620101333983261 -2.6795248645744545
1.8407243993402858 6.465312969648597 -2.6081622647529716
1.8875721504027574 6.567912082213507 -2.68715280032273
1.7964444345064268 6.496007548440786 -2.6449292661060317
1.8330262393143213 6.228268332747389 -2.607542696978024
1.7832215391864574 6.317985727114662 -2.6257569817798494
1.8243279201823155 6.169782898786418 -2.645073024769491
1.8020387159040698 6.507946899797608 -2.6418258368558414
1.7848520912180446 6.240229468132608 -2.6417191472817083
1.8981015096252143 6.593256029083588 -2.679381979393304
1.9449539868588026 6.611669398002053 -2.6686281002265404
2.0074429086762504 6.6166003420097885 -2.6220136158517633
1.7678034125051512 6.649542055528297 -2.6589032825505012
1.9454049265496378 6.5862048506549185 -2.595259673658008
1.922065135505333 6.676652619761374 -2.6951659887678794
1.8733242061292557 6.6126834820956715 -2.6794796834861794
1.985232622699988 6.600563641257308 -2.647702619880951
1.8014707231414193 6.656166206615801 -2.6174114568219027
1.8237403968337518 6.358789455240592 -2.685677061846168
1.846705632875385 6.339896789345433 -2.685821111746707
1.7720306643774264 6.38654736630545 -2.6448047263115777
1.8724942850249362 6.188176011490751 -2.615117463451252
1.8947513937595823 6.224336472774723 -2.5973372972390543
1.8439476579991447 6.193601057200176 -2.648156664716386
1.8436616193016344 6.244785843504786 -2.6695698722344354
1.832157589596786 6.654318918351031 -2.702246206392953
2.046671100454867 6.738602047631624 -2.6313534091103175
1.8121141556617768 6.58566492220763 -2.6657271135457
1.9897249426224484 6.506299384468234 -2.605573767997276
1.9868598439977294 6.5609301232376955 -2.6550541837667314
1.8617225702943894 6.388502195215549 -2.6839308144110237
1.8139124001928095 6.250642467180228 -2.6774090432740936
1.9621279666770208 6.406496404587048 -2.5904659777795542
1.8330968703142896 6.1729073510691865 -2.635381504946178
1.7959170955381105 6.471930722280684 -2.6383678175469587
2.0298317998996183 6.67683544511106 -2.5848250515223783
1.8692016294904783 6.627998807620381 -2.622026414021871
1.9051189603207117 6.762421758887385 -2.633913936035533
1.9993035273547788 6.398241518104566 -2.6282745570257022
1.9190977208724096 6.450910423091598 -2.672215393856506
1.7909948434635279 6.343378596730354 -2.6761287578178723
1.8529393356607184 6.456549876841384 -2.6817581282253213
1.9160047234202886 6.531104697791735 -2.6004308082749517
1.9825729716917873 6.507868996445191 -2.644696853813307
2.050176452813532 6.683991855671339 -2.5927806945225056
1.8036731427059849 6.384936323945057 -2.6780973796005827
1.8596065513399787 6.379383539605586 -2.595556479152003
1.8023385206319098 6.715026368335797 -2.6364887351427724
1.9157748575385187 6.655774674466235 -2.5804845787862845
1.8141922799806434 6.728524998599273 -2.647754975808732
1.9225902290195807 6.325752504342638 -2.6697667631028317
1.7687378268517264 6.281699576005252 -2.64662771263026
2.01100273318655 6.735884712454283 -2.6546055972819356
1.8074088497289051 6.6716118846315755 -2.685810885141149
2.0342331860444443 6.726548680125694 -2.6455357220122115
1.8036404285341168 6.267466061178666 -2.6749443660693615
1.9858680903618935 6.4602995785048565 -2.6425842388149947
1.9670150595061142 6.283380480564501 -2.5960292054811993
1.9031781407106687 6.268704446598521 -2.666098863976786
1.8360264080587192 6.498471786400586 -2.67584201341776
1.9519673189842186 6.490236739386998 -2.6574448037431706
1.8484633637207502 6.176662382747665 -2.6294956335301833
1.9034490031087952 6.3323680542289384 -2.6742637874494517
1.7877384477949767 6.436095302337485 -2.6563209466805042
1.9767935859525858 6.461901159853742 -2.6493797426359635
1.874093057171498 6.479434094007767 -2.6779368082670185
1.8506286268654952 6.313279516837742 -2.6762445783284186
1.9172114470615216 6.598643445325688 -2.670224494187603
2.061923396637596 6.672667517620117 -2.600734756837257
1.7813891645683264 6.3932599856643675 -2.6611700846691555
1.8298959337594325 6.2017471447166574 -2.6274783058781974
2.057828426229811 6.73002399626447 -2.611953429097917
2.0045237552512307 6.558204018123889 -2.639407642667098
1.946956766803518 6.736900544623721 -2.676426199335434
1.9404179608482985 6.463472611683867 -2.6668389127346863
1.8084053620117952 6.682388530742003 -2.631006998577144
1.800957563739101 6.483166335465559 -2.6500230367263558
1.9793034705320838 6.424807866966914 -2.6395919283858014
1.9160506624826437 6.243193551706794 -2.646300550334408
1.7729837964286892 6.363125608327859 -2.6422105818639734
1.8670730223027974 6.202940572742911 -2.61500661029498
1.9018262353873676 6.48607705452828 -2.6019131444673853
1.888856625024411 6.694485645404484 -2.5968088589705793
1.9299043208235258 6.344376487388122 -2.6646028387975162
1.8415563814543927 6.281128386178406 -2.676011396284953
1.8320266755899444 6.204851561065716 -2.6545734445247327
1.8522946261463522 6.380384069971791 -2.6811481555721
1.9885454857922338 6.607673779825964 -2.6142443293549515
2.055542998072152 6.6984156561396535 -2.607650250580183
1.8726161866792679 6.234465061224076 -2.658396365166462
1.8136644525172354 6.69418907230635 -2.677919675085358
2.039889698711014 6.734289398632599 -2.6185437481926983
1.9851029533380298 6.489169871427917 -2.6185104906465373
1.7722035554630442 6.274139096845863 -2.6483555077054204
1.95499554366888 6.2621138436440695 -2.640827077438449
1.8183847784828786 6.564801547712735 -2.635157329842205
1.936399592044757 6.6101057787746385 -2.6070004198529992
1.8840224375476273 6.593906016379455 -2.6148362584138765
1.9478234498183427 6.785105458356398 -2.6427374732933657
1.8432601745613069 6.455235731457538 -2.6153504154833955
1.820915223819044 6.47000274204731 -2.6268419744517013
1.7871979020416329 6.307349785608675 -2.632075185948753
1.803022022963748 6.398653347704283 -2.6739586994663407
1.9793984720558648 6.695999185810696 -2.673638592215494
1.9472801849209689 6.568633918673747 -2.6689641133576414
1.9708895507399622 6.2629497713243865 -2.623986183023869
1.8983502822490488 6.619975758531597 -2.670577990391746
2.0569104217752714 6.67180564024445 -2.6269508370879944
1.993325296959982 6.56212302366572 -2.6424017176697108
1.8215468976718454 6.585393056005707 -2.6503313439169434
1.8421928360408923 6.484099248585496 -2.6192124999378796
1.8703435250138951 6.4322858646131955 -2.6026321232714613
1.7785174447366776 6.3364394217233215 -2.6347498266960785
1.9412075014295394 6.517039111511004 -2.6642133314837078
1.8125094055178226 6.247513475545151 -2.654208283338758
1.788594112912983 6.308894306037861 -2.6355896253936955
2.012980681499209 6.737713797080918 -2.6494011324205005
1.9705120456765943 6.354513121236967 -2.592615744470998
1.8214855657584623 6.356812020070369 -2.6785816349687037
1.985469458394281 6.506689778168336 -2.6250069118227457
1.775396328505112 6.330871065738321 -2.6643382719891666
1.9744194504053407 6.526496619768119 -2.6095301944027067
1.8892453561110687 6.417163387506911 -2.598918953222867
1.8906403126733173 6.411888824658522 -2.597916917194686
1.8115646921717805 6.312653954891415 -2.6691766344030903
2.0608555819931293 6.657661128171943 -2.6187341748998723
1.8799391973263218 6.228243971077648 -2.650130726548605
1.9960972902980658 6.645992291471833 -2.5798349143564945
1.7899206380557597 6.302998215616411 -2.635891372727018
1.920862907582456 6.347477707082632 -2.6646130659916145
1.961375398262612 6.651448973437238 -2.578288655635548
1.9712228398812193 6.618880463514343 -2.6457420309738726
1.8124028831176717 6.295948174179671 -2.670484063217173
1.8951475988788349 6.562976251279897 -2.6779264373965423
1.8415731141374516 6.470904337861718 -2.6177142625382714
1.8647432888922555 6.223059985707939 -2.609977805852863
1.8727840208693474 6.741331968589765 -2.6174493210276353
1.8132451558552591 6.240654638159787 -2.6287888051918156
1.8629544986957032 6.668528683227123 -2.605473352186053
1.8014103400310595 6.401498345622459 -2.6305159563624287
1.950268121259361 6.36565938774997 -2.5893023706089444
1.9394031825077733 6.255328049466845 -2.645999192631102
1.8490985609293835 6.616247792372247 -2.6439230205559046
1.910172541977233 6.333378489465238 -2.5883549594160353
1.9162289024984065 6.503001706885279 -2.666986622671539
1.8664411882158767 6.588993525577429 -2.6741492611598106
1.8569113657609888 6.435334696362149 -2.6764100179977763
1.789991130537398 6.2861732533993955 -2.6317917113810982
1.8416206799899069 6.742614427693188 -2.6681779245698363
1.81692901858781 6.563369212501905 -2.6440250438393775
2.0028099155113512 6.5680683908431465 -2.6193988589416572
1.9184447415883423 6.317848865091151 -2.5942959403151375
1.951246266037748 6.386600259862833 -2.5938890135841355
1.8186702449976715 6.7094967588262175 -2.653285762879533
1.9664981057968223 6.267408162981949 -2.6142909571556014
1.9235732374705803 6.246571986951278 -2.615540199450535
1.967402884953187 6.617478022790617 -2.6450060978364913
1.923104592363589 6.383149567270234 -2.6642031408786804
1.8257209083154273 6.485780340283572 -2.63674881081351
1.8860854363897837 6.2428131842427055 -2.6505715466727935
1.9690050813548905 6.669077131897555 -2.673884100585569
1.9508556035838394 6.645872799500038 -2.684674684920972
1.9175399510571522 6.453383782694193 -2.6023906237142445
1.9359442508766724 6.722092371770615 -2.67728308044203
1.797998179549667 6.248572340130915 -2.663201117927448
1.811061930136702 6.306267767930625 -2.665524918355251
1.833612662998159 6.222449007942105 -2.6221418710723547
1.835325956201027 6.253086837658156 -2.604849872279319
1.9403377727641915 6.338274302708156 -2.588688758063073
1.9680584749449497 6.596674596660897 -2.6218087560311085
1.8679510492176925 6.230492077444989 -2.6112854584400558
1.8074186453074996 6.686554009065189 -2.6433524233873884
1.7910713525765205 6.638928548747595 -2.668371349055837
1.7820061680267116 6.273396285748699 -2.6473388836474054
1.8267805920764344 6.473557839844229 -2.628722249850676
1.9599482882831012 6.293726936558175 -2.608945807313074
1.7847344369563007 6.6462926547249435 -2.652191489390092
1.7932596810207864 6.3922424504243915 -2.6445584713251886
1.9617733991839719 6.315944313060935 -2.626420611602791
1.8299788233974372 6.484825475853501 -2.63636419472107
1.9858995593310076 6.366894844386 -2.612267364853836
1.9421411482838784 6.5670050625279535 -2.665048042366557
1.7772936014260377 6.330375630911853 -2.655600479777685
1.8753259234373272 6.323795151622162 -2.5957174701925134
1.8635551179226342 6.204430110081715 -2.622606339261699
1.9344944870832612 6.437464471205682 -2.60082565644069
1.9269934031678426 6.586642239881663 -2.607480677489211
1.9627312393723635 6.433676924405491 -2.6441834875357544
1.9432670360709736 6.628138820896786 -2.649921324882361
1.8879922760453525 6.2081730554122885 -2.6094350625249207
2.0515558965966942 6.643718684528125 -2.6037632680336236
1.898222231841217 6.223443799774079 -2.617471319375486
1.8072490346032541 6.460871018188349 -2.656866738023549
1.7940468078144232 6.286178461081025 -2.6565057186731504
1.9641094074437353 6.471546559000995 -2.643684496082415
1.7851481967504546 6.273958706886161 -2.644886346344502
2.0269338962032264 6.740450771203541 -2.6235287293824374
1.8376305711851773 6.701768205178036 -2.681186387667669
1.8937680320689343 6.475536816791423 -2.6689468455137986
1.9798570579029424 6.711509660712063 -2.584134670912743
1.8312207849744135 6.643541848599414 -2.6911767828444524
1.945319679245451 6.257100526304283 -2.599049094654849
1.7909724645495442 6.376862065037891 -2.6474091215555227
1.8780762812584064 6.6675267103870794 -2.6032359204587014
1.933146711021093 6.3351178973224584 -2.6571781455676704
1.9793876224646914 6.378695327821117 -2.6107020565776144
1.8265303171581992 6.4149785654598315 -2.668236558670099
1.8576500785913055 6.206526129892582 -2.631996457186873
1.7877068038136132 6.332973643057688 -2.639231497263533
1.9094615252805007 6.40683785455688 -2.664313311473255
1.8788289725105964 6.603154225215845 -2.6310043930786104
1.835532126648392 6.659354465765193 -2.612884976970019
1.7966839657935938 6.388437096653155 -2.6481833462356654
1.8660475200635533 6.245993024066887 -2.650704866682341
1.8432201821755099 6.4805044824840845 -2.6643461809093374
2.024994033827195 6.742480968319727 -2.6360586356006186
1.9318049974632348 6.461088809807949 -2.661019716345015
1.9695908621764446 6.355193666616547 -2.601473240439033
1.9017964662279963 6.746869060927542 -2.6196262277731925
1.918256582866945 6.5349536797450405 -2.6600287999999557
1.9459209112734555 6.2604218259551905 -2.6332587562036798
1.8481896144711463 6.529736570665139 -2.632864758744906
1.952292962960204 6.468789987055009 -2.6071143095233005
1.8133019384337263 6.326378891158136 -2.6137129597166058
1.9556124283641387 6.296130171501421 -2.6158802474713276
1.9303625585599473 6.624371159807826 -2.6253264030883425
1.9456066788465978 6.3052119919719525 -2.630512040443576
1.9896880830576884 6.732211329398742 -2.5924335827334444
1.9735157370423626 6.561459433410613 -2.6085311282454096
1.9824928612921169 6.677695342201076 -2.588685163289477
1.9193577764571264 6.264975763476787 -2.651661665863272
1.8601910560829589 6.4690210622758535 -2.615402493644864
1.9114136127164676 6.649710184510927 -2.5892526843956336
1.9170944957346834 6.624556266330007 -2.6521526159587068
1.9647758873452559 6.476426461683161 -2.627470676761237
1.9334385729124333 6.465806054092542 -2.6052608189577042
1.9180197233336753 6.597467175112849 -2.655338159769679
1.8245327673098 6.446757253996324 -2.656270340916798
1.9567578269360077 6.51202963864702 -2.640796610157616
1.8360044907299229 6.359588649001553 -2.6727537242625115
1.839061867917208 6.214349450335934 -2.640818510728608
1.8495634585802578 6.247773009660667 -2.645456850595383
1.8214511149782642 6.413719915021126 -2.6629542317495414
1.9635716077620242 6.709759030343022 -2.595216424926014
1.8067556087603807 6.285474774850117 -2.6586952208486534
1.960301661458824 6.675469513800278 -2.6764650126728506
2.027032254500707 6.698007952354355 -2.60082489708424
1.8014380843563451 6.365901526420436 -2.6626680770345237
2.0275459813064844 6.651631539424038 -2.5890951458050484
1.857201993086358 6.584875083850358 -2.631796880687447
1.963401134986742 6.50366666323741 -2.625537189989104
1.9354385331685862 6.633517187978929 -2.6303570634966515
1.9025468979854336 6.50094801947112 -2.6624536461089443
1.8616138638585102 6.3733475078743975 -2.6735394458261634
1.8599034794647107 6.6814397297056125 -2.6844997255436764
1.978080476999393 6.33106754028711 -2.6121295871335626
1.9465419825566002 6.301534755101187 -2.6193753106836475
1.852093275633 6.355490734651578 -2.6053061569708325
1.8514546366123694 6.2354032260733145 -2.6269546999542883
1.9317357248085374 6.6292143365616685 -2.6395824911812715
1.8349854761438391 6.571145575974036 -2.6574387384592275
1.8036544409239372 6.284313548912019 -2.6554681985821054
1.9689448300961963 6.355884089307606 -2.606328287215736
2.0470136353736352 6.644124014612954 -2.6110987823713976
1.8770695503155848 6.410534768377186 -2.6681064218888397
1.936924434408323 6.697191781382294 -2.6787296598477592
1.9709858731712515 6.369384131229475 -2.631509068297463
1.905529059996996 6.484795329216549 -2.6135646301283395
1.8521570223772175 6.231369078153577 -2.63669215968235
1.9601655687991573 6.7313916499988595 -2.5952183324148845
1.9648195315207988 6.377313181120693 -2.6039185875866853
1.8154670412361957 6.306380555159579 -2.6289690090513
1.9628657209929274 6.469662032726218 -2.6286347203481553
1.8553611594189257 6.51966383123726 -2.663248085096602
1.9289094062364232 6.288789998653902 -2.6032354734083425
1.8634122856239204 6.230606668752538 -2.633572656915822
1.8847604332030752 6.390603993590508 -2.6032907937842253
1.9212071989219095 6.3147064081786795 -2.605052415590249
1.9653885262789488 6.566886073501596 -2.610086467183593
1.826084673781195 6.464358638069543 -2.658563487997859
1.9208581698451612 6.5823299707126175 -2.658198709225978
1.9265557805617377 6.571073760845324 -2.6083139787726957
1.8540128690648388 6.215261955306156 -2.6343653078151625
1.9107123116718383 6.391341224198245 -2.600763938830809
1.919957762241335 6.7278185485155895 -2.603652389990817
1.9040506418475254 6.722018727761412 -2.6745665637675162
1.876439893067467 6.611857723701226 -2.646943559024861
1.8910282898650965 6.493479441123058 -2.617620356932429
1.9305070667458355 6.568639359420544 -2.6630345564068665
1.862113151197982 6.574902735575304 -2.641484861975618
1.8327054036547727 6.297536333308437 -2.660394459438913
1.920038388502071 6.366821799238518 -2.596233162805095
1.8831159108886095 6.471555268017581 -2.614144735294283
1.952622065354018 6.57506224942445 -2.6240984139548607
1.8993208789055256 6.6704141610779395 -2.6829558695979294
1.9206111234025314 6.42776219862884 -2.654924145076914
1.850097267847019 6.49075245487073 -2.6420396125139556
1.8248332142126364 6.428739601456021 -2.6366305516594526
1.8570359965353904 6.240505667299065 -2.630660534232787
1.9540059498301356 6.478007867152516 -2.6269016718511806
1.8191509457458734 6.25863165602302 -2.658278684342216
1.8024892130859136 6.276334266835946 -2.6368144790097663
1.8656161928275647 6.480389316532273 -2.659489609800559
1.9627852762988527 6.524250633075888 -2.6215697112925955
1.9286024099716887 6.361214603281267 -2.5973434220601654
1.9550512456184652 6.326609116206715 -2.5984744773560977
1.910205337299328 6.567962387694438 -2.666243001150347
1.9172996110665845 6.3209162216101085 -2.59895932935516
1.9409251103528566 6.507422872231535 -2.6197911788337587
1.8414878423056722 6.458865344885396 -2.663351074164206
1.9228948180027405 6.310421780411076 -2.607457174847843
1.871579988171344 6.424085007399735 -2.613730263300356
1.976468047828502 6.7445399774730035 -2.622805772690217
1.8391630419858367 6.366257950768599 -2.669292909171309
1.946185127320879 6.457970124074881 -2.6370422869766244
1.9088503977171483 6.612469310080762 -2.650872566472535
1.8836812090116535 6.492525804185757 -2.659517570223915
1.931455669275541 6.6073805397475605 -2.6276607680854114
1.8568672759656457 6.514200458199374 -2.6530318206310533
1.9378513563119246 6.612881627512861 -2.631066298404019
1.956130332095335 6.582224513156785 -2.6342131748335342
1.9336427126333886 6.413985032568993 -2.647762957368645
1.9081835694336138 6.436084608788089 -2.609021213498054
1.8344936129800782 6.322118816794892 -2.6152159961881463
1.8845103116672672 6.485411817760843 -2.6582685937240553
1.9631580462121423 6.58878928746108 -2.6281410768635824
1.8197196497462382 6.288219768119154 -2.6269280205529153
1.8186827632784408 6.301358099058611 -2.650208663108651
1.914685635020752 6.59398677445005 -2.62683714081249
1.8574341666708651 6.282367248449441 -2.6086731095611215
1.8400602853479207 6.257688031872137 -2.6117347193549767
1.8728933297829988 6.308108120105839 -2.658499826235671
1.8557849406835394 6.321530644528573 -2.665014789240325
1.8766204495280916 6.567961480418923 -2.6199984129652223
1.8351094599311089 6.6744063345232 -2.677912175295158
1.8700582422209315 6.3568828851837225 -2.6674344089523547
1.9257876472298625 6.5369627023404 -2.646070613647574
1.9570570890790409 6.582930466050433 -2.632822360569343
1.824919249470937 6.413696759817088 -2.652278509103189
1.8455565414310267 6.3183061908490545 -2.6596351233324604
1.8905682112722908 6.494490132914118 -2.62048729324451
1.842942581477688 6.553601608353169 -2.6354266551557366
1.839534623429884 6.700129828488157 -2.671688998451467
1.9231889050672504 6.537350624373812 -2.625445147998051
1.8640983260930453 6.483582833999566 -2.6592361462363847
1.951475819692328 6.323466273772036 -2.6139695433624897
1.9659927037935925 6.565439784136485 -2.631207135393319
1.9497990593457803 6.4284526227618075 -2.632631390380678
1.9380769397376392 6.27636815996895 -2.627148512624984
1.8297042494184588 6.306080420411465 -2.6265248170678346
1.9415448629878176 6.4482851400723655 -2.6326026267793248
1.8147637541677661 6.661702726047968 -2.664900836629973
1.9052291225206455 6.611115050981717 -2.6499806863814683
1.898940982814456 6.522517004252791 -2.659402781520658
1.8708018182297477 6.579658400704426 -2.6442309974040477
1.8661702947311714 6.31006876864628 -2.6127180033688466
1.936557159864476 6.3190745099934436 -2.6284389000680237
1.9838387966204873 6.658870792827299 -2.6649450617327304
1.8335880185770215 6.420038433797238 -2.63588402193648
2.0298846235206707 6.681322635892149 -2.6172054680717536
1.8384135755276207 6.666976852300531 -2.62436614926711
1.9375062336090443 6.57697796642276 -2.625223154508989
1.8411837249238219 6.405510783855668 -2.6259286071164794
1.8316907784277778 6.646502703993596 -2.6200826101215644
1.9426865732892524 6.4315497574852545 -2.6141331294370147
1.9198353708932943 6.5937051749346605 -2.6413325113455772
1.9302413912270175 6.443872367156155 -2.641139098220341
1.914032764293931 6.572553218805616 -2.6200843404042113
1.9247496170638367 6.313518597098492 -2.6155736972136294
2.0126289492490814 6.63905161349353 -2.599714789730445
1.9324760584980645 6.307038007842673 -2.624253764267446
1.8558146141871097 6.719815726778273 -2.6387288738897197
1.8386479196543903 6.275722693121427 -2.657771808479334
1.873032002874372 6.486768235942389 -2.652337805359042
1.847392085722663 6.3625896809803955 -2.6669086019010306
1.846649270255495 6.463984260900494 -2.6319660924188946
1.9170338820972712 6.488274045310733 -2.645490780927495
1.8636669672564503 6.505699437797224 -2.6440877153130087
1.9276728254708382 6.512218223024798 -2.6408032781053286
1.9879809616314565 6.73335943380239 -2.6400724676711054
1.8912867493339662 6.30616636887842 -2.610901539284466
1.953741016706397 6.386232146480205 -2.6169080996477296
1.9272892376782056 6.496670904958699 -2.626028198992043
1.964627931050188 6.562622817178708 -2.631922324271807
1.9812764175993287 6.664970765747116 -2.6627206426220202
1.930849873446805 6.318267013561581 -2.622246531487577
1.9472339681630753 6.3524082461461395 -2.6363933673579
2.021023648045664 6.667054025884273 -2.635603171068963
1.8182287267146913 6.281029472662301 -2.6477673792022873
1.9268173998241365 6.583014467049682 -2.6471367760198032
1.9259688549675245 6.40345460011833 -2.6466200214612488
1.8322840469364599 6.412714463252893 -2.6406727716896956
1.9104341782832113 6.413514394099931 -2.611604220285827
1.9422198611345398 6.583901127902086 -2.6404915356722594
1.8776937488219414 6.718939835294355 -2.676093815898817
1.921468217535664 6.576966727952325 -2.628645867636566
1.8661643150784175 6.480735171810878 -2.643257718361386
1.9342593647742885 6.738409634529833 -2.6121555999040655
1.9357599019246354 6.397823359164962 -2.6455410129987236
1.8020919860618432 6.652288566953231 -2.663412346452094
1.949445746787945 6.6941108876073745 -2.669617235306778
1.9773700707697932 6.707668021901333 -2.602646205356666
1.8577553845756982 6.423952976107932 -2.6245694070093153
1.8954909410007914 6.495728637698473 -2.626486485862137
1.8759094358618005 6.384755644089305 -2.6612953036877975
1.839143344530251 6.670596745555347 -2.6706170566979544
1.9255800428813374 6.279792904495909 -2.614228147015072
1.9299269404750283 6.3990837868151935 -2.647995471869525
1.929622478635944 6.581910488834341 -2.6321355842527283
1.8347773109846417 6.395751327575695 -2.6597497869165916
1.9310705160808692 6.716848806689437 -2.672373543075504
1.846363687112556 6.375156554676268 -2.664318046214669
1.8732809784620512 6.387640645068224 -2.6610070735642344
1.926535650855096 6.499107285315439 -2.634794521189594
1.8379316059652702 6.405017184737974 -2.6530309894238933
1.9516258568545002 6.37219834474455 -2.6315835891121173
1.88316164882599 6.305712518567754 -2.6128335401881007
1.9190565065243357 6.253949451645152 -2.624039846630467
1.8220027162741623 6.32160978283962 -2.631133402984737
1.9289335963398906 6.5580316248064054 -2.655366077732059
1.867241158554283 6.476360682485684 -2.6368653403805045
1.915827611011548 6.51264531292246 -2.635925442524629
1.8706344544972155 6.343448321569426 -2.6611139787614664
1.854934689833947 6.4189587490421385 -2.656050299062909
1.8946509196966042 6.5700010750236535 -2.662068360581692
1.9186316805343313 6.5066389638489195 -2.6307006239868995
2.0032188041764822 6.704197064343743 -2.644162482680879
1.9868037704931096 6.695411637352174 -2.6544360870818777
1.8597127753648843 6.448760165047453 -2.647935231275228
1.83694581622938 6.291075154870741 -2.6508855061620547
1.8513333147983995 6.322373962352741 -2.6154755401669414
1.883877768511347 6.432583418356275 -2.6179205320592143
1.9299988354620798 6.343621508494683 -2.6062002857492317
1.906502793754071 6.412615183091356 -2.6505968661409254
1.89958052482493 6.397558436975063 -2.6572551395726904
1.8992040759314386 6.74040536455094 -2.626043013490194
1.9794442451419247 6.738466020717043 -2.614759673752657
1.8815273396963532 6.307482371418201 -2.6496638686137834
1.9388525808688168 6.686689261742686 -2.598870625865246
2.0152959625703546 6.6828201609849796 -2.609259478273404
2.0043064912220396 6.725592196669288 -2.6183284357774577
1.8914162778451575 6.7086022531900795 -2.617262405353684
1.8459104416820036 6.433993394779042 -2.646864072882164
1.9141628343042116 6.323284251828332 -2.6448273078275397
1.8651196339955864 6.366469096288061 -2.611582778735158
1.912520976540807 6.265996077982399 -2.6107813511782973
1.8625945602080098 6.35685306049676 -2.6610342651080545
1.8691554590732982 6.443966547708438 -2.644465076079345
1.8951336908363334 6.248222284975613 -2.611980777080822
2.0094576991586655 6.66336938859424 -2.601970624866979
1.8848153243517076 6.435466287336819 -2.653640159483718
1.8974304024173985 6.563712731953669 -2.6568849033295443
1.8316292538678949 6.250889840465179 -2.640440363847509
1.8890028609395402 6.331623363127823 -2.6569853328996347
1.8206099631788493 6.341322073724584 -2.644439630965876
1.8345073733315425 6.383634799441861 -2.6494891686536177
1.838944692131945 6.354957048920656 -2.657420240555151
1.974625663095277 6.700555548992591 -2.6009198082819434
1.9068823141710571 6.457707908168587 -2.6318579662421895
1.9886566906942207 6.662695216197223 -2.59820707873552
1.8737429992006005 6.26156349044407 -2.6137248300078646
1.8666726244046359 6.366560615177912 -2.612463065260919
1.9734135842382328 6.742033239323655 -2.64129077659282
2.001556807879663 6.703269300954109 -2.6210170216927375
1.8948064101181559 6.742136642166404 -2.652016896569261
1.8905465178363867 6.733213185454265 -2.6414405492411555
1.8339065062599402 6.676458599530731 -2.666015206614919
1.8427641587544763 6.698443077470347 -2.6458642985999283
1.86547994635317 6.646953283673118 -2.683021499952913
1.8955151350282713 6.436821099929707 -2.6228629250887625
1.9136232108172115 6.652629287024346 -2.683297879210304
1.8902664595038656 6.288211827902978 -2.6406041447711854
1.913617364698085 6.7174858365599395 -2.6706997497433336
1.8787843658087002 6.437373666374077 -2.6500800834480622
1.8281984716788018 6.271890417489354 -2.6397002785203694
1.9939716916920005 6.706820741881926 -2.633612802166051
1.8426054961766545 6.3859292595423 -2.6338151424055067
1.8463244412544526 6.319058478585645 -2.636366459235167
1.8402866893625756 6.363345233702299 -2.6236174867406588
1.9073665653408947 6.571401785606117 -2.6436522429777005
1.9465588113783556 6.70324592479748 -2.6082464530343223
1.8905568404357531 6.361179455910946 -2.6545650868883572
1.8488656625896087 6.699899318503757 -2.6414954311130305
1.842113699401556 6.3907085368350565 -2.6401585770644096
1.9047168983802787 6.403217216258321 -2.643849810739201
1.8295473171042684 6.364251336117157 -2.6457950238848937
1.8295347794056105 6.35745344032779 -2.6410565952922473
1.8909342593470488 6.561339850522785 -2.634122439813202
1.8661829948261937 6.431067637106954 -2.645757027691957
1.8665899707871676 6.357457201114013 -2.616450002366904
1.8554378593359535 6.694161161421906 -2.6622803085891205
1.839609790540238 6.26461022667746 -2.64337566680007
1.932159423122572 6.645025434899839 -2.675485408766005
1.9129616486625438 6.39651881252545 -2.614870572677728
1.855557055008875 6.347837102859634 -2.650835556731683
1.8508570792181225 6.683807745118538 -2.6640158615408955
1.8692683641532368 6.71207265016546 -2.671805840350359
1.8560179358939712 6.346616916257828 -2.650956434820289
1.8730711091884407 6.270851375575387 -2.643959742630488
1.8707208707676455 6.270180786286527 -2.6186589404768377
1.9815263863636794 6.720670540641439 -2.6367527787892966
1.89028760949591 6.434522214459424 -2.6376585179407743
1.9338375016312663 6.3366174721836055 -2.6217996289270955
1.8433335752993365 6.682435033759311 -2.6552934029402344
1.8611114819976802 6.697379521199206 -2.6326568649395554
1.8653189217264663 6.25889297852685 -2.638637473543591
1.9756205919491252 6.674881131408113 -2.599504769845246
1.833485988816805 6.33992030824727 -2.643829948065724
1.8897677738036185 6.411003782081782 -2.6353549006463677
1.8813070493365833 6.36354877806836 -2.653253235474901
1.9991591152721526 6.681907543983976 -2.61142096538713
1.873999120704962 6.398721790874468 -2.649934608617559
1.8721141614121448 6.385613222990159 -2.62674439578773
1.8596650822931444 6.702878336301275 -2.636221102343361
1.875530185272006 6.3207645322131665 -2.6202501644875014
1.8411783186650874 6.676593060839334 -2.6391766661214797
1.8569019933483093 6.692154225235034 -2.644675926369815
1.9083552433538649 6.350660864369034 -2.6192297969674474
1.9793079158485467 6.721002437690046 -2.630535503284924
1.8500134154125027 6.681055312979005 -2.658811094630578
1.9227691783870613 6.367331156242933 -2.617176317390663
1.9288127935256 6.329361665238048 -2.61433572571414
1.8953691231537837 6.380631091713941 -2.621453495168132
1.8999541010452403 6.325129019958204 -2.6463461743614447
1.9128323403637744 6.381095586346568 -2.631207882545845
1.9296005873060975 6.669987525197378 -2.6656067582235394
1.832049310223403 6.652381821145614 -2.6294432206774516
1.8923000863569173 6.350121466137585 -2.640722858097968
1.9708724501205908 6.677794598806164 -2.6523930946298986
1.862368994100677 6.330799614160091 -2.6165624995290635
1.9765117434567436 6.702506863913042 -2.6497031931891764
1.923648779729097 6.727394384782482 -2.621436373837546
1.92192387148358 6.723588919631527 -2.6225084177225133
1.8945565358692074 6.358105865304678 -2.6439017197657133
1.88680346498492 6.334959713461478 -2.647583735158544
1.860578597528693 6.350343883806109 -2.63529745444165
1.8897044822022244 6.3201425902071575 -2.627403331087648
1.9095732611882943 6.703822642215747 -2.6640216889658217
1.8925846401910134 6.352210167128016 -2.6427590440116013
1.9187304716839648 6.338797777242923 -2.626545600456877
1.866766556128209 6.66995993015637 -2.663837519708943
1.9069756291037698 6.372219759965289 -2.6219328958318777
1.9120350714169265 6.67817995251567 -2.666427453217165
1.9075266070767034 6.33630764367599 -2.636092995932662
1.8929071443282854 6.328648164935267 -2.6462663899553247
1.8743870885662333 6.379245204831233 -2.6352844618910423
1.9922383443795433 6.716909030585914 -2.631759927801651
1.8860387005955879 6.374795412861188 -2.621932262970995
1.963827952416339 6.725520480014618 -2.6365067283161063
1.9516834714299387 6.702747510000447 -2.6571974984610414
1.855692264547876 6.685942233003239 -2.651471768688208
1.934152050071702 6.674991238950755 -2.604927199164183
1.948061058080721 6.72549861393207 -2.643631837211043
1.833162666607979 6.660232103153151 -2.641105584667592
1.827534852577677 6.653220603227503 -2.664181680003713
1.9698628657608592 6.703110516231233 -2.6349388079550193
1.8622266198121378 6.367695005287322 -2.638704258925995
1.8689790474080112 6.333190323570646 -2.6370276134062767
1.880083608583453 6.717313106236105 -2.6340097413014774
1.8292789742318278 6.643921244364439 -2.6587169214652118
1.8907477712758705 6.332810379122366 -2.6243257764208594
1.9308384717867328 6.660365137250831 -2.6680244690935173
1.9067114798477154 6.7249935330278685 -2.6408895318746684
1.9940813266657422 6.665708910036349 -2.6112721796984486
1.941444501939218 6.663059832635378 -2.6060999019085376
1.9186032077007047 6.723936340960116 -2.6464252034352924
1.8535008534645017 6.32539868524999 -2.6333342211632953
2.0029851124280755 6.7142033823235305 -2.629120136813764
1.9204626538238996 6.708809705421465 -2.651650028458405
1.9594860567620223 6.731028900419023 -2.623020206009552
1.9419877068232971 6.699901206854454 -2.6143607682823564
1.9606757265967754 6.694128828328914 -2.613826718659843
1.9455845152155977 6.70931050701736 -2.6452823062971147
1.8822261145831511 6.327829773759484 -2.643385504898438
1.8856634033323298 6.703782744882872 -2.6336473704265577
1.933789015233974 6.728661923764232 -2.6330835874059506
1.9571218660413683 6.7007335034381414 -2.6509681819553745
1.9694321068282017 6.7150709343271995 -2.6075998558939735
1.8421282253460598 6.638520883228485 -2.6513648038844986
1.8787775127883022 6.681527851408539 -2.628927289504433
1.9161267503157156 6.706479467491766 -2.6377269924172255
1.8728186882437674 6.325691964151449 -2.636781863085215
1.872359577596367 6.677945313915629 -2.635119235767964
1.8830486480128 6.69991012581383 -2.65315142874461
1.8300809775236901 6.655687633546675 -2.651446526160246
1.8700118730786905 6.329096370449789 -2.634342315128709
1.9626185367635456 6.680419942827456 -2.614535038437973
1.9587018895958521 6.643022327357675 -2.6584997622523465
1.932591324537459 6.7098922805187105 -2.638105395577452
1.9266072781252153 6.644894599861876 -2.6052619732026785
1.8678693416092347 6.66441204469267 -2.631191662297379
1.87598388951537 6.6866901965092 -2.651969427197736
1.9292019348812748 6.6787401741714865 -2.616361994189508
1.8476885500683045 6.654823742833235 -2.666821675867756
1.9446423065046574 6.676709176203515 -2.6561989968644797
1.9461309340701316 6.686859050136793 -2.616381549550078
1.9746207024172495 6.674580114998625 -2.641368851530144
1.9780095356879235 6.672193799634465 -2.6152698964394445
1.872700887349592 6.663033760394166 -2.6577889965997326
1.8976161737950497 6.645189783996976 -2.6691114523646444
1.9879308447381292 6.659036204857566 -2.621726900958505
1.9106217273885209 6.698222700663176 -2.650925890400819
1.9319156956292751 6.663166945404079 -2.6569130807981614
1.8861725199086168 6.670098249520679 -2.642175044757609
1.9675691854751505 6.71527431713046 -2.641694295360364
1.9816136396930468 6.64189321500984 -2.6336613653441723
1.9169773990659444 6.648122615008603 -2.6113359327796584
1.9842294133624052 6.642422718538715 -2.6184582268243135
1.8722949910572284 6.661295358925356 -2.6471297350087424
1.9011529843841135 6.682362718210366 -2.6327796486354815
1.8578876148342833 6.65716903814585 -2.637556957923241
1.9002852205353014 6.7153892700903945 -2.650859281107389
1.9422040923825312 6.653005695139391 -2.606514226465526
1.8562908301465253 6.647299351241486 -2.6457668965274816
1.9565352510452216 6.641559927687176 -2.612783507051499
1.9089715370577478 6.686370150218905 -2.6392794842858214
1.8710754043829905 6.657636675955537 -2.6306607461181986
1.897167589073253 6.644796571625881 -2.618257138471755
1.9428392862025077 6.659321857774721 -2.613131882433028
1.901442309477388 6.660243150895855 -2.66223953749914
1.9485693374699797 6.675758885157228 -2.623682631309231
1.9370988690793802 6.639237597144961 -2.650658115077784
1.9199615678027169 6.661189445453006 -2.6274732242259584
1.9523423771268569 6.644297797994451 -2.645256239259199
1.9305853474247678 6.661683156329049 -2.63288738806761
1.902615573080025 6.6640002873934545 -2.641565576161156
1.8823167053859349 6.6408245691572425 -2.6500336144853858
1.9033878715828272 6.653026248900711 -2.6219403868725943
1.898540036165965 6.648160347203325 -2.6402928965657857
1.9008139515732865 6.656566762588042 -2.627644792304813
1.9500592742177545 6.6526590113621555 -2.625973438252047
1.917587817975861 6.642942285342233 -2.633772250714994
1.9092181537263233 6.651211134030008 -2.631511006780462
