α Mf log_fpbh
1.466978228882701 17.982117790406825 -2.7447472508215895
1.0901185342949646 14.534183658199108 -2.7735716652059357
0.9190052232097633 11.634595742941396 -2.859822297999287
1.1825536274620327 11.346956276632563 -2.784244400082973
1.0576098501592672 9.649969782489107 -2.634281626692869
1.413851479274034 16.896821278688947 -2.75525108855084
1.1205890738377506 13.329709475022781 -2.98172613188608
0.6767485251018063 2.7368672524591378 -2.64041175999377
1.085518468785395 13.506434121609765 -2.740380050927145
0.695432120282214 4.983787854102594 -2.9860186743250696
0.6634255135067373 3.856156330214614 -2.967156644302383
1.2737800226793887 13.089023183970832 -2.7959668526413366
0.867722376677645 6.72706459447017 -2.8738882280365665
1.2710601519765952 14.005513273812625 -2.883099451564876
1.2697582784662158 12.888898862634173 -2.7285668478640757
0.8676168046349251 10.457567389472256 -2.91780937546953
1.0964733873265604 12.262944684176617 -2.6774419991781935
1.3047540961081499 15.187078844812733 -2.8948566501942654
1.27180404757661 17.010599002804533 -2.8448991855391763
0.8672504113713624 6.950504481853892 -2.899148129269957
1.285899475638329 16.984413939377248 -2.880177050177095
1.391331476954238 15.874708900960858 -2.759364605641195
1.0701798961089097 9.871318892442092 -2.6517725868824695
1.3615697799894497 15.531917866511652 -2.8322646632397035
1.371107455409904 15.566946016947066 -2.758619128503513
1.132493143995029 14.982726869347752 -2.813072627054993
0.9994654371393905 10.58939207553229 -2.6804388277475777
1.2740618440085107 16.636324007623355 -2.8677491019159023
1.1679490417066853 12.358328146431163 -2.889888903815427
0.8681003519852211 6.790689609181127 -2.626333409683461
1.2255468636309632 12.333280259689811 -2.752580364449231
0.9749846916759919 12.53156345001456 -2.87836385617241
1.071533547043158 9.897716541356674 -2.813457891604695
0.9490966116818129 10.775087236308377 -2.985241368385438
1.3104026690133588 16.778267432944777 -2.8365679826139205
0.9976721066671133 8.401872979765905 -2.7532667705370977
1.1816203171812911 12.229655978665669 -2.8556234426875857
1.117917537725356 11.266394120639443 -2.8744721533483806
0.8379895709248117 8.499413090232713 -2.758727424282573
0.6455121317024813 2.5266988961878862 -2.638003607545575
0.6287918521878638 2.80082366944298 -2.7538584084990863
0.6232425903762056 2.8642092657615965 -2.9157576895937534
1.3397542154903563 15.143894436453072 -2.758867267283806
1.1190160761045687 13.427866420261264 -2.951608160956544
1.0555844197457127 10.217413960520249 -2.8788932654577
1.0562739704181563 9.729679982036021 -2.6661870115813096
1.1051355217927366 11.044056439946715 -2.666286627246543
0.7496775475978079 5.631598222108676 -2.9493184773041943
1.3195981164952502 15.449264516495544 -2.753070874564833
1.1718796850116422 11.605136144396178 -2.7063369039212843
0.6866970220519152 4.927302834735137 -2.872736987542413
0.7062393821895926 5.116089646663449 -2.9534305761843527
1.1959050543846341 12.575710757854308 -2.8500774639962154
0.82892494379281 7.440850423454879 -2.6965691164094023
0.8917773770756126 8.728829608390722 -2.9673522330103377
0.8419210257300868 5.858048165089974 -2.6594809800920993
0.8223249917251397 8.290684700626343 -2.7826100793144337
0.8730383048262971 10.181199673756604 -2.8939158865653365
1.0492949933028948 12.15267903341727 -2.960293272572191
1.32179362957269 16.32097554703303 -2.8208688935356077
0.7125378889604257 3.888832814244967 -2.8177801190157745
1.1961335901084453 15.62311719238224 -2.878617522771198
1.2739257501670394 14.41373390748214 -2.855786490545766
1.092526027274475 11.620676171973464 -2.9172041795393877
1.2719907200096472 13.781327124234986 -2.7331560121757934
1.2546167745073284 14.820819994572222 -2.8855476487369236
0.8420478449994625 9.385680122792746 -2.9138944828655235
0.8003478630395471 6.382865772705688 -2.9315340823184566
1.13993787558436 11.073424625010892 -2.7819908776653905
0.9032716756413981 7.591564384945751 -2.8724389254513385
1.3006319494663168 15.888741837260296 -2.8504097563233817
0.991903733546998 8.459363889427213 -2.686145228190158
0.9372180404870831 11.53038515602716 -2.8901804074134394
1.238994863306468 12.987240013765343 -2.788692376808532
1.120892349591751 10.830500266390512 -2.7974418586711645
1.2907259732493341 15.75845735439467 -2.779132435544678
1.2642737173798424 14.24100434294491 -2.8526149252578294
1.0416637844245509 12.026185167897767 -2.7291937455506483
0.9193474087664757 8.390145331135884 -2.918396013746065
1.0192015092615199 9.384518651167035 -2.661803411172072
1.2430808004602025 15.28652423325479 -2.8877515866081302
1.2153215699730797 14.25655790644389 -2.728619932433751
1.0973789207968436 11.53650157913668 -2.9031356738977947
0.8751152541453233 8.960675124817227 -2.9709457676073137
1.2661820058970694 16.020753427610057 -2.8279229062126925
1.1347408136730217 11.005791522528257 -2.711854764610748
0.7432858024886309 5.004450003324579 -2.897940163152382
1.201586039178511 14.393278937492031 -2.906605683775557
0.9415171678575942 7.694134749885586 -2.669471556602712
0.6310009776031418 2.9973594919174484 -2.813298828921722
1.1663503704256701 12.664987123513846 -2.884629678771031
1.0356037468973587 13.151643531113184 -2.8324711354015175
0.9945470443451024 9.162253153164437 -2.865102979321035
0.8912386819022694 7.747365307365256 -2.904368561889832
0.8624175646289564 6.238045219691845 -2.7288574607303007
1.0533030003878487 13.142518368457383 -2.9341333241111376
1.2191534911125776 15.228976483765434 -2.7828205791392646
0.9346616604629036 11.229165213302105 -2.840251797040087
0.7071190493587648 4.25237288394787 -2.886700627063078
0.8815360393561404 8.602693046460368 -2.9582464511864983
0.6233731317164184 2.2604559738211885 -2.6943144490867508
0.7337028856115617 5.969281489258646 -2.943698786966225
1.1473191115603794 14.243576552206125 -2.916243580079434
0.8412225865473579 7.7575885063190215 -2.954035862885345
1.0005816563927348 12.425240771744946 -2.9241316676345583
1.0528435276088681 11.177879166282777 -2.923125643420158
1.1094608221674318 13.82420308342373 -2.92117698139173
0.9511343846241788 10.127682690758997 -2.9566604085393866
1.0661881794654833 10.411467958622657 -2.85413089765847
1.13444807515505 13.914495241580648 -2.91860423167297
0.8902097546027175 7.2311340549089795 -2.652259282463535
1.194009727008274 12.82413112365378 -2.7101850196389954
0.8420220756327264 6.389673199708076 -2.6478113005940727
1.1400529603838416 14.462619396100546 -2.8985501229514847
1.1855819805424854 15.142148379770436 -2.8264848827615876
1.0047688151783059 10.395042022254273 -2.9299276246844403
1.2318765417285458 13.320182229316869 -2.730831224713615
1.216551159254908 13.45123177367746 -2.720786223071457
1.0224288119991487 12.51392250879266 -2.9343255364329863
1.0698688948222166 12.607640944030475 -2.9381899772844977
1.1471250151126267 14.774905494150001 -2.8576462651428223
0.9894524727777592 12.119292050114224 -2.823616120894356
1.1618383378573989 11.624134702757297 -2.764426965968542
0.9335790399118451 7.564172860361349 -2.756741466023693
0.7039741885779653 3.647686290085114 -2.6488534222140014
1.207968838153879 15.261189871603436 -2.858991445400921
1.1025798854966378 13.348692024782553 -2.9248675144335987
0.8087880047785183 6.7463522396785285 -2.9304439633487362
0.8393366822021049 5.935388874382992 -2.679251541896647
0.9054832277735001 7.605497354275646 -2.853232621913935
1.0014939887800434 11.264724881259491 -2.9479190529261468
0.7701159041249794 4.990560214127619 -2.80913549232873
1.0176259799084475 12.76867709814052 -2.8541706576318626
1.0369187112916296 10.153729516449388 -2.6762653004906656
1.0997710727129508 12.752604131701881 -2.9248343134494537
1.221356029401805 13.824532573651283 -2.860060621275238
0.7811997162063692 6.729822953786089 -2.9460420460584933
1.044232837469334 12.049687633800483 -2.9392841304447566
0.8019989210475187 8.085804783864141 -2.9127378360894944
0.7526165593155131 6.453426833640305 -2.9360246369148935
0.9256072474778652 7.888773791718968 -2.8430330723796433
0.6650608630107726 3.4398925944487857 -2.721588667195956
0.9590491111439632 8.542547290397987 -2.8509482984303522
1.1332027718941085 13.508833246657005 -2.912923479386701
0.8558732860651124 6.515377011997602 -2.8136077099680064
1.0822891079016768 10.238569157126523 -2.7172064228898156
1.1515015361497256 14.319380075144053 -2.792266849296831
0.9477353862910085 11.349968711958217 -2.9134428977136144
1.1290346421804127 13.484055490368702 -2.75391538758086
1.2301661839559954 13.470641720177957 -2.8200892603698344
0.7598045122654643 6.922458225538627 -2.8692161414101527
0.7964819173142866 6.74966897159347 -2.936675067331933
0.9690394134852531 9.47440379599738 -2.6822022901624916
0.8352784542269771 8.14116947174876 -2.9501632006626854
1.0404979387629665 12.890370465909674 -2.8181507426969015
0.9565468214067214 10.953599421767741 -2.9436926542664583
0.9039103374228762 7.900526366554395 -2.882820570046956
1.1367351122808635 12.834445335623052 -2.899247770378576
1.2713161714804389 14.905276002921525 -2.810420967354144
1.013004093930923 10.05153458102527 -2.68220989774263
1.1597059758194233 12.07647751567732 -2.8273408008942233
1.2490978390969574 14.485187649569847 -2.8386592726122553
0.625793025522684 2.7139292624918983 -2.8081422172295865
0.8871809289807246 6.8340231268822 -2.688986962908581
1.0191062590614477 11.346588894330079 -2.9358450948729775
1.2119897015050718 14.980953119895178 -2.8072915994153798
1.2223410502908274 13.272426972533625 -2.7468266745833896
0.9393650063065766 10.04786058077457 -2.9470720438657145
0.6570761732595565 3.49380812272067 -2.779760843416604
1.043856490113713 11.473771371294747 -2.925139324343758
0.9552228948458247 11.487307989432423 -2.8565835972843887
1.2194136253888983 13.612252858345165 -2.8389189066539435
1.1938262454415276 12.528712273253017 -2.7460361586810578
0.8287160577162744 7.714882445813291 -2.9438043054298726
0.6999077543906446 4.407068759475585 -2.7312824778889446
0.9182535931351474 10.676645160932354 -2.909299280441183
0.8891653155649322 9.106377308296498 -2.745614741548108
1.1008180145864341 11.633560697031893 -2.8794525868782683
1.1306395052375584 11.528245041780805 -2.7104282869712
0.939252177021648 10.015721191806694 -2.9445482745839433
1.1416825962796269 11.41613701739167 -2.757078559685121
1.0387303387448 9.715885165500664 -2.6947223517143852
1.0974160437999263 12.972864881285053 -2.914694423718048
1.2453284280455457 14.804718242096305 -2.7905303121367955
0.7443989578707115 6.400468825969336 -2.891559792920094
0.8446462820727314 6.304322860994423 -2.7991782399117926
0.9527554743042932 8.185521203761724 -2.803882579114373
0.6932252628210851 4.633898182164716 -2.9025012319937966
0.9905575433989084 10.804768834510446 -2.935848353044416
0.6549232728129513 3.394812496970995 -2.869394906956213
0.7259453113252202 4.591248221384532 -2.681575755383836
1.1745199635058694 12.149675045974865 -2.7800737155661306
1.2160225260930915 14.520858756987272 -2.8580116073055715
1.2212823506581154 14.607259635438096 -2.7815400130328425
1.1960484924966464 13.152476425640643 -2.7346087722641497
0.8529746777526828 8.945908825102475 -2.932597758678547
0.9888880097259298 11.275398220417038 -2.9353155595973517
1.1011427851459175 12.460149684223108 -2.9061073685633283
0.756238753842798 4.844834922880989 -2.66074516890297
1.167502697837808 13.917930149646764 -2.883982857471559
1.1492038910817506 13.272342224210332 -2.742119549691099
0.9558812068913795 10.178849357210819 -2.732128125486363
0.7329786739245059 5.868625359395347 -2.8177491039854208
0.6918004515535211 3.768233958700282 -2.8330193853659367
1.069474195606932 10.196654841759754 -2.7874972110029788
1.1770222355442752 14.193794291311171 -2.8759560143523304
0.6627240356371845 3.525477404768279 -2.8678344866008354
1.2278702186626171 13.652993870421476 -2.7640971047260186
1.16966501550525 13.305855163095382 -2.7385912273167645
1.1491819634231233 11.662646783596477 -2.7714413867928798
1.1424459771584976 11.641217310418165 -2.797862349672357
0.6673051667234714 3.9390862364274817 -2.8641758775235564
0.930543097249809 8.26850634580913 -2.6740414282196765
0.9670025716549168 9.611203270809831 -2.9115074038127258
1.176113878749672 12.652909010378432 -2.7300260277467228
1.1178410365587377 13.996858916238352 -2.8629070175340905
1.2024683553759716 14.685674789500805 -2.846112420798628
0.9194134894936596 10.312382939442083 -2.9296827953000553
0.7743598148518063 5.743426651981524 -2.888037519369205
0.8237591819976849 8.117792746338939 -2.9323585401266765
1.0566136180835577 12.634975354384869 -2.9141458121354873
1.1297687790598576 12.934043751634887 -2.7389454066071943
1.0924872874340685 13.651291128888975 -2.866094373714629
1.2244025176308448 14.364837539921034 -2.8382805717209263
1.2073179206538747 14.704486633363093 -2.816685107337897
0.986362619369975 9.743421074383365 -2.8961476565485706
0.6689573691051185 3.4721133023650776 -2.7260737648184064
1.2113256995916908 13.21716378246646 -2.8009355977540324
0.9422070040260415 8.461503115252498 -2.677184103615706
1.1321401616593896 13.224201214084678 -2.8938528799477914
0.916484787033333 9.606757079768968 -2.747430125979541
0.9028329214252895 9.875159478965351 -2.931924274492002
0.8851923734796601 7.067281621344555 -2.6765347894496334
0.9167477417619317 7.4317303607310405 -2.7029405804815694
0.7929051494024357 5.686557070102495 -2.666847408300811
1.1114597861586408 13.452984087490472 -2.8951272511428763
0.8938719051236519 9.87571726012451 -2.9212538028222976
1.1857197498533574 14.254582274684713 -2.78605779014969
1.2281641902992808 14.471963949370734 -2.7951516910842433
0.6816935897040896 3.237782272177206 -2.7175369861992746
1.0548474161828651 13.078120642002016 -2.8541502254005184
0.8093617002615058 5.537097287866668 -2.7343835633659435
1.1905290254102767 12.678597388515739 -2.7835673308570312
1.0030501046223093 12.092783609976266 -2.827103487552218
0.9496122013859518 9.232798790203734 -2.905310215570518
1.0754102961145025 10.577366563100293 -2.820134912824007
1.1226248965584489 11.682425520474446 -2.7158414476946473
0.7657244903007554 6.912748689318751 -2.8805425084395524
1.119601121434202 13.677824016677958 -2.8839256394972725
0.9516477795822631 8.028885744821027 -2.7278493266791135
1.1279118528725334 13.942142360933715 -2.8198287331627716
0.8946647852087095 7.052622858615025 -2.7500322465458655
1.176540491506945 12.40862652536143 -2.7906965856556565
0.647641493064847 2.7554465900228924 -2.761113452096163
1.114489118315913 12.7668404757118 -2.7434499430904413
1.1702425722922687 12.250278958624426 -2.7845282486599934
1.057556311970745 12.789394875886929 -2.8013408923480307
1.1604265375835467 12.053257912620126 -2.7518295051238555
0.9859052840937991 11.425755338851637 -2.9212265994067366
0.7985568459523218 5.939326823496253 -2.8571280430391015
0.7837146103696009 6.949813390882902 -2.7814414916273575
0.6356614490388717 2.669840185783703 -2.7797480337735214
0.7485841594863911 6.2873896596791585 -2.8258924245889263
0.6641347628129943 2.978163866966824 -2.714427074379942
0.8077119097477107 5.654112806111897 -2.6758799143649385
0.8824524019045139 9.674961591551288 -2.8347718242785414
0.9499254827681538 10.535696306826397 -2.929775679455032
1.0649947152557122 11.401589317858614 -2.7149725316979985
1.0967663997223727 13.098877558265558 -2.779431366237411
0.9709211988790931 10.35247601789039 -2.7330639694005425
1.0694511217584597 11.178413083544587 -2.8768494781414558
0.8355768958385322 6.920244836587603 -2.6860518706562138
0.8881400883859756 8.592273961945626 -2.926102147279641
1.1428815856171892 14.016317211629792 -2.862674546789724
1.0654821843779005 11.380004891831403 -2.8905474376292712
1.0443295329345714 11.270305902557523 -2.7204211755212997
0.859179406972364 9.23422702183804 -2.8905337028270726
1.0862507409956246 10.793407968120498 -2.8153139820750934
1.1494410030679774 13.426871161644536 -2.8771974190998257
0.9419080765641586 10.406130299950162 -2.7760363216460826
0.9819163517160243 10.67535048918917 -2.925036939209633
1.1803253773561804 14.340946690490702 -2.8173784763181553
0.6644281527820257 3.0034098953017017 -2.716551648191711
1.183423252730595 13.483703688015142 -2.8505508287605976
1.1551778861861002 12.347227680113216 -2.734119819845693
1.1536297698134157 14.064935073361509 -2.858798601249833
0.9132796994986858 10.317008771378422 -2.9051295182239416
0.8891135032473356 7.7812648894501795 -2.8780236836835655
0.6755287321437016 3.5234444737401067 -2.828835233825828
0.7357090107725885 5.960369597877883 -2.8863157616984765
1.067681779358624 13.037578287087817 -2.883821103379139
0.8645686322598889 7.587214234548696 -2.692651094277844
1.0278653379995026 10.86862208574468 -2.9019027933796506
0.6578091227484947 2.9606309290034165 -2.765787648582879
1.0973441492965204 10.866376488759835 -2.789709878006471
1.0060812862868382 9.794374745758226 -2.694268466805942
1.1992469010233537 13.879215517457455 -2.774545493514652
0.6587761655818686 3.133052118659406 -2.7289541858142154
0.9444566314916263 8.576415499548192 -2.6848349408948606
1.0208520510132324 9.791104143395051 -2.838678443172931
0.8321158173551673 6.650669046801691 -2.680184281198687
0.8288080769117651 6.452538687847396 -2.8495982417221506
1.0722546505873125 10.552438887730784 -2.7140934590008308
1.1646355565975215 13.88192065267958 -2.8610390091475044
1.0675235551626994 12.375636890932151 -2.9042301188386896
0.9936105473515053 10.753647523260717 -2.9186494302711656
1.0577153434121742 12.571033621990685 -2.7891800759227126
1.0996430053915578 11.499658696155771 -2.852096931712346
0.7475871100389586 5.5236026104419 -2.8966860351815455
1.0354049536250078 12.627557216999076 -2.8643454259644416
1.0611594593861073 12.873904124621317 -2.8846363853379025
1.1045463023678004 13.19629216272526 -2.786090727816756
1.0286384867577578 11.240449463168696 -2.733206595430981
0.6502724864123821 2.8701965726492227 -2.76271080953188
0.956288278641529 10.651180731385642 -2.77739786877333
0.8279743306985426 6.897219667474623 -2.892025952490598
0.86268609456656 7.37144011950584 -2.879892682167243
0.823062066081901 7.997945683076276 -2.798860804458535
1.0644859862085427 11.749181505253238 -2.897600757435361
1.1301363396737316 13.378694484522384 -2.7778307533317106
0.9498673749256359 9.228973986027372 -2.701467920012014
1.1163572227158804 12.837242839139401 -2.8837304935930277
0.8955615981494489 8.633735289321528 -2.71952103381325
1.0982881767976347 13.476169448353632 -2.84449382336327
1.1099904575194675 13.015918151395459 -2.770053670105341
0.97117215619221 8.784262923748997 -2.6946078006052074
0.9347892338921447 9.613573467736305 -2.9218446356512415
1.0427135262238858 11.079594440223989 -2.892608564386885
0.8872062659121968 9.775707738455345 -2.8850817374450823
1.159807041110096 12.62688769896779 -2.8315557788322305
1.1200310289017885 13.677036191311577 -2.853915364232896
0.9447749716134803 8.829252222731014 -2.6925093647468232
0.7336353581492281 5.813948330126299 -2.884438165908548
1.202208575585487 13.99612054770164 -2.814114031382159
1.1096871305415394 12.174995812921326 -2.871883706637933
0.7050998829171098 4.527380932887171 -2.8747669454954963
0.6613748089193995 3.0256844822157385 -2.7444516847306994
1.0381783582236759 11.966599064177698 -2.9067864094183125
1.1605832595967622 12.641409729687476 -2.829307935734086
0.9915187006220572 11.140245614602293 -2.9162711286582077
1.0242414926884962 12.382357455906813 -2.8551696356379797
1.1690796215888737 13.308467405077826 -2.8476091141916093
1.0391450676264622 9.786177681591646 -2.730977873851563
1.1496593838262286 12.526086094067827 -2.8387012324778924
1.0156868669361019 11.722912935613639 -2.7807531470768674
0.9768643073484111 8.829787065466885 -2.700660855475839
1.1624409488825678 13.628543523396015 -2.7801946356367244
0.722297542124885 5.46212024024552 -2.8325745745574586
0.9259279622443506 7.690603054066277 -2.7468939309895655
0.9719973310862171 8.660789802881965 -2.795296124155266
0.9434701414841201 10.859521059547074 -2.8388168630861337
0.7951199630869401 5.390568926761744 -2.700530559659524
0.9187242970115577 9.906517117233085 -2.7813250407688175
0.9535684720188429 10.19995582800848 -2.920388330964104
0.8689623049217396 8.869252707335477 -2.921212998382641
1.0769668197237952 10.735251973500832 -2.7216510974495
0.8590672185503996 9.117281637402282 -2.8775647186041304
1.1331756639599964 13.625981040543062 -2.804919375388363
0.8986295126783822 9.056927638048485 -2.9224174326653545
1.0483534775599117 10.22267544485736 -2.7132467678285948
0.8786857708213016 8.645564851624862 -2.9220058450487465
1.1060182608403475 12.179974475649425 -2.872160292779706
0.9178482141834785 7.831687062972487 -2.691222315281869
0.9997227017713448 10.249716592151314 -2.713870888666371
0.9568159309166462 9.90522697441806 -2.730291298579356
1.014451509069914 11.113166388579412 -2.742979420489281
1.1150128864039353 11.756403652055536 -2.8374760160648647
0.9609275328310208 8.789665190869314 -2.6944607675704173
0.7630303415900331 6.045707841933184 -2.749336062065254
0.889489527960464 9.419889082171037 -2.916562045414974
1.1797018829727364 13.327943050698517 -2.8284972903795484
0.8785589012711399 8.51445423521494 -2.918646776681012
1.0796067732120247 10.569045534426806 -2.7556864417324296
1.192162441883363 13.794459873060505 -2.8040362149683036
1.0495537615414245 10.037954839398921 -2.7805171105323145
0.9720643186675296 10.958343384001347 -2.911909196192291
0.9437112474025875 8.424209864409557 -2.6933663449409266
0.7916448555638295 7.079448986038608 -2.7867929549591888
1.0001619439860594 11.807004515938223 -2.88724114004161
1.1187431572741493 11.649868722271492 -2.7366359128132167
0.9939132081687184 11.538420649348424 -2.8045604385230334
1.1695475383024219 13.759989637511778 -2.797169931115576
0.863866417523907 7.700822825516047 -2.895546540775305
1.1867480815575777 13.251517559520234 -2.7892791799320316
0.975255645672451 11.166591711626106 -2.801206930813086
0.8821594873253014 8.532508693054861 -2.915767438622948
0.8044838557761606 5.7077371049626855 -2.785245656727353
0.9568223580669075 10.467753668547523 -2.9160337903798785
0.833225205274106 8.166420704475861 -2.911747273557874
1.1013505348572377 11.38470397027918 -2.8261187552682414
1.153265152469186 12.276286813855503 -2.764232225074812
0.920467188119604 7.655826440973705 -2.7208860728959534
0.676641758649924 3.5341147149733967 -2.808856437066371
1.038917013002656 10.0722473076856 -2.7157946795137695
0.8325954390820623 8.438511154550973 -2.8664728759657376
1.0060633393705418 11.573520192074936 -2.9021553429290856
0.959475262159954 8.937779865294743 -2.854119544253208
1.0491862791083353 10.1308858708712 -2.7949363951450765
1.095162955013615 12.248647036015287 -2.8773236181527433
0.9285451817641225 10.499132172363673 -2.8857129486009674
0.9592971692761736 8.398615660287003 -2.7741997824783926
0.720570592164127 5.236341179648308 -2.801934131196134
0.8074349166534274 7.756142542000087 -2.839836015386921
0.8466177246883428 8.223775109018312 -2.9160100418825383
1.1453577558847925 13.53424611135302 -2.8488764171181966
0.692291973450045 3.715940842605897 -2.787637517531352
0.7310788012171071 4.539390539644085 -2.6945534985487924
0.8797072401007555 9.506732137167731 -2.8660037680595583
1.1807838170775098 13.305164458513651 -2.798927641789636
1.0881130852275385 13.13307825323593 -2.83669387543454
1.0110710757585506 11.977187590359094 -2.832531154568412
1.0625607443321798 11.908142342046357 -2.752376808064734
0.702906326192532 4.541833510537439 -2.770038701821788
1.146041292130322 12.235224121142922 -2.8044964930854372
1.1082329181093882 11.910537172585748 -2.73671768346364
0.8966175366717712 9.773308131965592 -2.832491004279013
0.9298053014989058 10.494505860317243 -2.8395438532549537
0.8925882965467068 7.595732077590686 -2.8376444984100324
0.8004852596513244 5.861206220186831 -2.82309312819748
0.8974498463564633 7.342384814644232 -2.779806568738552
0.7853349208441264 6.073517597383985 -2.8768260716842247
1.0409926814173562 10.906266911733097 -2.875794775876056
0.7835629865671115 7.157371202454142 -2.859491515637115
1.0207289068145586 10.529429154811817 -2.7192921067556375
0.9382093831711407 8.784455284561872 -2.7016176639436544
0.9185408034224285 8.821167951145675 -2.7149744844939994
0.7471883373324414 6.091716624961134 -2.8772659606743756
1.0969145840736798 13.006079235849493 -2.8000658244315373
0.6661127823555416 3.261495180572004 -2.7537089261855976
1.065931853608478 10.653242287232619 -2.8181713160052846
0.9984668298816557 11.429770461460437 -2.792204336855182
0.8985111610114302 7.5560253346307675 -2.8162167025545735
0.8150415234094347 6.71924537065384 -2.710698603650901
0.7661068470771124 5.024890328380541 -2.777357655925636
0.9303836844122388 10.522771525636816 -2.8743575211545482
0.7334845790597389 5.572687876974458 -2.8006408639422338
1.166825476437563 13.10638434626793 -2.8194370973670644
1.021623807904729 10.941998841979254 -2.8923413066439494
1.0046870768349008 9.381273843684676 -2.801138407724295
0.7353716692870615 4.360990776984521 -2.7229106820303426
1.075292656603121 10.606718648421785 -2.7647740191423953
0.9936227217722196 11.104727176671537 -2.773201769923483
0.9268806134370599 10.135129568874119 -2.799154338335646
0.7109179038608846 4.715351018658949 -2.865637743645527
1.0969484105434475 11.55177753892438 -2.838942097844826
0.8275328231222319 6.562628240847094 -2.693054549928441
1.1585302496156764 13.55521810276906 -2.816620094648636
0.9465880159892651 9.687310833845022 -2.905237281833881
1.1257468120580723 12.950529885192445 -2.775132217244323
0.7291145437896549 5.552953767842104 -2.831637683401168
0.9056719253420845 7.982818934032993 -2.6969422453357197
0.9276006435131825 8.702141095802443 -2.7062086806715238
1.1201018032768728 12.175794876120696 -2.8418549818130345
0.8892678880605872 9.637257261644416 -2.8524912813404244
0.8906556337345015 8.933808176897768 -2.757479231741224
1.0444525153098885 12.028832000067835 -2.782331398436841
1.0989999353149473 13.120880221871394 -2.8224882015474133
1.1365640020664782 12.22346979033919 -2.815865380671976
1.0299674496710336 10.556039693722983 -2.720374299714212
1.0112225573983158 11.244115984348872 -2.7635012224065694
1.0469461592336522 12.150724206738152 -2.885120332614041
0.9934841565648522 9.045629865839306 -2.74308452570416
0.9950234737181196 9.177351630011726 -2.792201054179004
0.7022337823340288 4.6299934877776305 -2.856591004352361
1.1426657533968307 13.168330443092302 -2.8434512328518986
1.1429713373592896 13.098770180146595 -2.843241375490086
1.0948943892641307 13.004661500147755 -2.857638720248012
1.06639246180414 10.751012546155833 -2.728453926734018
0.9775284745600152 10.216933914938911 -2.7363064817276195
0.9896492252769219 9.780278926357541 -2.7126730431197346
0.71093892499473 4.367642226231494 -2.8347513397091335
1.009900826341738 10.338886283998615 -2.8765226931237455
0.9115926330914245 8.61034613237649 -2.71403031920773
0.8847406367212668 7.0854128545854484 -2.7550624320404404
0.823361943850282 8.119343163001036 -2.859354034008219
1.0418647295448533 12.395543990735863 -2.8555791639292263
1.0692345712189908 10.944090461093689 -2.7283371149338427
0.8632880900152606 7.66174727357595 -2.7117756466170277
1.1555530310768565 13.278099372145448 -2.827268925877191
1.1354728806902092 12.881724267576216 -2.846030550275831
1.0921893142660548 13.033307091625845 -2.8436841936162205
0.972028581886357 10.730437599476646 -2.9034207846004287
0.6922397916592665 3.6502493304840766 -2.737846536619047
1.0575021598532628 11.204686481208213 -2.8664294286747287
1.1037895283052204 13.121637638225478 -2.822185876302191
0.9607069640778794 10.921510331616659 -2.8220152071885067
0.75772645220774 6.35203086528011 -2.8689106974703114
1.030048911500739 12.200124128568774 -2.843281456366213
0.7559259067947581 5.750145838612536 -2.88175911037328
0.8512356142532836 7.7010408522853355 -2.8975744576456077
1.0538245628432614 10.994527323886318 -2.8589616005369534
0.9594226179263076 8.68448288213119 -2.709300077026963
0.7702072091925037 6.479031158178867 -2.7931034834216053
1.056896041408624 10.421705461098336 -2.7996278185643
1.1300417721932776 12.546619005800194 -2.762368841551209
0.7683306831190003 6.442283363410608 -2.7950686696379643
0.8221160751742564 6.905267948633853 -2.7172020257614067
1.0259606268333714 11.299287903215523 -2.7550823665069477
0.8515737073178533 7.7954714123343365 -2.7352453094773965
0.9167362494446811 9.746621433967528 -2.905922089083055
0.9130616499954178 8.701386841247558 -2.7187458496483643
0.9385362359264606 10.438770997687795 -2.891632685266357
1.033350430827927 11.248021680751044 -2.7472933581902055
1.0171291008150185 11.588496741002709 -2.786414958117637
0.9337396425710074 8.744164137592133 -2.70797116369537
0.766918697671832 5.7087785045623995 -2.866576699000989
1.090252911692279 12.87062802612804 -2.855591029798364
0.9362087284297411 8.947899923138415 -2.8783082697010647
0.8841339103882682 7.130766869360147 -2.768165875308346
0.8330913788032077 6.489736866452779 -2.821292189259987
0.9164083210723031 8.510448661721696 -2.7093095556200097
1.1233231491722138 13.197859761837886 -2.8374494895817675
0.8449149912997459 6.434746284668212 -2.712869026216051
1.0831846964272749 10.913213275716068 -2.7861441770469844
0.8771053961472248 9.259894102274677 -2.8352653400589802
0.9499932984459214 9.27351169394632 -2.8806317322991326
0.8736381776979967 7.837631971696981 -2.881205316561609
1.0522136335841135 10.902076165303892 -2.8526468825527065
0.8643883535492645 7.107414027107293 -2.6980356970764623
1.131699932365977 13.107395916189846 -2.838056235951014
0.9242931706892412 8.97780348037685 -2.7238056993018684
0.8298344434485511 8.132061898686676 -2.8259102816496853
0.9619626374902166 10.783566540155649 -2.8923275682519045
1.023785782548135 9.878113140844803 -2.8099126558485183
0.7495072397160769 5.232045314833929 -2.8498112225865153
0.7620441874006445 6.440394152734013 -2.8660943496496527
0.831046101938566 6.159004432177403 -2.7232726905835714
1.1175800274771803 11.70436845165146 -2.786116439881723
1.127222312484118 12.258928054016934 -2.8240385275899715
1.1337213593433861 13.1314638257995 -2.8005022192420026
0.8693861535096272 8.574401393802292 -2.9057122524206083
0.6915374353602365 4.274118638829256 -2.8074567610058976
0.7480475596735079 6.049400395119688 -2.8411278776986317
1.0729436589948063 10.771067169853914 -2.795580008043748
1.1173137885518991 12.417854826377578 -2.8445254943863074
1.0053045988882332 11.595602587606635 -2.8796665381581885
0.9726936241230741 8.726347653517983 -2.75918816919879
0.9073220828746325 8.179465797546492 -2.705733445523099
0.9251604969905981 9.159057822549812 -2.7332368491178682
0.7422212583261799 4.595585941414695 -2.712181470859982
0.7877542420888005 6.0198352259317724 -2.7115326658361845
0.7760416230633642 5.182330040364372 -2.7171330717152076
1.0775531339893332 12.708884699394229 -2.8521269981239383
0.7719865294065229 5.503123374840727 -2.833183677018793
0.820203071478457 7.385640276847668 -2.8992671067219016
1.0995691310697602 12.961325238752474 -2.819726914469279
0.7140657502795144 4.485389912791707 -2.8347505633082974
0.8875560513099756 7.413835217131284 -2.8119902618204957
0.6773699045767314 3.604104304875706 -2.7715454412330547
0.8447287442976331 6.506069001499483 -2.7068282261379393
1.1096038550251228 12.79914071198139 -2.7884531952151637
1.0884157531608372 11.167232711688788 -2.7487932989970187
0.755047703287631 5.945608498054676 -2.881378139517514
0.6941231590192696 3.9422613613740793 -2.805514355343642
0.7630982973572158 4.967659517007479 -2.754798422889559
0.9331792862565694 8.447425144723182 -2.83917659582368
1.0560374944090656 10.580577930413375 -2.8154723790526077
0.9865544890945539 9.03050653602399 -2.7758225934731433
1.1395930397839877 12.40861769621568 -2.7849524628833127
0.7630384987672174 6.0213260417253 -2.882402433108484
1.1332333923663591 12.734347904745672 -2.7787166530601946
1.1262195448074004 12.086022887191215 -2.8059046979747166
1.06829385913889 11.20605223215867 -2.7374243218093444
1.0900685985638245 11.207214879306022 -2.8029272596461174
1.1058591186864364 11.658093251228681 -2.7546109232521565
1.0280689818022224 11.337363855233665 -2.760441940473836
0.7807758094141006 6.063893859331204 -2.8708994909006607
1.0554016803345903 10.58356983552317 -2.7352627932132147
0.9772535556080122 11.20049227765514 -2.8321340643397668
1.1020057733086408 12.884142998315939 -2.8457604138374784
0.983296811392951 10.701572703823299 -2.8956293001300493
1.07302159340864 12.544405264849088 -2.859249735592423
0.940143494339114 8.990725817706716 -2.715869087725233
0.7286733394814443 4.362457171355695 -2.75759462215611
1.051700266523458 10.283500419486362 -2.7664991081509522
1.142302651745647 12.875250085861932 -2.7923392115740624
0.7996024391279584 7.185472174111473 -2.890893420185165
0.9533042687814246 8.599066615857833 -2.8099428827886395
0.9400102849119348 9.433584586835435 -2.8929239807470886
1.0455449789842959 10.459886258379525 -2.8231668215471277
1.048715652390843 10.717551495602237 -2.731315682061693
1.040679389177698 11.064940397007065 -2.740249027153708
0.7089173653118334 4.806384016029277 -2.817342513480801
0.7708255432294195 6.537242880540458 -2.810161264821587
1.035704704525259 10.033577702764086 -2.7438148079166167
0.9034448701415514 9.674571381962174 -2.8878058312105157
0.8689117923857688 8.823716534527001 -2.895553963194405
1.0935089452821554 11.987179561531176 -2.8502889804897116
0.9798415344959515 10.684637560955663 -2.8942593023074417
1.0795928123973415 10.974066816802988 -2.754022926653393
0.9382508217512632 10.273483058770694 -2.890830061275569
1.0476291413282164 12.05503156137638 -2.8716787377048307
0.8984307610745746 7.795207349299618 -2.8332575835629767
0.8110620164634537 5.863822999359596 -2.7600799795554476
0.9191363378761124 9.063842620167776 -2.8934238539968336
1.1274979573591022 12.13730717324587 -2.7857114974176866
0.8909531640723996 8.386294182592106 -2.8883830687528302
0.7902155896936831 6.696988251259053 -2.7658892099120194
1.0215346120908855 11.773386696708746 -2.872361272440588
0.9190522990680876 8.231650401962533 -2.8396931085902883
0.8260139435210831 8.01347491097406 -2.875324785528964
0.7787380098715302 6.831211770959233 -2.8357500413269983
0.7011679067706115 4.505595889883169 -2.8037232001488066
0.7351937414167694 4.599245017669793 -2.71329571065882
1.0886785732843496 12.725891134739355 -2.8173763124097926
0.9349601802157137 8.985453934835757 -2.8751958723411493
0.8879231691568266 8.531346728274812 -2.7416234450911334
1.016415818607546 11.533641783497947 -2.7927511546637254
1.069603854685347 10.727676970918088 -2.7803568212765395
0.8625051955543288 8.820019315415543 -2.8264088235034586
0.7714054986160147 6.151457291729863 -2.879065641411922
0.7691410536473519 6.351761581215761 -2.879865658228096
0.9717774489052928 10.636868820188257 -2.7804484973061943
0.7953917085061087 6.9586953040519495 -2.782729433593306
0.8975927224622384 8.568209733166807 -2.8896211636945406
0.7669318117045033 5.242445310038727 -2.7064868232005823
1.1096256248975922 11.859088183406953 -2.763659451250536
0.8722146273998754 8.726881813038691 -2.8978695092373785
0.7071966644899912 4.674733908717345 -2.836592419586952
0.8677746980327548 8.858138545303065 -2.8135075967377334
1.0365680286187464 11.668472142253723 -2.877251821660066
0.9167312427309007 9.839132213539504 -2.8899188431270817
0.944236277025047 9.541123197547925 -2.890269053136006
0.7849703500477344 6.940958924206571 -2.8237094981622493
0.7038194308379468 4.5922888949408875 -2.8256254629902786
0.930460014411606 9.129077456261959 -2.8854145195532848
0.7701415258244892 5.114542722751046 -2.7379865398331225
0.9547343297310205 8.651063850672006 -2.807490462260313
1.0703882363852153 10.764752469514535 -2.77703741742291
1.1058070561772313 12.795506925665634 -2.834218748112014
1.0453171305977358 12.163765187777283 -2.820040660426575
0.714282572989699 4.832762115239305 -2.791107710127277
0.8725727615272036 7.475424070646048 -2.707758342163987
0.8857345464457764 9.313773031757483 -2.827146456805049
0.9743248606648436 9.109126463163683 -2.72012746242085
1.1191672507281831 12.083617424657227 -2.775859536642065
0.821949990011329 6.96547473524021 -2.8774021740899824
0.9543600688486321 8.504472645931088 -2.7782791153665474
1.0520718611562194 10.385198306845474 -2.759800126578065
1.1130801693592067 12.776532109348958 -2.801930303947527
1.0579311677056085 11.322594982067676 -2.7477632457331906
0.8235643821827809 7.1614159818275445 -2.7409341872016766
0.986807205387797 11.19622040740107 -2.874491055393949
0.8310017964753023 7.702812270367736 -2.893675957234316
1.035007655053347 12.00839630556649 -2.856812791009264
0.9217536422617278 9.758743137258298 -2.8941577697429133
0.7271977845101646 5.145676784604215 -2.7818449196050947
0.8561920770499469 6.747964070840475 -2.7176007681484595
0.958025614277576 10.359945548706076 -2.8917925774950834
0.915158380132481 8.140559570882306 -2.833758609374125
1.014887547510114 11.685711975465667 -2.8200353675444374
0.868830485504895 7.023030814032674 -2.714266314469049
0.8621589295125749 8.47594719903805 -2.7837032134685593
0.7160268009290309 4.445306951197308 -2.814922038871643
0.9631624862485872 10.402625206299113 -2.7766246205933207
0.8463861890120241 6.950305763865994 -2.8389708099225484
0.9114621437761217 7.783594620598919 -2.7894501456206138
0.9897841402209895 11.2487892851377 -2.8173326963240313
0.8241461930606618 6.826536251859327 -2.7193480898376468
1.0612176502479906 11.971885012833205 -2.7798754326150075
0.8974514519557424 8.443970085952781 -2.7286651443067256
0.6953698868344909 4.2111210750679335 -2.7896806976591724
1.041351493527363 11.186192576200792 -2.8661325151015618
0.8725071302445702 7.980472062616933 -2.8815529544658434
1.0941982246926498 11.46106439300999 -2.80434477420966
1.0977840419154938 12.359978018590795 -2.8447111956596176
1.0268662159646766 10.016717877846196 -2.739335333163303
1.0149084785857827 11.706403194100172 -2.8567373874392965
0.9333810217832093 10.015884020788073 -2.890457906969694
1.0743838556786618 12.407921456994092 -2.8494509583201117
1.0416055050238415 10.483545020845733 -2.8236801947541483
1.104981757536089 12.691262234875774 -2.831783359279961
1.0393407622427957 10.868990112724962 -2.854723809927725
1.0232401992038753 10.759695101145432 -2.866730472784484
0.7837637866267122 6.829054790443178 -2.8128677265515747
0.9263249700990952 9.652365355689255 -2.7724252505302687
0.8601705120563787 7.597881962186854 -2.7223472587469564
0.9683608644493163 10.812178336369445 -2.810693193718265
0.9054177716118346 9.549527867798936 -2.8042071607702423
0.9713729509718954 10.446816700919106 -2.770207873259953
0.8890394701492226 9.240323621511875 -2.8868057441148323
0.9421466722201706 8.7515509313737 -2.716347342054469
0.8058361377520675 5.792940703688566 -2.7486944104912334
1.0078674849307168 9.619097709744247 -2.7971759452979654
0.7520213010499542 5.281412658087168 -2.8388856476118316
0.856137086807328 6.742590165145413 -2.7221861930627202
0.8077278109841253 6.1697798204098975 -2.7085672722667624
0.7917694897179848 5.946173879825386 -2.712162491060325
0.8538139351085756 8.066808246807867 -2.7636341382373595
0.9476621000968035 10.085995875149756 -2.7759499728158783
0.9607028024243713 9.335900920637334 -2.860811336087283
1.0707328600507302 12.413363800453883 -2.8187712179603315
0.9705744744890279 8.805868273221218 -2.751380850813442
1.0962794560871458 11.50457895293293 -2.7711951657424017
0.8957972108900625 8.924340127600694 -2.8944903277940996
0.7354664849360828 4.534448180701599 -2.743189216617689
1.0320237304253421 11.510172729727522 -2.8727164808840273
0.930269842357339 10.238833818992125 -2.8471062748950384
0.9269982574912332 8.511699327351646 -2.8460234085051104
0.8220060512091251 6.130787938518916 -2.76707165622281
0.9893782594862969 9.23159345369387 -2.786629752900274
1.0299344666268535 11.604136793525871 -2.7885820409254767
0.987817427183449 10.867037380796496 -2.782840353307736
0.9800619772361989 8.996030846361599 -2.761009074495383
1.023287126583614 11.785163354344132 -2.8539937016336636
0.9404314547659927 10.423734168879633 -2.854420089315676
0.882746182038612 8.893739743791706 -2.8921949971296756
0.8925538418803723 9.180360811783427 -2.889921867640259
0.9971880405783862 10.170958379368752 -2.7358040287863514
0.8057786123474207 6.358764353311953 -2.71797475345062
0.6995516214646704 4.056676499020533 -2.7596621267192916
0.8632404139567893 7.689197387424462 -2.872039259908389
1.0415369098139708 12.030292324756058 -2.8472856423332455
1.0929680117224814 12.017029845354276 -2.771648005324584
0.979604454603445 9.808731937299385 -2.7319721471473875
1.1094788709107326 12.558010503794572 -2.8222990024736094
1.0295542588758027 10.057477566042458 -2.7483593743894943
1.1057412982060435 12.503551887074638 -2.8279745446512625
0.8456625846743173 6.930970256278327 -2.710989221928452
0.9031404820063867 9.132902806367087 -2.7697184419356127
0.9600593038852578 8.637167547558072 -2.767029063336268
1.0692124487478094 11.497906111740305 -2.845064243515007
0.8764259298865871 7.593722211386913 -2.8454465506582713
0.8453645933676575 6.721991283716036 -2.804890068999946
1.0799324550662366 11.421838804860187 -2.8244645624240357
0.8873953402358141 7.551345183599641 -2.816969938301191
0.9954437999835761 9.581496107607078 -2.820265370317393
0.8793966722743312 8.778369729945808 -2.8909052899609327
1.0313469406621127 11.524764298916258 -2.7831802160932044
0.978786478821543 10.470342935951724 -2.8833845265931144
0.8478615889219588 8.326021244079731 -2.8119221177793325
0.7764045999976372 5.3519696487833865 -2.72014135663076
1.0729782489421642 11.818786026417795 -2.8497779070914664
0.7125574872202578 4.201274624587468 -2.757468617105948
0.8392729450158735 8.258671003479186 -2.852151941056486
0.8803774232720358 7.544807003745171 -2.7132398883704827
0.8557505166346212 8.551786643902329 -2.8758968217129475
0.9344095254496141 8.893908271379821 -2.8622631963444505
0.7834797651224119 6.232690216044949 -2.8665031753034853
1.1018522883548103 11.769297925685123 -2.7811987781303076
0.9401170684543194 9.042800046061403 -2.726871324331023
0.9209819487467159 9.545802985498586 -2.776356239032312
0.9648728088233565 10.16101061130723 -2.88489595329927
0.8690568598317687 8.140747012120944 -2.8858641785314596
0.9208235788836219 8.131381359999496 -2.8124185379697404
0.7178319500131511 4.673485338889492 -2.8273163620297477
1.0777915005797973 11.20319512492928 -2.8064138444629005
1.0339264938009898 10.117607969609855 -2.7778821268209875
1.032942325979778 10.317097965180956 -2.817261237088651
1.00932006445054 10.580962997923596 -2.7473420017706163
0.9220696381651874 8.868223216358908 -2.7319858937041515
1.0089214183308766 11.503970967880369 -2.821733582031621
1.0292101624149121 10.152632048054258 -2.805797392646237
0.9755634694085975 9.043439515924986 -2.7358022433944877
0.9410033955991289 9.192430588890154 -2.8712647885715974
0.7555132706044394 5.975544230885859 -2.859399904685646
1.0445597151033514 11.490767388851252 -2.770459467858383
1.0541809789550096 11.033731775875879 -2.7501187280221884
1.0909114742407706 12.293483462831281 -2.793343534627347
0.9045532704725978 7.634436539872445 -2.7635696565282286
0.9851261661065671 9.98482328914352 -2.737855252781265
1.0477545514046827 11.024373848920545 -2.845157370223589
0.8062101470095147 7.12316153684805 -2.879946860299029
0.9305705861171554 9.089649967917214 -2.875558379838767
0.8314917068430443 6.366502647249161 -2.7219403055152283
0.8766581439084831 8.20988248691567 -2.743104299842944
1.0908659502123075 12.05843548592048 -2.8337882632241227
1.0110837908789598 11.075892711780332 -2.873407053975514
1.027821094008011 10.119034455351558 -2.8022059334984384
1.0347676381589657 10.190925193035723 -2.7576370459271633
0.9539472113205048 8.663196309128466 -2.796429997005201
0.8887131712589227 8.85845480337371 -2.7744505322567887
0.8276014324868526 7.94679967567304 -2.8536691374103667
0.998571261221772 10.594995920229334 -2.757378009729516
0.8986937982990684 9.507625098468676 -2.863507976020869
1.0668238638448049 11.651958712932933 -2.8469390077758905
0.8831060083620723 7.544130410398157 -2.7162954481082418
1.023140696133828 9.926259191999161 -2.7713230008867624
0.9293130250523018 9.711155517251735 -2.886220696171825
0.7987930182351071 7.1950599622005615 -2.8267175839692023
1.0423207688819938 10.953773197887848 -2.846304237482728
0.8286097585224517 7.922026781705674 -2.8270018854197807
0.7971836877024574 6.680250776215891 -2.7589621738176007
1.0795254617758767 11.291576975082261 -2.8033341317695473
0.7260797157165637 5.123759860749025 -2.8035649870261263
0.7216641138435329 4.4243752157685385 -2.7750069532224995
0.9924528095915732 9.432676245653129 -2.801243529126378
0.7131773114498606 4.275951353594776 -2.7597411138802563
1.100950930760376 12.298517429254833 -2.815223791475473
0.8215750056561006 6.267512886036261 -2.792718209898969
0.7799534226486213 6.526789998353294 -2.868620250235846
1.0272482724073146 10.567833163264643 -2.7443657466301135
1.0065119066967647 11.17942054682071 -2.8695721399892005
0.7481468905975319 5.121067265523658 -2.818514481326109
0.8346737186383071 8.032505874720602 -2.868783139837304
1.0106827454990648 11.468138333952073 -2.8213617356008225
0.9935060040700063 10.553702846511866 -2.873453317582293
0.9106663417420198 9.747150123872034 -2.84224610239521
0.7620184077557289 5.109942001956771 -2.730718900384246
0.895674522723469 9.344635834999627 -2.8737510466005416
0.7994035888399449 6.998578757214496 -2.87383412519546
0.9981251507849315 11.297970302178506 -2.8290198458954414
0.9066933047631611 8.428893254669166 -2.8623068280776582
0.9230435677973428 8.402274938034099 -2.8352646267476125
1.034979799356268 11.578692389586552 -2.8600900182070452
0.7793834467237036 6.232079057678752 -2.758096373982047
0.7302689211672758 4.537614147279022 -2.750671165215783
0.902461575396651 8.270038955631183 -2.856800154128482
0.8136791486371532 7.4582778757870205 -2.8078865427518958
1.0863662093739483 12.087854625859613 -2.831687272990668
0.895104365728007 8.929586067093913 -2.771675348549358
0.8935161896609958 8.294001098174487 -2.8687972446931074
1.0152295748063591 10.238112665811142 -2.7406806038314984
0.7164567681526504 4.389934225564045 -2.7827351622587493
0.8715335692027503 8.90212106173255 -2.83562145692144
1.072167507620379 12.138226738934119 -2.8043431516833435
1.089071268001224 11.576823852723606 -2.785168053186653
1.0713803319193027 11.491136818104023 -2.766621388167004
1.0940519634880812 12.207708076054352 -2.8010902275524048
1.061193404558097 12.11028345642163 -2.8242776510820704
0.8537758396888325 7.340538306425571 -2.852950032081234
0.8362794165104414 6.9124112610953174 -2.8428679829999446
0.9100972070948261 8.14778650205519 -2.8323054969706867
0.9149569644404485 9.574231197415694 -2.8803955670243218
0.9999995752876879 10.28821802762036 -2.858689461678774
0.8388742454711748 7.339327772222735 -2.74001390108026
1.0117560326213266 10.753470293113619 -2.864473484139069
1.0288404582806356 10.646854863705244 -2.748440519565305
0.8400329255666377 7.086505254159152 -2.8520266387015445
1.070196067986088 12.016485404725815 -2.7954797772849167
0.7184123761339385 4.783245168062107 -2.8191035581052675
1.042206781486783 11.052628547886838 -2.757449346175745
0.7742731848541582 5.37522655905243 -2.7768863957045866
0.986318499087854 9.348509391859897 -2.740760789750377
0.8940293492806343 9.290543342457623 -2.817867052428503
0.8395172789071498 7.021290371117989 -2.8467752238618393
1.0410285397881962 11.101743568658362 -2.849466607148168
0.9535799531796454 9.820255662758527 -2.8780151906808964
0.7687543934201152 6.131355822842053 -2.8607465698149612
0.8853488392532821 9.091295858459103 -2.815138720319962
0.9182061074789407 8.198404456197792 -2.8198076654149853
0.8628721457833398 6.988531324997471 -2.783585626391699
0.8177815846520077 6.758944568021536 -2.7325981767129734
0.8673704348701098 6.999109669469289 -2.750138709202125
0.7273248606825161 4.559079082298048 -2.7759374713483016
0.8523883591737174 7.9273447103332675 -2.763396180230944
0.7372140836207232 4.842097719917641 -2.73869297765322
0.7789729675076869 6.525022632525923 -2.7994413164792964
1.0284555146241317 10.13074466033882 -2.7621031277148447
0.9606526789128044 9.67819049764877 -2.744997351162126
0.8054317698480973 6.5941210593484145 -2.7397462361390277
0.9727976679946968 10.310886350622008 -2.8759990826788773
0.7920336211888848 5.792302087509652 -2.72168134652782
0.9133223814629385 7.891476084372064 -2.7803763843742306
0.7260804440710792 4.721138462637089 -2.7528107351008964
1.086599865258767 11.696798710367164 -2.8109647191755265
0.8100101772424837 6.043808445165063 -2.7250430099483784
1.0917883665001313 12.124433885698831 -2.805336965678861
0.8644713510413808 8.345585663646155 -2.882439640985211
1.0490900954751823 10.640226372355274 -2.7995206243814987
0.9881979494665787 10.682958091617987 -2.7786276946236343
0.8799024339060468 8.754543641973104 -2.787267279397361
1.059380621605213 10.872658948924347 -2.7982957581830754
0.7773109818977512 6.549619439016664 -2.8147525433063416
1.092148142755127 11.896276685303892 -2.8021396462852985
0.8565437087731216 6.840058969071631 -2.735433566442026
0.7578243714039674 5.78396992407873 -2.8521225598509514
1.0624450970322308 11.374120956506701 -2.833616638294325
1.0275679964215128 11.664351094282987 -2.8363759984837045
1.058090111654677 11.05237019160303 -2.7617975790307243
1.0833165360269903 11.825713375607002 -2.8215691752707732
0.9523754211007104 10.080354154451635 -2.8779793501675934
0.898210945305564 8.004159644127794 -2.8373545803907136
1.080667486824953 11.4332472647361 -2.7952519836819345
0.9257230925891125 9.721470133171536 -2.793410017531461
0.8634384672317889 8.569550628332472 -2.8733331134017557
1.0551919984439642 10.921158554289748 -2.8148386115392388
0.794427924081089 5.727651008259289 -2.768583216207229
0.9686479285385317 9.045241516787481 -2.738269914394986
0.9683549313451267 10.683357716949317 -2.8617267338493706
0.9853905476338181 9.477639293677282 -2.737907514820928
1.0469809307220148 11.352245166001435 -2.771006226022375
1.0566176614384741 11.982861218706988 -2.8240777978404434
0.8916406767348577 8.398261402790496 -2.742458064149323
0.8742816501938 7.949147803121549 -2.866083009888623
1.0586906567875862 10.832753778241864 -2.782692649704729
0.8482041836592344 7.70196414516611 -2.8754400013721026
0.9556465545216839 8.711872953496052 -2.7856915700865885
1.055769201690776 11.731018098900167 -2.8446044558960173
1.0577558201161983 11.844061901719241 -2.841284789104533
1.0533787153160084 11.6462982070645 -2.8463087774028466
0.8001013920192995 5.927477203218272 -2.793074562992838
0.7774832864009809 6.1359152131754735 -2.8565932627813333
1.0154216815775339 10.072448811628977 -2.746778522089432
0.9029900552869634 8.993852884032112 -2.8813340792324933
0.8438776836907435 7.38081444087352 -2.864559136444393
0.7773004510601914 5.480394539201093 -2.728378149859097
1.0483874581329038 11.882693650900851 -2.8223905183737017
0.9616979402392234 10.15749860188695 -2.7744765136963014
1.0493370540347098 11.729811798539064 -2.8453186361568767
0.9117238228370035 8.879268891025257 -2.7491113947482813
0.9474688344035669 10.326378987425635 -2.8608782186361976
0.8835839185126722 7.395069054074278 -2.786512868848079
1.0727713986389371 11.79922718200759 -2.7863408618132572
0.7842461279809783 5.6303081355782085 -2.7267758460728007
0.9416199093922832 9.108807091927613 -2.8577224321018564
1.0430641803569016 10.496051632915943 -2.7699414514925085
0.9185945014423642 8.533684049517449 -2.7293390208942125
1.0463189203115957 11.811866312576498 -2.8383231371441027
0.9057519485427494 9.424281198024786 -2.87331496429165
0.9313785384909016 8.239173416831933 -2.745666288120548
1.0263376592047244 10.43706973504596 -2.8273514832964297
1.0717400661235894 11.74048295835559 -2.784298312389391
0.987329367768699 9.562334596617745 -2.821267671887993
0.7479194306070723 4.923606541753323 -2.7418166138976874
0.9678042381343218 10.724642059953384 -2.8369394569401134
0.8459210140750225 8.257698151658516 -2.830161853232732
1.0782588015760641 11.831228184459272 -2.7893275029047127
0.8120363988106575 6.209480663475242 -2.8041410367817843
0.852745312001499 6.8147737684636 -2.7327118944459006
0.9225082377143167 9.522257301548024 -2.7820429476329553
0.8814231967308856 7.69441270301175 -2.724171116956933
0.8769203148286819 8.616999465335955 -2.7825796316708313
0.8630655698805336 7.270829446591103 -2.8248411518467895
0.9439038107996998 9.028737023882389 -2.733529148231443
1.0239010907230077 10.1859010444627 -2.754342260726702
0.9385748363635121 8.400117948853447 -2.783429883749638
0.7715365600050597 5.781955446364354 -2.741892393023619
0.9709314110593015 9.608592934766959 -2.851057148009402
0.8289868053686676 7.815101469683309 -2.862851843704381
1.026417462646692 10.31579559289013 -2.7526771114103523
0.9509644105112219 10.41803282016153 -2.848408638421943
1.0457470321795381 11.811595997727553 -2.8295212304237873
1.0023422286973012 10.95656449855218 -2.7869744261636287
0.9696353070654171 9.964565919768276 -2.867567647438938
0.9660251767609636 10.132844350752281 -2.8725809489571796
1.01602591240921 11.393493360225735 -2.8480626411154963
0.774669191283653 5.972490367258192 -2.8478521136531856
0.9344063513131177 9.03373693942738 -2.8600889046008025
0.8461171790551102 8.255163796185577 -2.854845671948251
0.8268076373757285 6.501527403305492 -2.723744439318562
1.0653189431306118 11.79736479324652 -2.8323862701588
0.9334350878955916 8.282517484434507 -2.7726509385648623
0.9762685445517245 10.577618194225037 -2.868182457856684
0.7497988494763671 5.647171486492182 -2.8414508396501903
0.8531206336266375 7.215487578030678 -2.837228678108855
1.0416921187493915 11.74899858742174 -2.8312502212265533
0.9432017207375215 9.81466865522939 -2.8757383881517686
0.9411719662978323 9.352555946971203 -2.867841623518225
0.9698970647051686 8.993331034750856 -2.778683855909531
1.0021229048719833 10.679766862212672 -2.7685646713107035
0.914048321877787 9.065459036953333 -2.7601539654530955
1.0151149011826184 10.428502235861416 -2.8413902235079327
1.043557325586939 10.975391288663516 -2.762663229692034
1.0461242500240526 11.445391994082652 -2.7817748799730797
0.9420759881085716 9.678573224117248 -2.7673004031072925
0.8793666703187533 7.417081110852953 -2.8015421344862514
0.9543849501714476 9.29899646416444 -2.7385778184280003
0.9220467878329832 8.097177364591742 -2.7444046722433386
0.821160041282097 6.363698194206695 -2.7257824728455127
0.988701295449272 9.547418288769867 -2.8128686852191316
0.8229774816252892 6.971199094462423 -2.858929719259518
0.8443092198208542 7.213737975063887 -2.8500380139776826
0.7396439260482731 5.190267650980698 -2.826257054128477
0.8873888392635731 7.427409716969965 -2.7638429260299957
0.8735485941092107 7.524247900612886 -2.725678193582227
0.8454441942773714 8.067701703055908 -2.8705453572090947
0.9487433361619244 10.339863377773085 -2.849089992790276
0.8302228453927806 6.481919961586509 -2.728861385297758
0.8621881294439899 7.269622665196656 -2.823829319445462
0.8124954546444422 7.018636476549917 -2.8667420635861838
1.0170554854424392 9.966184925515702 -2.7795809170775057
0.7569416797328865 5.53874601184064 -2.755000075105365
0.9892263662346177 10.569594924654313 -2.8650923706048426
0.7891331267245317 6.78399453041914 -2.852900791421702
0.9833101947667982 9.653191104403376 -2.742010212286514
0.9491439302479667 9.372890998336663 -2.859803976531137
0.746833024774181 5.487848680094991 -2.781203886466134
1.0417980400226785 11.679296977630987 -2.8154868832318023
1.0195647164054833 10.55216217042358 -2.7562578214359412
0.777797018747772 5.48075117159078 -2.7401209510670768
0.7666408326960664 5.835866178494383 -2.8433958466163487
0.7971770110346794 6.0943364211823425 -2.7298075450744608
0.8262457311901599 6.47266734926302 -2.7272706357554517
0.7778906314753995 6.330385623800022 -2.854351962318434
0.8360959137424504 7.677447345356784 -2.8714785318418974
0.804593379096225 7.120177518580617 -2.8038248359050955
0.8209612030603397 7.3751171663400195 -2.8682227032480783
0.9058339105676231 8.786094983688805 -2.871058681125643
0.8976063302478768 8.581590293034708 -2.869585314203726
1.0517852984052456 11.762310877152707 -2.819531053193916
0.8407595507525518 7.410524414842008 -2.863776524023072
1.0256858643296378 11.049896575500059 -2.7752345352027312
0.9498762874313551 10.062965714674053 -2.7900937106068016
1.0073275876032421 10.90137723255835 -2.857774090572084
0.9692340389575904 9.062554859085065 -2.79212820475456
0.8165536092162289 6.544924155352446 -2.832237349550624
0.9637110667444684 9.029620766325104 -2.742703677343534
0.9368453945859705 8.592034711453177 -2.815518797833241
0.7857879044380301 5.793994585902135 -2.806075364759396
0.746547931650198 5.609694579774582 -2.8144733616234836
1.0714343398400488 11.679537093997464 -2.7974771303304355
1.0247228717657786 11.390355258443716 -2.805692029350243
0.9375409541677974 10.109100156999991 -2.846235821049369
0.7298633952749406 4.82465772728805 -2.7675611051008877
0.7378572831405638 5.254053115357325 -2.788462404591736
0.9757375552181005 9.137741083387256 -2.7661540557091095
0.8703568291341045 8.456447503152773 -2.7851614386716443
0.9042341063811073 9.276881506592872 -2.79943537053777
0.9297221871858972 8.241360343634174 -2.7649296670713284
0.9394247194482348 9.96836856059619 -2.801327188945455
1.0543542073685013 11.688646484050976 -2.803274307035764
1.0356568068306204 11.015042144429485 -2.83948380175054
0.7683805686946932 5.342857679573174 -2.7419392795578634
0.7396959588984104 5.375970908000756 -2.80702431227302
1.0508190538603752 11.086198165719582 -2.7720022349947024
0.8864046074191902 7.4816049870903045 -2.7822216320291693
1.0409321763124093 11.169332373879872 -2.838495439381332
1.0703086478288588 11.595169127145574 -2.8084215033666693
0.993351587596558 10.093142358749528 -2.8457182832872996
0.8398489898555478 7.040561626302642 -2.8390772897487686
0.9987272686687503 9.667511514256912 -2.7585038003991023
0.9549599909083897 9.757359432924616 -2.7615113409976546
0.8300073263262009 6.742137665746834 -2.826421744193631
0.9720509384971365 9.21961924103681 -2.807265758073229
0.9439562326362023 8.595149064921834 -2.744905737783233
0.8340890522347282 6.7808994491672925 -2.7282691384697495
1.009130448074567 11.049517144778118 -2.794108206024518
0.8261380284889127 6.869206178508094 -2.844710986646146
1.0420422439830108 11.483544405192873 -2.8377773990997524
1.031157913510168 10.345759318196567 -2.7830591830238247
0.8853654178138752 7.525621150188608 -2.7949252237683586
0.8773982999430823 8.061241201116406 -2.745000049879445
0.8772312314011277 7.473736330586025 -2.8107987258734415
1.0114283863300155 10.173438169831671 -2.7537439583014596
1.0462594178890714 11.654239607820799 -2.816430457556984
1.0199280417641732 11.25211273812176 -2.80015885246058
0.7367321549416124 4.882105879633794 -2.7881983627416598
0.9425470381992225 8.50422772204077 -2.7629645311390068
0.7504009742900987 5.700632158697827 -2.8176861298657423
0.8257203869067347 7.281720087465875 -2.8653208080648227
0.942467008204483 9.77786795072649 -2.7788312770384547
0.8280454643247726 6.801139153982863 -2.7326602341499364
0.8752743122129736 8.275413586407144 -2.870799975971433
0.9202611416837417 8.547801884410386 -2.8405726575899695
1.01807683113524 10.764596546623961 -2.767884221005332
0.9093702897612372 9.212126154850324 -2.783694666538809
0.7849422906655401 6.276192103289022 -2.8493803604745067
1.0377195908288646 11.516064285314894 -2.807696504564045
0.8685288138124139 7.84200011940752 -2.7430928525272913
0.871689037960812 8.763135087944272 -2.8410473027205336
1.0142583306504382 10.943436325027081 -2.8514168445260597
0.8413033083123121 7.4073207014310345 -2.75036016586591
1.0310943729203197 10.72247455374004 -2.7644600182796966
0.7411892782733258 4.978159698895074 -2.7917299092679935
0.9472792201917635 9.101068174850326 -2.84205325867718
0.8890292881719518 7.5207798239101376 -2.7483780750926874
1.0433118902641145 10.746050201521825 -2.7749046786342717
0.8406514177320923 6.73915208010382 -2.732755512553651
0.9759850699439565 9.60638989171825 -2.8358734627525477
1.0241633443214355 10.218806692720994 -2.7780792599901254
0.8839537949852194 7.421368208403083 -2.7526917090790466
0.9448197548688564 9.27500356900604 -2.8550466815336115
0.9203828015343094 8.73720821266538 -2.8524385478592182
0.9937362494555392 10.993866879849344 -2.828424516836422
1.0259493897290188 11.411681753828216 -2.8207552525114954
0.8306929638562113 7.290930411909406 -2.862052929143812
1.009525843649865 11.084754685273829 -2.84773864637555
0.9162551780204333 8.021746582745038 -2.7626827295263063
1.004004114688286 10.0725933814593 -2.7538765731124535
0.8111010625810486 6.878637156707332 -2.8571680659375795
0.820580059389801 7.334192363641349 -2.862627223758057
0.8933132603218066 8.706341105943507 -2.769236220754898
0.930636998914415 8.4509058979183 -2.806053474123953
0.9040536522011219 8.538777203504981 -2.746290448959594
1.0376991527239685 11.081726358502417 -2.832664309376398
0.8818414773289518 7.567826329664383 -2.7339721100711785
0.821728672819972 6.308681814283228 -2.7664197451911647
0.9324218358963008 8.542064644007326 -2.812949042194799
0.8759328938515784 8.818200431235532 -2.841054421933566
1.0378388733690391 10.843744271723322 -2.7725575046328466
0.9611161884999284 10.149426338944755 -2.862779736559206
0.9979003689036886 10.751022017897142 -2.7879124412609912
0.9737644520863209 10.347454534685001 -2.7856409398282054
1.026806512814709 10.66946579528632 -2.7675133085915062
1.019176178904401 10.892262640229253 -2.778551383783525
0.7721248264282774 5.573496718494746 -2.7433439970797218
0.9433112359625438 10.04389339819057 -2.811092435404907
0.8616704371349366 7.74037215445253 -2.856181907810146
0.8140142979303752 6.185631653159208 -2.7694496888766524
0.878545425460544 8.361286742860138 -2.867407736335852
1.0028539365630382 10.32204959187455 -2.7612510199906435
0.8832059867451046 7.519880479856935 -2.7396915400256923
0.9815592317970561 9.397814182565044 -2.7954585180479175
0.9826423411894805 9.362871337250315 -2.771128779802541
0.976116131155379 9.695703519608582 -2.7506617738617427
1.0483190762582746 10.955156210012438 -2.7899493027873232
0.8942517857363119 9.180945553283482 -2.843700380016444
0.8832169417724203 7.471493433256601 -2.781288134564506
0.8492425153029858 6.999031578932199 -2.808974443365059
0.8284538359117677 6.58316880167144 -2.7348549731193517
0.7947559215357308 6.749262689197261 -2.8504341180108304
0.9998270298342715 10.95600028549911 -2.8429641577474714
1.0066649175274822 9.888236010718744 -2.7827054934766995
0.7782156371515667 5.632016454191783 -2.790262921169861
0.8266383024112343 6.51507810380192 -2.7365274717055588
0.7722876356839563 6.078921234582483 -2.780708669952033
0.9938971049220224 10.237033575589075 -2.8449027822923556
0.8963688082920018 7.7488915826998515 -2.789213009849359
1.0410177338794788 11.20985689279386 -2.788666351920688
0.8920995227522266 8.124218784064348 -2.74018622210384
0.9322621435064294 9.488514797966314 -2.77562813420683
1.0177402566747253 10.784893521509339 -2.840196451792261
1.046943422454331 11.33207368786375 -2.796263014995744
0.8081776952976844 6.504554706808007 -2.8345159595146914
0.8790536853698483 8.079122102247865 -2.748878474658337
0.909776647276598 8.147496355812546 -2.7386045846253513
0.924649547172374 9.00072966003817 -2.7536614869500418
1.0148567352998121 10.687528346989493 -2.7728679571702184
0.9375928848622784 9.675384670728095 -2.8642999656530987
0.9704546553098101 9.899602446890547 -2.7622301188597316
0.8460031152007361 6.894226153654111 -2.736764513610568
0.8352080810436091 6.637035945988475 -2.7407035431063385
0.8505698488821952 7.538559267394132 -2.8541130951740614
0.7801885956373569 5.815587724534662 -2.7451872086180735
0.8462194127785552 6.963839764789088 -2.735328772344105
0.9630447144098699 10.431955195439503 -2.8299633055648927
0.9810037125172482 10.006187128745621 -2.761153219354916
0.8206378669542781 6.78109641793162 -2.83831574516455
0.9655858360875107 9.108183342763652 -2.7562562890588946
1.0438401496030272 11.18149408049691 -2.7916321287447077
0.9248673223246034 8.56970438591377 -2.827726379417036
0.8747597312508563 8.692054350996624 -2.854066159971631
0.8747597312508563 8.692054350996624 -2.854066159971631
1.035711744810205 10.804802644679903 -2.8132873210636093
0.9967461377575462 10.851408340948018 -2.8065512481137502
1.040588262604971 11.258095098920123 -2.7975101643602116
0.8917589193088337 9.067218150563455 -2.8504613984269933
0.7881647014240343 6.625821534688783 -2.839995099000714
0.9413821208862159 9.118931891973425 -2.8447385034196957
0.9289304818566784 9.81921787773088 -2.832757087434958
1.0442158622806557 11.31737075427645 -2.8131561147626467
1.0169009998710887 10.933660657932364 -2.8389882624517577
0.9556970559709406 9.791424923968691 -2.770765980854093
1.031005853086144 10.574791308476682 -2.781654995087201
0.7790028154443103 5.632958279051154 -2.780544764635759
0.8739052292533065 8.369415314164431 -2.8645385589991377
0.8145905079052411 6.644099898567864 -2.7455345893999805
1.0171313261195807 11.154358847751487 -2.817047041413055
0.7767265810373003 5.909444813904703 -2.7567104146699988
1.0411408769280712 11.296831046703954 -2.806359886056118
1.012472813669607 10.660012746554433 -2.837754226899166
0.7897029525494643 5.922364324090438 -2.7436774458608033
0.8597890212049883 7.353078975016364 -2.737579793543647
0.8577031811064917 7.31137023324069 -2.8250818756842175
0.865524067971907 7.158697528007008 -2.773304064234627
0.8603167841777224 7.466627955321221 -2.7401660842117646
0.9309117132747116 9.205275745448892 -2.7610201035498134
1.0089239083293604 10.026466246977956 -2.7740760150464645
0.8689103508470779 7.737911919986432 -2.844260458863717
0.966129868946485 10.094231641082095 -2.7806522568877985
0.9578561723291088 10.23887660872602 -2.8103491011312407
0.9098301251825458 9.255512944629372 -2.861381621609188
1.0141965020031876 10.680609034855356 -2.8359069829427503
0.8495100883128193 6.858913766201734 -2.76543697634461
0.9347899517101348 8.90413103595833 -2.7465715131061748
0.9019215532551665 8.350669080503394 -2.744950144277568
0.8843043899252465 7.863059501751466 -2.831131162102115
0.8069597278353834 6.308724346252576 -2.741259614665531
0.9509633050081311 8.867346996479554 -2.752742440450564
0.8125915778624415 6.881290489379515 -2.7656520705539833
0.7588850136797318 5.796779302661374 -2.8065119569358252
0.8052343766626703 6.094315336280733 -2.777409220206305
0.8376321487209972 7.325273217202058 -2.851727864901085
1.0106795892948655 10.116687977709361 -2.771976280567296
0.9941401486381791 10.348285803030832 -2.771979275280458
0.9031416745857284 8.977280285525309 -2.7826605364948493
1.0205700831886373 11.148349717223082 -2.8180235133730402
0.7634159736126036 5.455298138229781 -2.7579372309172037
0.8400894015752768 6.763197899466161 -2.7436163450345576
0.8954347202147165 8.425111378244837 -2.754180468798502
0.7476977275589787 5.353607687731672 -2.7953202676582087
0.9668164600954712 10.37278807100219 -2.8109592194643973
0.9061787268904118 8.07155780464746 -2.8069283908961955
0.8196241858125906 7.277927926913054 -2.8526259716663227
1.0197547170341144 10.415198370916434 -2.8086948766589397
0.9146740295635267 8.235899998591416 -2.744933468869891
0.7770997474137753 5.608453320153311 -2.774310096886129
0.9315501170602235 9.72773391556677 -2.853601708754744
0.9982377637442827 9.825867791758748 -2.7718058201862927
0.7847011597646513 6.266370156303958 -2.836784819877472
0.960490825306145 9.168327430162933 -2.8129136723505406
0.9127486324839638 9.13004990318574 -2.861546999631006
0.9990146969953683 10.412526265618704 -2.773980650022592
1.031165146564972 11.064346151603853 -2.8211721434739436
1.0077592131796167 10.772648467651981 -2.789843679273746
0.8901098473362695 7.941147568195541 -2.7415255751342524
0.8914422123732344 7.734706039911716 -2.746635831448035
0.8909137804687974 8.83000566632829 -2.860177218511142
0.9135233749295115 9.116575157566924 -2.861120897429198
0.9760511854957552 9.433484895027124 -2.759526754141116
0.8913648777533367 8.997991454595024 -2.849004641824496
1.0025193764436893 9.988634914062153 -2.7698747404948727
0.9725454007400762 10.069582972239926 -2.775246955143939
0.9054450617125049 9.217458661058156 -2.807420802297415
0.8190653202367579 6.688917539885308 -2.828062189996101
0.8360403125872063 6.643247470527781 -2.760982361946313
0.8312422453974108 7.567184487602351 -2.7969336619263307
1.0008287658250785 9.891866376971791 -2.787392429139876
0.924814642112175 8.999147846948484 -2.851445638304938
0.9207852159103898 8.241705605090221 -2.760481795068307
0.8776993774495578 8.242211756308825 -2.7660529137054644
0.8778756985965839 8.489157660248383 -2.8595913899057512
0.787714898476495 6.158672915653773 -2.7594035214884265
0.872300647334535 7.3231957307465105 -2.7734217306161946
1.0336257351070184 10.901476671283046 -2.8024341307876535
0.9224612274976143 9.622845167226979 -2.8340437893469175
0.9678324105204315 10.181986446060492 -2.7909251449573955
0.911316012418247 9.358976152153966 -2.8487579354057555
0.9378349790872449 8.986905067324187 -2.835223812411897
1.0173146653975542 10.494166242749394 -2.8148206673452494
0.8695116767502695 7.279471559998089 -2.774577701321867
0.7651583968051425 5.826166959288553 -2.7873780178290257
0.9706938905513869 10.3155396423575 -2.8011198379057825
1.0182388040645436 10.791250693201517 -2.7890132082656507
1.0224914894927348 10.799861681231498 -2.789049431439539
0.7942981618981131 6.012787307254105 -2.7940721006191236
0.9940138779555105 9.872708466271767 -2.8078130664957293
0.8475973950412394 7.780714982919536 -2.855194324126253
0.8794093911033447 7.558599678557007 -2.7984496949808575
0.8292470712106256 7.38808629217605 -2.851375117563551
0.9906977734351494 10.018324445103724 -2.7665429392858227
1.0290769434514577 10.802948807359122 -2.796379990936819
0.8571956003378224 7.853086651996008 -2.7697161764490255
0.9590717793449084 10.241251966910562 -2.8315944372411326
0.9711220522175501 10.350297978354975 -2.842358843861012
1.023671225125498 10.951953079183175 -2.8015685468222165
0.9369078764560402 8.612764976048373 -2.758590255110217
0.966268120327356 10.23269800549317 -2.8011435756594905
0.9616680946164045 9.444483518953268 -2.757772632718048
0.9884770604318982 9.972297662392947 -2.7662532701478106
1.0076773558748493 10.126154730820685 -2.782253337665572
0.8903611309316997 7.949469824557199 -2.745146807079604
0.9392105192713855 9.69905269840792 -2.793426382918299
0.8827458548771965 7.910893175432456 -2.8321029768947943
0.8908143796931727 8.702450599618484 -2.857564873646626
0.8887767096217781 8.044909753412266 -2.8337687989443694
0.8907206078747023 8.863545370342653 -2.8040217909071568
0.8773160008808124 7.483061953228907 -2.788751989071691
1.0070086154265891 10.598569797919811 -2.8300883075001626
1.0173120403346936 10.412945925190966 -2.7874543502405915
0.9346085738472845 9.268702816000557 -2.766930732486986
0.9588687803407419 9.086369056756919 -2.79808838835344
0.9689107666159951 10.105535767225977 -2.7859337872829633
0.9956509973311232 9.912871131807206 -2.8049927159493433
1.0047090318201854 10.824304082647117 -2.8249496926531106
0.8413190897907111 6.993436909123579 -2.8148532828483104
0.9894751129830253 10.348300102531473 -2.7824628675012146
1.000243731372472 10.424042141066447 -2.8320079512328906
1.010947716359863 10.864328513227866 -2.8066580309188964
0.8462329443436141 7.585459630021048 -2.850554923015464
0.9518430811459926 9.571834125559931 -2.84721477966949
0.9817839377258712 9.862421965212516 -2.7656571142595796
0.921625433353886 8.427960554849289 -2.8084672234905566
0.9672964425386554 10.303046806466577 -2.8385211063194875
0.7946847755698769 6.652909038541366 -2.8346906962923297
0.7971740690573668 6.644684731979722 -2.7868345577653075
0.8316631471240793 7.587815626526604 -2.805027050470552
0.9411485837752045 9.82298763607181 -2.8057580069713586
0.951020055472865 8.930414993639772 -2.796257064895365
0.9719588449057999 9.352444364095422 -2.7686516438394624
1.0015520128347664 10.00561080932003 -2.7831602996383937
0.9228189998815984 8.386907050149915 -2.7552858983151864
0.9964107225812981 9.88757283047781 -2.7934956862122187
0.8098107965181516 7.011192340270138 -2.8408264232706073
0.8860800033064306 7.707635305936347 -2.74952357249366
0.7688222802246788 5.916681758494038 -2.8138309385740943
0.9576971717615417 10.166778159831807 -2.834175199679404
0.8498627595185783 7.484405997117184 -2.7571165864126614
0.9146029799915674 9.041758332193146 -2.8544174863290634
0.9780751077659002 9.53931848694541 -2.7679459635427777
0.9360137803005788 8.593296555271191 -2.7673081674672746
0.988275813926569 9.72147093447405 -2.775952003293839
0.920196047962872 8.30032482366267 -2.760935567237963
0.9645190077482206 10.267077441490171 -2.830970488206403
0.9775757419576467 9.53779998372628 -2.767863507596663
0.965457906282831 9.657911669708023 -2.8357395740320746
0.8273909975534973 6.569509065179996 -2.7566499671299742
0.8537249096921387 7.407347828184548 -2.831658054320127
0.8073740136237861 7.001744501335238 -2.80820907701984
0.8940716207212397 8.688052851553318 -2.780572738393343
0.9335188439084086 8.670750283336641 -2.7556600591106966
0.874884731182142 7.461075270187363 -2.7879725474476436
0.987359051222122 10.519876481023928 -2.805707732471112
0.9113029678208072 8.294334400400867 -2.751119419606092
0.9296767737668705 9.14184671097622 -2.8472109337025593
0.9888599333372303 10.563096195475545 -2.8103743407354953
0.9387455021207374 8.939764253444723 -2.824355275165024
0.9508268582874979 9.840121675007527 -2.847007483900489
1.0029390764556207 10.20769865044346 -2.779933261711524
0.9468347652341509 8.916523058626586 -2.8034130237817134
0.9488830140127389 8.929442828576498 -2.7987583323157184
0.8003343245960631 6.680035437620054 -2.834611079328586
0.8760240795939244 8.278029625841864 -2.8524749570595898
0.8694138403163271 8.458649985255473 -2.8194733489314707
0.9136718791569904 8.30237698240571 -2.7530456825867193
0.964799133552221 9.312093433103914 -2.764464980593548
0.8056674286404366 6.205315158768087 -2.7804101108527712
0.9506715568195472 10.019705087738476 -2.8306134719434772
0.8834202765294928 8.535847214316426 -2.852650065596127
0.9744914257317465 9.806389916492867 -2.830082996646878
1.0121882059620209 10.492252839947266 -2.79198678551336
0.9005509186474414 7.919854501221735 -2.773740670261505
0.9045954635506567 9.142431190539455 -2.8433373401145414
0.9999287530503712 10.646328545471963 -2.821228405558068
0.929148615030891 9.12182639725514 -2.767960876728748
0.9688276373902165 9.33405945751839 -2.7939372013126436
0.7950711358620697 6.5821156208695815 -2.79297505843465
0.8803052497431408 8.550413973090308 -2.8495131918640517
0.9444945461454368 9.597644061525255 -2.8465527157739263
0.9051442809946924 9.030399180585059 -2.849620466953379
0.8094743315285392 6.346435755462523 -2.794862971690973
0.8973424028557251 7.89243873994084 -2.762116075525096
0.7947507507603525 6.52339074042436 -2.8279873149528187
0.9309835088270474 8.738766163242644 -2.817049550080917
0.8072891765138854 6.458944051723591 -2.8146415874026096
0.9889495342364989 9.830901551304985 -2.77997060946232
0.9262611933768236 9.288043300028452 -2.848697780226402
0.7754040353413867 5.842439976107559 -2.776648048529279
0.9128950716399831 8.189786306405644 -2.7829725382861477
0.8087063923049383 6.299053883481083 -2.760847633060087
0.7915560208706695 6.032995885925864 -2.7649622616002176
0.9138867925152054 8.768624867288741 -2.764495720826555
0.9003697595015809 8.091719402714148 -2.7538718906909727
0.9452122713668323 9.031418560018624 -2.7609343489477056
0.9562449077735804 10.057417330844146 -2.8186092997025676
0.9168292024735485 8.71229793039887 -2.7601686059355828
0.9615571780230635 9.430373390159543 -2.765924590385197
0.9195989990097251 8.565157735664094 -2.756064410759143
1.0018465279637225 10.356694612878652 -2.789732509389023
0.9938692410901573 9.961517693942058 -2.787645576746257
0.9492596499888135 9.64768883646587 -2.782765126350985
0.9569483371492139 9.151055114257721 -2.8002683607133836
0.881359104993991 7.589561031813924 -2.770554995562064
1.0003965689595484 10.389480103465814 -2.8168164713067227
0.8181825593593921 7.232336607514187 -2.8147829007196696
0.7795291031377509 5.975458521095223 -2.8041605171252493
0.8937265403827463 7.889096893459622 -2.7959555837132974
1.0040414363616106 10.43562265268512 -2.7954578401830386
1.003598971453478 10.282324891279815 -2.79833508728527
0.9835583880583154 10.209855848008761 -2.7890645785736377
0.9687603656041432 10.098416237726296 -2.79668194299428
0.9156742726999796 8.590062660189915 -2.7580386952416367
0.973966335078194 10.116086261086664 -2.7917332720934964
0.8416878310962771 6.948571910189826 -2.796829737644458
0.7781390190789671 5.9085166652975065 -2.7959301792920908
0.9985953643309359 10.176659420260847 -2.789274116109051
0.8780035458110738 8.578403619502042 -2.8164110338053714
0.8821168148492485 8.166287659846585 -2.841621144644986
0.9609986102905893 9.826723055865168 -2.783955554749709
0.9564792315541335 9.444444119671193 -2.7688658644503388
0.986932649607337 9.952670480484962 -2.7802571304112518
0.8830053982714393 8.207335167423764 -2.766587675302644
0.8459226488924908 7.159664131716278 -2.8147150739215405
0.9520280146647415 9.43359213916626 -2.832377087332754
0.9771964318901695 9.743478755924944 -2.7754560410689084
0.8654291344590855 8.31476132329492 -2.830709950530453
0.9213122108263594 8.476794182983117 -2.803378223877104
0.8468943256954863 7.456719569575395 -2.836104239178337
0.8535306911709823 7.961620867280165 -2.800590671963619
0.9193967200179607 9.00982661100031 -2.8439120256626538
0.8019052065872709 6.306220210410808 -2.801583914860255
0.8759749996094606 7.515824147548171 -2.771492877743753
0.9499310826164631 9.47488537020441 -2.835325898321316
0.9087423130932732 8.756598121978207 -2.842785865285177
0.970049937741152 9.936593504487414 -2.831848604700527
0.9270266269340578 8.836049914685255 -2.7624518681969894
0.9244291755176242 9.288470170250823 -2.8438489092693837
0.8629259854986713 8.205484443679833 -2.838248987212669
0.7925385301574885 6.079899572202743 -2.7769994555357043
0.9887263759412656 10.248618198063662 -2.8204117803571966
0.9454128232507124 9.812570764132 -2.830043643244691
0.8075834004965221 6.429847522273209 -2.76382315064314
0.911806148920939 8.669284441130912 -2.835598919948204
0.9378811441670557 9.599293338874777 -2.8386787726518072
0.9244474228337707 9.406540311430701 -2.8072208163953682
0.8362068737512527 7.506525522158867 -2.837668630328879
0.8131878331238309 6.42833977301612 -2.7857434361493554
0.8481029598518564 7.423442427901162 -2.764042151553755
0.8366116545050428 7.568264078395495 -2.835579338023476
0.8728149188496932 8.303294657014082 -2.843416869368078
0.8376859310602729 7.394481255537288 -2.837036238182609
0.90650396357467 8.351853771309397 -2.819431088645193
0.9641922160397326 9.780094958138923 -2.830596072343319
0.8333431948593033 7.467283111884088 -2.8350151523522102
0.8763737013383668 7.8448384085606735 -2.758523940402447
0.9845818749312368 10.249926199191323 -2.80015327266577
0.9936001926184855 10.164365101455278 -2.7975637729195437
0.8847262235071003 8.680224002965534 -2.8324528614628055
0.8634416343182867 8.147095150499485 -2.8402343177017864
0.799331886161817 6.522093199657897 -2.783618299687609
0.8234537076687469 6.759106837973055 -2.761643859573753
0.9601405974417689 9.422721150439418 -2.7726543858244868
0.9404385196719774 9.41007845933137 -2.8378161937585116
0.791289251227909 6.148536177030584 -2.79483967139028
0.8622999254443494 7.371907143187373 -2.798771969036382
0.8669577665684549 8.192345729714592 -2.840647628467259
0.9486704897414953 9.577491124874685 -2.784837539441189
0.9362300695629941 9.603653378801198 -2.809869852995245
0.8071750508151013 6.8061907948999085 -2.822438327762419
0.8522258645983751 7.134176677795946 -2.765252028575066
0.9173650170755514 9.115694880288114 -2.790385394524278
0.8260774178834529 6.773807945308292 -2.7619439036041893
0.8580300541739996 8.023149984199172 -2.8013877919086236
0.9112668366533565 8.727511849567174 -2.836454800988566
0.9382752243590136 9.479682536649962 -2.837548693208398
0.9471707664899546 8.979491713146581 -2.787066964416198
0.8739639365306462 7.520908941476881 -2.776345634940781
0.8718287470013617 8.333525336820628 -2.83759997355517
0.817574717731802 6.7168222106967885 -2.81341641230657
0.9107214896496936 9.039449095619254 -2.7965448734725626
0.922742017624677 9.361474741957748 -2.832017654857693
0.8790965738791815 7.911231841622873 -2.8237435698981423
0.9785445638147104 9.806778850105015 -2.80609538983263
0.8273587224497113 6.828859935133161 -2.807102250614225
0.8901629325812183 8.716428964826221 -2.807499173670554
0.8119294188768882 6.927891987834976 -2.7993808176256305
0.925877665190025 8.928419820812334 -2.8302075719337734
0.9421851266850774 8.888727446708256 -2.782148064017125
0.9546847790148617 9.645941702934172 -2.8299979400025634
0.9269697271591484 8.695467788626273 -2.7672153252722094
0.9588468984505765 9.360419933878077 -2.8070382627624113
0.8799654817438707 7.770749525904875 -2.7617117663751456
0.838532957158934 6.9080680112203385 -2.7807952734305275
0.863312108898585 8.015028278597066 -2.8377212735064923
0.8675097928550992 8.260207077470497 -2.8144404483341394
0.8853524583942594 8.102010749456285 -2.7654677285961653
0.8936236748627863 7.966404131992129 -2.7948696257023053
0.8466313153630061 7.6226552403324845 -2.834363295063679
0.9669091697802211 9.500236431373082 -2.7970560691371853
0.884835501871376 8.009595930293361 -2.763139839424239
0.8979638577952092 8.062728712620082 -2.7969566040187503
0.9241114405480158 9.250455295870317 -2.796395165566412
0.9557895425891896 9.272607261808501 -2.779477549253475
0.8775819811295515 7.991846283074025 -2.829053805633219
0.9755592564479225 9.998724640984852 -2.798467403165244
0.9093984420514682 8.472460842147141 -2.819409327868751
0.9112166508570239 8.847012427523762 -2.7815120558770947
0.9617265410528384 9.928142619985925 -2.8141752572697984
0.9323711503926566 8.91045537886224 -2.7708634163153523
0.9433612938582455 8.992937966367123 -2.7983511337418165
0.8824828910507065 8.094731283285638 -2.82888728657968
0.8903738237050983 8.16293210969722 -2.823363533298418
0.9485701061091703 9.08730047367454 -2.7832433249293653
0.88640448569272 7.894314118440463 -2.7649813838915547
0.8806548373299039 7.761496287886291 -2.7657083293388403
0.8378826783510261 7.328060399427371 -2.8277305910334327
0.9405603060447851 9.152751813770605 -2.8208201138193827
0.9419792074798773 9.305222348170805 -2.780397203820648
0.9225225040868994 9.095778782090447 -2.8347621073915894
0.8406253191113376 7.515841864376211 -2.791578115941575
0.8470598756852092 7.785829962772818 -2.81997735112026
0.8161406033722074 6.7328671199620524 -2.775288158902586
0.8597284828839709 8.03819025608407 -2.8069889908970835
0.924874770102116 9.353679074788284 -2.823727234238688
0.8390481811093083 7.039597890130318 -2.7670470298367436
0.8501882039757981 7.206249894970907 -2.797693485666289
0.9477689465148432 9.428408225659725 -2.824786853816474
0.8306874389434894 6.878928900131922 -2.7991107782680578
0.9515142417390099 9.1745407140183 -2.7877028683998613
0.8204350845474063 6.8684844179343 -2.7775310424938278
0.808484456109831 6.763605015475091 -2.8009334944938686
0.8996192936429792 8.676024651444905 -2.835684752167177
0.951272852631186 9.74380330645084 -2.8131794253721543
0.8948816954091763 8.619974699235215 -2.7903650137368086
0.8045803491792187 6.573975355788702 -2.790812900193056
0.9604620086136602 9.411268068757392 -2.7912439529744217
0.8734202122953276 7.592328659297665 -2.7743128581138614
0.903739906040494 8.373827310413287 -2.8172225950280065
0.9242817711205854 9.063719197707108 -2.7840693354354933
0.843486063127443 7.637915483896944 -2.8037305328377062
0.8524063645721097 7.25552103209762 -2.795633585713382
0.9179096194554421 9.194998703324492 -2.819766626364876
0.9654532484202873 9.675296072685661 -2.806923025732783
0.8592403599310325 7.6992815993602335 -2.8262323457713787
0.8454562104362628 7.702189491666982 -2.816760506330925
0.9383833371741608 9.121701719669485 -2.8176546905131836
0.9232324746082898 9.273475385250599 -2.8132223559001854
0.818931900911885 6.690005920303047 -2.7931973454549652
0.9367758183301457 9.459354858485455 -2.8238672064805024
0.9331968447022303 9.360247216233766 -2.8263087184905396
0.9612821817092104 9.536348471954993 -2.8023620561388416
0.952881590961965 9.57624246617379 -2.8183752046771557
0.867088042678701 7.8364405618865485 -2.8252760068856255
0.9268776663446785 9.295808056624915 -2.808332193512115
0.9535394192252661 9.335168260174342 -2.7982792054667813
0.8550398545834548 7.7655683848197805 -2.790626196738401
0.815547317361227 6.7380664616910515 -2.7997779217448837
0.905125152451998 8.304126679932198 -2.800880766273271
0.8925854138734753 8.673497071443023 -2.819168774796907
0.8651137661719208 8.085364370970504 -2.8075637299612892
0.8646962390708357 7.483457372040035 -2.7800750855822476
0.8777313918725773 7.979360615645279 -2.8202726111204877
0.8196866392351886 6.763798336187202 -2.791322001394708
0.9558353944894732 9.606320132985065 -2.8059078959968793
0.9128168975213977 8.701030798673656 -2.8219457385898004
0.9250746263268319 8.845408360253844 -2.814202164696812
0.9049138189436663 8.810392517860548 -2.7978093762209504
0.9309350022159397 9.13340802140952 -2.7880161560097587
0.8201132658694525 6.9470232989311445 -2.8001934427261492
0.8581738723362314 7.82248721237884 -2.792010918500912
0.9471825892063401 9.444562934911865 -2.814780816582906
0.8694322229383564 7.59465270625516 -2.7772808903638184
0.8755117551125349 8.29988844377209 -2.809477153108725
0.8669259470312282 8.000844777573025 -2.7913686591307956
0.9468438918540205 9.46739647967307 -2.8147978051900546
0.9020857627620259 8.65310207656843 -2.8274787237853114
0.9301875882389604 9.183681333587014 -2.793425052817667
0.8609037115853426 7.5413587428589555 -2.773896729945945
0.9127839359548249 8.862769372452094 -2.825602410221798
0.8855950622836151 8.159522429156915 -2.777246187873904
0.9380709581205233 9.116702026688056 -2.8099311400190237
0.9210393547610305 9.06429873733899 -2.823567622570378
0.8976945724926457 8.733250762491867 -2.81971416835544
0.9337999241337411 9.155164410046602 -2.8177713501888384
0.9047075129559115 8.347283912614497 -2.8034345521408426
0.8733802894216354 8.240196557182907 -2.810264646423546
0.8332245851499549 7.024255291868812 -2.7826088580114092
0.8971269046212287 8.716650345672871 -2.818984979095874
0.8709181775452373 7.821315659517695 -2.7759334795810484
0.8757638212615221 7.8357119491867895 -2.7746660592851593
0.9267931130899913 9.21148568655692 -2.8061950821719175
0.8665286788559674 7.561759639840859 -2.790200023895186
0.9091486061547448 8.532530613405429 -2.812410437099205
0.8956756878498977 8.443426660989289 -2.8233051090915806
0.9441542339066206 9.282108463991438 -2.7969863147877505
0.8618573937814678 7.960860524207025 -2.816337735887885
0.8938859627022617 8.292199894637175 -2.816311118656535
0.8710489017368872 8.12020990203142 -2.820228608758046
0.9108200216212726 8.90262371736275 -2.8188198596172045
0.9185487572784836 9.044985369120504 -2.814965381241021
0.8746228696368459 7.927112995987458 -2.8149359658594104
0.8335102589102482 7.192660464626536 -2.7958869617422266
0.8772459892769872 7.808898336479109 -2.7958253633259575
0.8551981941043958 7.557964934274876 -2.812103319932131
0.9000094892501656 8.717820506066136 -2.8169123254453474
0.936911530950356 9.156773638481685 -2.8053318110630174
0.8665624074877191 8.013221869746161 -2.8024586940256766
0.8531633835215051 7.718701230750573 -2.8037665788892676
0.858786575900603 7.470785334452784 -2.789192779063324
0.8595202419700938 7.528808100440507 -2.7998805787320675
0.9077426530621806 8.598177509205936 -2.814587396970894
0.8376235026004893 7.220802051884972 -2.794885521176906
0.9163678008616474 8.616209507314876 -2.791618737579383
0.8872182905407558 8.403467492936851 -2.8007351624309673
0.8485857173322098 7.352262365609316 -2.7882300572585264
0.8434369761959077 7.284308167303441 -2.796459166416742
0.8513230348610035 7.514812454731313 -2.8053772421230603
0.8992460377179261 8.348868142536416 -2.7890288020653045
0.8607886729799945 7.623734763218231 -2.7984097671167945
0.9145557380972795 8.743999088992688 -2.7993563901059852
0.909309248417375 8.593772885512875 -2.7958472679372077
0.8725899580362477 7.874017668431978 -2.793392166943768
0.8789262539786824 8.013499987711896 -2.795902933204397
0.876401574592224 8.04227288645059 -2.803923721488075
