α Mf log_fpbh
1.3215587194240277 16.386376628120363 -2.7290644117175265
0.7048937890739282 5.495719214947788 -2.739937612723258
1.191836525960765 15.04361244915383 -2.755449690563804
1.3649611301299778 15.657361212934202 -2.7439832042521424
0.9093062087228071 10.303636273546486 -2.991275567262552
1.281608780887511 13.6093186393278 -2.7475095105156164
1.1952610749378612 15.47211154359211 -2.7821519919294335
1.2826468643763684 16.281438986539502 -2.9382036512011807
1.3558611408012604 14.97038730300565 -2.7863219992998407
0.7702832730343974 5.785006550725417 -2.686867118667914
1.2287869270029124 16.755930295055798 -2.8927191410626563
1.270152296189975 13.435229866743457 -2.78863065985962
0.6214592194948131 3.5458479792771262 -2.7458885287959
1.0757728091577539 12.863149633595379 -2.974555570246772
1.239824854402541 15.963521147228674 -2.9368381451535956
1.0180978447024396 13.326907035592393 -2.9202831435062646
0.8366145851568564 6.366695207819644 -2.754428471463755
1.3482469179854482 17.42982994062719 -2.8650383418385394
1.3987719666825316 16.527514837533886 -2.8085267852743447
1.2145825286311842 16.34639960112259 -2.8848184279953144
1.1751910671372758 12.716245470714021 -2.8936799139346503
0.919061975614335 8.02022493187005 -2.7026473132380504
1.3340705093386909 17.263264913871268 -2.868650758177324
0.7201661670282988 5.041681011105533 -2.711023574737192
0.7525475073629889 7.001954225938619 -2.904379215275822
1.2948463011371578 16.995377644033802 -2.872231565585413
0.8245746786963514 6.238847924371506 -2.7406324216435647
0.9906478632658731 11.343795731139513 -2.968993031453871
1.3061689327316284 14.869032281234825 -2.756737876373503
1.2773912393859654 13.834301825363047 -2.782770324463198
0.9645382099635424 11.600038225436428 -2.8133466676604613
1.3184070517963704 16.98165643408686 -2.8324676686568173
0.731159200423662 4.921763868399968 -2.7902404917941253
1.1263898606627933 14.595132981645639 -2.9410983452971298
1.3644566506687528 15.881706072015527 -2.8279088108857424
0.8285169353469052 6.6766810827848 -2.8496122587060246
1.1292220357063294 12.295786201611143 -2.9098832549869575
1.219211288700478 15.714188868935027 -2.921816209889216
0.8686031375842276 7.821930721232543 -2.710649979836706
0.9732803070822984 11.621360842598461 -2.959185529311939
1.0613717440317914 13.481574277574847 -2.8219117521599717
1.3204838313354905 16.50342057764537 -2.884448680661574
0.9288326041982184 8.238332702986156 -2.840460326075318
0.9304182713664868 10.071330136068124 -2.9585119762681784
1.0733956352385452 10.614183199846869 -2.726833989135395
1.2497155909360869 15.206716049904509 -2.7690118738929437
0.8005648818017175 7.2373500891292775 -2.7533931203019257
1.1678678449531414 12.149601758852944 -2.7451500980428873
0.8690227348305539 9.578141666868337 -2.8279942181265074
1.3530949906397325 15.923222279392302 -2.83230491334655
1.3274522291496262 16.172979594072903 -2.7957640167773743
1.1065815192438944 13.642431381311596 -2.9477107545036914
0.8198867424469001 7.513147387852214 -2.7463071542535573
0.749992118194779 6.508905696287057 -2.793679473222931
1.2190812404838254 12.954602450147458 -2.7999726653054937
1.232743283172766 15.7838291523108 -2.9104839035418886
1.2488549925021575 15.708016749819622 -2.7971951838053526
0.8697313230012231 7.940888947700983 -2.9076004231215165
1.1565783966388603 15.189378068500373 -2.8548506999292194
1.0918270673561612 10.98263404803853 -2.84213287685902
1.2392406182102067 15.48898391953908 -2.7904593747269217
0.9011947603286239 7.815510392803275 -2.8378365441904343
0.9403282606045832 10.45566023671462 -2.776003989169923
1.0709912939958777 10.656905985689315 -2.843752621301698
0.9102416281594816 9.374867764079685 -2.747994274985363
1.276463002471254 15.843540524029807 -2.898502589474032
0.9091054024240629 7.824762479174634 -2.8120734154898157
0.9384787510319375 8.207611162154521 -2.754932589997998
1.2690334583687886 15.831559824442545 -2.8992086924689424
0.7944862802695418 5.999811739815848 -2.800998751613545
1.2003003976168602 15.616691285941291 -2.841289544360526
1.0289789223106893 9.718583013647484 -2.7654833102403202
1.2160655815265178 13.342027561574596 -2.749962622624785
1.1405537220530344 14.783576114628191 -2.9123989546418336
1.0393213358386464 11.269057716996308 -2.7316196763683127
0.904882983936407 8.112758376366664 -2.7161080514062594
1.1141316095902034 11.254743514049322 -2.752835895188244
0.9186102828689513 10.65900845463001 -2.838437238090566
1.3141098202458035 15.091282596746558 -2.822283741196239
1.311526890424225 16.270886672673168 -2.867979337094317
1.1654709336167233 12.393711987486457 -2.7426976488579937
0.8910753706012285 7.9097961778549895 -2.8666034734899712
0.9205705357352417 10.902474536183176 -2.9019537892802116
1.0451867415203655 12.404663608360302 -2.9480238728241988
0.8422467135042753 6.700191060313793 -2.765717812033684
1.3278435374235331 15.725400125768376 -2.8331918954674684
1.1810289479111786 14.376981272518483 -2.9234397569374404
1.3168270087793055 16.33224523436805 -2.8426117808407776
0.9716815327734535 9.80747797796928 -2.7248620816483577
1.0163695544317541 12.639992901171635 -2.8421962323813865
0.9129304316764519 10.667748532247789 -2.908802567773495
1.0072181705786338 9.460719398829877 -2.8028687386116258
1.2585358806198021 15.47178583763572 -2.8950394687560066
1.254822924537087 14.220327092042229 -2.8584140770276676
1.2489850258248483 15.971077985459587 -2.837062679739811
1.1781713619377703 15.08434589460495 -2.825526616781151
1.1366095737063162 11.945232626571713 -2.741680979505933
1.063699667517857 12.698917180747983 -2.779627830080715
0.9309379760486708 8.63888950328751 -2.8711050980786945
1.179018272319779 13.328256640146773 -2.895508398828958
1.2274898650421615 13.348722818475023 -2.781359461624754
1.2728696064844558 14.987902880743428 -2.7785767494656706
1.2120904134138109 15.666596119733612 -2.8725940735597444
1.258662956837445 14.002111215993867 -2.820453424397805
1.0369097568665557 12.832766044920284 -2.931492880570749
1.090846962718436 14.050269244313656 -2.8968918803554042
1.0110776173629819 11.70214534296317 -2.7767346580589205
1.0860350908615704 11.408831653560226 -2.8826229006213593
0.8586124231912504 9.056593719657295 -2.928038317442846
1.028366371961773 11.458842580231053 -2.936994014591973
0.752843498369426 6.014698820973857 -2.869721774924165
0.7687130520279463 7.106870271605945 -2.846640355992415
1.261090626951204 14.295786295909469 -2.8485153839563093
0.9126935469468538 9.711946303994798 -2.9411870338595114
0.9474210508641139 10.673853121851003 -2.944247644845249
1.2198691782548958 13.644977249435817 -2.8633989060387357
1.2099808317936676 13.708936949946601 -2.7546521077398793
1.1321846172733894 14.655579626291663 -2.863494612918215
1.0951318655619922 11.695318656709798 -2.8907019974479105
1.1644012337942258 12.167001534206495 -2.7895347258778633
1.0049048752477197 12.540894525506816 -2.8813619252736733
0.7718693209296299 7.05748080558546 -2.8221100535812074
1.1268929535959717 13.046961488471608 -2.922286175792202
0.986102438077626 9.567955912158475 -2.8689564630803988
1.078329827194771 12.506108573732558 -2.760883719875884
1.0347009105755345 10.891914376036215 -2.907244168807114
1.075543563985404 13.787953773921993 -2.8820949303574426
1.0224805345668093 12.848118492990348 -2.8740251798860177
0.9166713613615207 8.305853509968713 -2.854748160919292
1.2205774956660818 13.427512554648985 -2.7679836360574908
1.2441481351890824 15.181671713141338 -2.79112222642806
0.7874192912569645 7.140060217959441 -2.902113548637403
1.0812954335856897 12.574450079415918 -2.933824063215494
1.0061456868865235 10.557467133959149 -2.7335681257845827
1.0882920545908359 11.00311653879388 -2.7473008087815742
0.7198921977898407 5.369309566832109 -2.8347766009563347
1.0838010584326998 12.659701888523713 -2.7645632335706267
1.244116209901151 14.722871311604235 -2.77558721482363
0.8921711237497819 10.14418330151763 -2.8808647103325633
1.034701770730086 11.915146720028417 -2.9397079298660707
0.7572789632798296 5.786891337686925 -2.7439466167037283
1.0864397563408874 13.760860796152532 -2.8385254384172374
1.1020220892934822 12.681279162766314 -2.7547944412959833
1.1929186820165714 13.29257751923901 -2.8716529281818195
1.183937927160003 15.14056670066805 -2.894826042512766
0.820523321025902 7.370444213630314 -2.901352563288095
0.8182680333359936 6.414293117757751 -2.7620224889942087
0.7306236228806982 5.193742620747087 -2.7663506134631213
1.2943136213698412 15.92826778777421 -2.8303143987848696
1.0517585189890297 11.788565015278431 -2.7505277961250814
0.7292022440949991 5.19482222951006 -2.791071188466079
0.8665695096423747 8.686057310755555 -2.927501566401859
1.2468804190762441 15.818277920038025 -2.863700290710148
1.122617975515035 14.460729130186088 -2.880631778737503
1.271192286502951 15.519121985173184 -2.8043508076069634
1.192489054384431 12.760625718300442 -2.8042571214744405
0.8332691975670004 8.554812027268987 -2.908267621202728
0.9906683076501963 10.163097774399382 -2.7319829261276696
1.241807139062117 15.540597356257123 -2.884272812303344
1.1049886812849519 12.103359256099672 -2.7399992729675433
1.1598261788031572 13.604063400432105 -2.912711343232333
1.0585319728275548 11.365079590292911 -2.7361859606101944
1.3008798852045733 15.54875357820555 -2.8388898202763504
0.7423987588864299 5.704464267483451 -2.844297126520771
1.0822139793536898 12.053931385962672 -2.917039164844506
1.084000297324763 13.414718288585346 -2.926059726308248
1.0660013232593402 12.266884815268556 -2.7619900927529617
0.9877264239062897 9.631249867788021 -2.868062057247216
1.2148510686592056 14.18585081990605 -2.8893388620966487
1.2685332179925326 15.869758728802699 -2.8566504704914433
0.977002197292894 9.89217743213373 -2.903822120019528
0.8563319692245431 8.980429117998986 -2.821353111938646
0.7361125488904254 5.318371016179044 -2.7943155186686774
0.8125516938931242 8.064762772968637 -2.896245567921898
1.0740452233701254 11.36259643913831 -2.7354716213260923
0.8705029351416829 9.006568700724145 -2.7936444590040783
0.9776978891372303 9.148711146495929 -2.8224702898950267
1.2710125928928697 15.601368215607277 -2.867446694432573
1.1427399054714036 13.24385025391604 -2.7597170022400204
1.1660617401032067 12.312813784753303 -2.785622167544723
0.9283980822815817 8.22232869617193 -2.7860075947078498
1.025438214073806 10.02877476039572 -2.8356945577539308
1.145059549106438 12.7571332546892 -2.748411282878504
0.9966241820076605 12.240981598302323 -2.865532984589973
1.2396033782083666 15.650185030511889 -2.8434500755054763
0.7389435145754815 5.699722468734873 -2.77010144173353
1.1793329446772578 13.66619504863653 -2.762241919494423
0.9689276588973623 8.96436727385968 -2.7493736554331205
0.82310487951725 7.865414245799923 -2.910527394421556
1.2020790411975062 14.96742276513406 -2.897776055645328
1.2821417909634119 15.201734098267424 -2.8040287025648647
1.2333759723998725 13.863602921520263 -2.844190431784378
1.2641527041377485 15.710729828494859 -2.861558338786285
0.822731803514188 7.442535942545867 -2.7571553325481877
1.2654321595250244 14.665381385728388 -2.8491942470330303
1.2672525749229335 15.269261130040457 -2.868022194809499
0.9756331846693601 9.20204559375157 -2.738444539472762
0.7703249600247787 6.832000487673979 -2.80813030182186
0.7902881288154453 7.551041173344871 -2.8620043927975596
0.8884586637939019 8.691484264637097 -2.750444184878309
1.169761637104474 12.50372483142076 -2.8268817488287405
0.9453908915096897 8.921449706426053 -2.863997294674963
1.0610508911716248 13.267730100075457 -2.8415344019636706
0.949390702646923 9.35650194348681 -2.8962835764617507
1.0579999183211504 10.41849789311525 -2.7731422204926073
1.164096569978776 12.791290432202503 -2.7533220599006754
1.0989710349291102 12.509410853055115 -2.7554044766360484
1.0697780889312338 13.554368070802745 -2.881541094144503
0.7362260767781265 5.503950866149267 -2.8187173375031325
0.9018459703530233 8.603909521277387 -2.737463468497367
1.1808000202277549 14.776615679724515 -2.8995698628559805
1.1397995808043284 11.99706368250806 -2.7616170097631594
1.2148175663385978 13.736154861195935 -2.8616252337559587
1.260177016987257 15.136580394044465 -2.799615143922205
0.9661877683136645 10.458239697971752 -2.763384020673754
1.2605381210121895 14.366452670746336 -2.822941603436693
0.8265840776638028 8.33998623077822 -2.897360666057227
1.2566817994229704 14.973642687173472 -2.866480525391453
0.9212603602302537 10.551863970000317 -2.9106863518126653
1.0494029360328645 11.644700625427863 -2.752570073496683
0.8327267958740213 8.578940206648848 -2.863543553024859
0.8538639374058765 7.102319236898683 -2.7524723370527107
1.0908028170559814 13.849763591455165 -2.877073047708577
0.7637824598147297 5.957600641136725 -2.8339458487746185
1.2571792269845738 15.608770740090053 -2.842520689424193
1.2361743879557976 14.547956994629146 -2.8733573335379146
1.0118752003659837 11.13301660727737 -2.7570764107503223
1.151033846215483 14.291116016756048 -2.8107640324496916
0.9801365239360726 10.420825276517068 -2.9215081817948865
0.9735122353768844 11.356026380355837 -2.815760725479
1.0076658737897208 12.00980050552821 -2.8153694521218817
1.0540767083649847 12.021582900977313 -2.925935414769702
1.2283727226846666 13.678331790176422 -2.7924555994697307
1.1807427874485101 14.550833176212768 -2.8038460941488217
1.038196830179772 12.9087596210892 -2.8572317669994836
1.0700738512705905 13.439739592220484 -2.8542349717342876
1.0713543725869419 10.822832970208577 -2.8278372861963312
0.872989276162849 9.430645865785548 -2.8431923462202446
1.150639798796438 12.27877085854785 -2.835360218024694
1.144521613426254 12.670034647029997 -2.8798008082119755
1.1118713159875628 11.886487577734563 -2.8676642125556917
1.2683518292275968 15.457167857035978 -2.8484966236099116
0.9739516350522016 11.583798774499192 -2.842218011132906
1.002310418936932 10.87821775696406 -2.754789568965612
0.8783409484873348 8.833326743245015 -2.9185389684005627
0.7931579183818793 6.225364707328198 -2.8073180136750313
1.188077489491564 12.86466878507592 -2.813477932751607
1.065969171078132 13.408512754616034 -2.884586087792526
0.9231630433516491 8.832691878839409 -2.8845936074122176
0.8974822558981632 8.133777393433938 -2.736612122731912
1.011425418242219 9.701142174244504 -2.765410565702495
0.7923813256420552 7.20042380571498 -2.8859110407897637
1.1279674669751403 13.66388626339446 -2.9140231217315886
1.0509920771518115 10.366420616567503 -2.778500478208723
1.1024433817603192 11.374446341430993 -2.824863702653433
1.1319291632266895 12.78667073819492 -2.8961700699747692
1.1379217304928344 12.058880220073846 -2.8328099008413092
1.2522677300979057 14.324552345562422 -2.821879838229459
1.1615131079931582 14.578665971985837 -2.830331221971525
1.2696257706199874 14.979133074219988 -2.8222832245339697
1.2635931198275585 14.748128356538711 -2.8326090442867105
1.0126255797422674 11.26988407255783 -2.9249354762486757
1.0528215298121588 12.286191428125171 -2.9255871408050975
1.086730737115664 12.647083542283747 -2.773076939172822
1.1392465450290183 12.108390830751105 -2.8353733932199114
0.7967038925867016 6.9573004471930435 -2.7712753508652765
0.9183896531884995 8.147902832460451 -2.7892933471669767
0.8033896556211956 6.896820060290944 -2.870336503590705
1.233121391455014 15.00615824977995 -2.808808623694959
0.8975809315278899 8.515597092571145 -2.742912281576512
0.8856127456208183 8.353894646570806 -2.745442224235309
1.0988849037221151 13.137820826941415 -2.918391323038686
1.2584902910741005 15.266328348064649 -2.8521187585444085
1.0555333712511565 12.77315787195577 -2.8121131195520253
0.8895617430723473 8.87454097561977 -2.765113294366911
0.8790550468989391 7.51781965329174 -2.7896724299643916
0.805220553942485 6.456643324086846 -2.8133468362306933
1.0881448680076182 13.501358251911372 -2.9069441048240456
1.1851411507126453 14.776843724452933 -2.8868577084669917
0.9186859050324758 8.22646660821278 -2.8121474529693327
0.8157230377016718 6.902685175502712 -2.8555511978823143
0.9457030289260931 8.661553542456938 -2.810122333940778
0.8711882708184072 8.869035228941598 -2.7913165978413383
1.1860526085227563 14.05867185745509 -2.892404359745134
1.1708975337673797 14.274428622282214 -2.8994522329711967
1.0990544814200511 13.875032857352693 -2.8748885048131907
0.8465337888406395 7.333531510793531 -2.852676900134891
1.1634844179034147 12.42683025724102 -2.794839344902548
1.1059648706748155 11.858331416891968 -2.7501876717032685
1.1703358039703142 13.710228816049842 -2.894612180604511
0.9407305588691488 10.071726201495245 -2.9243119117189504
0.7592521327494933 5.848162658384923 -2.7731015783598725
0.8850860263229325 9.378302234629349 -2.810078183637006
1.1475239664368098 13.009745811069818 -2.7617170025193234
1.1825783260543572 14.14906679324 -2.7877375175289743
1.204376026936727 13.254843060071675 -2.808081522324045
1.0486854033813673 11.937693995661235 -2.921215714585337
0.8735450658439887 9.177223285799514 -2.8160017303286287
0.8465094348857458 7.347037523206784 -2.744794614599325
1.2251167088698742 14.883982621994313 -2.875358721629884
0.7982607503697493 7.596926227382602 -2.856773817823177
0.9495408338689564 11.094861911298185 -2.8532905504024875
0.756626281862002 6.177121289414021 -2.7915797186004125
0.8370744366249538 8.58575594981916 -2.872798226003427
1.001742188856856 11.630753552943327 -2.9254028178858364
1.1029243806484492 11.575786139082219 -2.8465458160330157
1.0531625847867436 11.719680233245349 -2.913189197144444
1.0314434326046975 10.10397444894187 -2.7671106686248965
0.7470838399117835 5.795714326133632 -2.790310480570926
1.0270894398677815 10.030927532915374 -2.7679818721987965
1.037914398694688 10.266082013360096 -2.760792066867343
1.001875945131038 11.127397452588122 -2.9230094254177006
1.19855234769799 14.244952382477893 -2.8846173352067908
1.1545731356806814 12.43371199227746 -2.8340919632758306
1.1607463629916916 12.673416934251213 -2.8480605680489397
1.038993959074812 12.566660648536452 -2.8230971327274936
1.0617897899481183 13.190320077852217 -2.8936667323965004
0.8250977414323812 7.563583715737482 -2.889608164759771
0.9351434894803243 9.799893152901237 -2.918507411984915
1.0819420873786347 13.53178590040541 -2.8877104615042812
0.9859387996366222 9.311758515047382 -2.7738831613079764
0.796330571628877 7.449668147808249 -2.8315101197903685
1.0213917953424927 12.382360793681805 -2.907288736066258
0.7942336647367881 6.263190568487882 -2.7791877798556954
0.8393886604839783 6.927399488382518 -2.7748278946824882
0.8756922379705858 8.671003541562577 -2.7734439006755585
0.813430236820532 7.548238772013858 -2.888977534843065
0.752900946737636 5.854828556843686 -2.7883565341219434
1.1382031142029385 12.011682846159735 -2.7863220346726427
1.2024675033756456 14.986181458228746 -2.866509946315724
1.1473381966992704 13.788989927491448 -2.792465368428654
1.1864326731714763 14.707712860281635 -2.824403483595966
1.183923315265111 14.430861095241497 -2.8054235470251574
1.110398956892608 11.540452386133225 -2.773942999115227
1.148525366897751 14.356509872852333 -2.8352457414075865
1.0117039537797727 10.377923659749374 -2.8816518762450825
1.13503726508054 12.63474723130027 -2.8800216741011413
0.7601200103053963 6.169687108495347 -2.838624816713319
1.000346533632189 11.646533683957305 -2.921829770432911
1.0938159272729955 12.056213691265663 -2.7548362565286633
1.1409844230769264 13.976709034941436 -2.809934545520578
0.916866212984184 8.265173340056727 -2.8181661100122217
0.9437467107309955 8.691911055624 -2.8150889995879904
1.2192393207969519 13.831230901641714 -2.838610820777356
0.8742588199626783 9.415328312051203 -2.8850921341629476
0.9862792690184413 11.407811991519342 -2.809472314065678
1.1157944624991145 13.600426555070179 -2.8086639057478653
0.816279007880048 7.856851661047857 -2.821938410082025
1.091011863536141 13.531413484208407 -2.89725921758008
1.044582531569145 10.969007573623692 -2.881064102796632
0.7590719447552491 6.362122978923106 -2.8316103303800215
1.1524720718165733 13.68595307919232 -2.7860467397043114
0.9630067279008387 9.530477936307106 -2.7431113782770096
0.9626489761313766 11.331488280815083 -2.894805031625665
0.8370498107691244 7.038838801263012 -2.8230398431094827
1.1062135549084675 13.830117299634539 -2.885618591405774
0.7540879649282148 5.917576796500812 -2.806778395162331
1.0104369227000014 11.433231989929558 -2.7812445282474147
1.2368964506532159 14.462946320975897 -2.8031934902329443
1.2423272789452358 14.666343882394319 -2.810259304360107
0.8856194788857965 9.654181157913953 -2.856020873276389
0.8661067729775274 9.04865451156846 -2.9004660552692183
1.0273291943325824 10.052816858306098 -2.7948623571945523
0.9444564892893663 10.85640251307336 -2.841378104944747
0.9893687777177435 11.878635493052064 -2.8881023972718345
0.8436412291747065 8.183176223561926 -2.791092712640097
0.767230485883746 5.989609015357528 -2.796754561370009
1.2074746481158511 14.70410244298049 -2.813544721168819
0.974607571270615 11.43449464531821 -2.9075687249775064
0.8342604500093875 8.199817817989068 -2.893094872328379
1.06015637467081 13.148117238903923 -2.8678890988633565
0.8972312414433571 9.501998020796153 -2.8039022675529575
1.0638657264352398 12.571300480365482 -2.795208449053046
0.8423564132918018 7.181808913406953 -2.7540321333946087
1.2335140650565166 14.600759292531466 -2.8540517709043884
1.0064677624467762 9.824161649602688 -2.7567721579832822
1.2169743941519657 14.599815399509245 -2.8056736881498234
0.8979230834151999 8.08171037395515 -2.836049059440139
1.0954057759688072 11.887333947972277 -2.754966631832726
0.9315014684592225 9.974511622245513 -2.918208439099431
0.8280675141385274 8.263374662925273 -2.854318213995204
1.0235593720048177 9.995012038091636 -2.786677690675101
0.9430965891955174 9.33058839084367 -2.8873504596751802
1.074378718695773 13.284578682299895 -2.8929491173526793
0.7936439679189873 7.334640759799805 -2.8587358223496855
0.792805492688164 6.642390794994081 -2.770085463650507
0.8493523074733843 8.128492567963754 -2.8960623671652224
1.1419013766037436 12.135026996849636 -2.796070880900901
0.8465505008693617 8.55440709140803 -2.8244134300830206
1.0670077455584122 12.653611119147898 -2.798099501419287
0.955600618043768 9.981927249123515 -2.761269909312782
1.2402030440222802 14.428154081284477 -2.823974177391837
1.0773867363871203 11.529981980295583 -2.8758305613939323
0.8895923700313333 9.62136750047998 -2.899439859484454
1.2028442186555632 14.501706664616034 -2.8061562905894704
1.0093987878160535 12.163200061046389 -2.8489278543955407
1.0702123578922575 12.970030496925988 -2.907959746454889
0.9940429021127606 10.761423969785586 -2.91286462751235
1.194858775046216 13.24557558440039 -2.8187473981500752
1.2007905232640657 14.232016136533492 -2.8741515751429656
0.8492024541838696 7.396240272347297 -2.8447777383069157
0.9260745553755445 9.181251216353521 -2.753009463547232
0.9928752154102836 10.759076294363735 -2.7655285497793134
0.7629822826618344 6.052552145782915 -2.808968498289729
0.83578245606986 8.244138818635435 -2.81815216653366
0.8020729296541301 7.548022345496126 -2.860225884797998
1.130590711760802 12.845390332966796 -2.768332785288126
1.0127378170020942 10.507727621623046 -2.8847279771830063
0.9783786346550116 11.148537702416277 -2.804806475650785
1.0114501022099363 11.237079511309 -2.91564513165629
1.0022512196624542 9.727107903420974 -2.8181060229630903
0.9267779005739833 9.17044202859136 -2.7528074380941803
1.0770868527249573 13.351352428652971 -2.883457020736814
1.1524396601599447 12.421799899584927 -2.783545603153574
1.0150462995124576 10.98951694466591 -2.7600637261539065
1.2337484393987164 14.30719655014182 -2.8288785985564786
0.8928587619098444 8.071095084391732 -2.8428582929509343
1.2037567775914133 13.880458061939127 -2.7888666364489874
1.0322457379745793 11.448652602851922 -2.9104411437594164
1.186589240202872 13.194012722909989 -2.8348501030570175
1.0427378023285114 11.99596657504951 -2.7844780356684793
1.1211891488497479 12.521027039768613 -2.7639881685638485
1.1344775869529908 13.854257295444132 -2.8142777838640143
0.90474652756717 8.333582622947455 -2.7486284676486146
0.803141206799251 6.479120948571656 -2.789320819231479
1.2114000799191158 13.736925863170132 -2.8330057778159405
0.9785257163452626 10.742752882340865 -2.9170986324077854
0.9592012065122848 9.377657861083538 -2.746601884756931
1.141898089038599 13.209624155809335 -2.8906218442614344
1.1933541193687676 14.126033513553779 -2.8752236642420494
0.7791766212675449 6.394182808715306 -2.833521419339495
0.9052591196783365 9.348445727142167 -2.7826862310183094
1.1595348875028963 12.894050763124005 -2.7727508666254455
1.0326385440866168 10.4890973897126 -2.7527339447196084
1.1342728798005914 12.084802087891013 -2.819647450896201
0.9421563114884985 10.114593668983256 -2.78394074207554
0.9381993641865793 9.581650791972018 -2.7608175407617335
1.1961556740751094 14.350808610030079 -2.805337133469024
1.1944051852813355 14.324517000894494 -2.8748704871746944
1.0891985769842591 12.23152790831367 -2.7658155180619
1.2067879404556208 13.591510387646515 -2.8219366958171763
1.1607431176468952 13.037125645291956 -2.7736700007698296
0.8542217097344322 7.246543283938373 -2.7877068901946878
1.1364537675723665 14.169831119444888 -2.858808198056767
0.8397851808226582 7.341324473567261 -2.850745478094044
0.810548947866603 7.221349163277675 -2.869451723084457
1.0736111275912292 11.067659767588411 -2.832485728627888
1.0220941024787977 12.394270404087608 -2.8589012184094234
1.040048764188105 10.71748742811721 -2.7526788253505545
1.150143299363993 12.783281544894825 -2.77109227017292
0.9259276399771013 10.304433970647796 -2.905117597682466
0.9048133611295943 9.983821367494293 -2.8905676656830863
1.2099807916892105 13.68962816340391 -2.8203984191889546
0.9238724278761096 10.15545937378626 -2.909105270697113
0.8463089277377909 8.611489009949182 -2.8782773958682393
0.9908919603911769 10.096209935310627 -2.879777405478885
0.9235297063562188 10.41058118825938 -2.8890795531358764
1.060606105325899 10.97439512533533 -2.7581305819078836
0.8557043330667955 7.626491350734522 -2.7566070370182247
0.7988432890098627 6.489134746355977 -2.804345110237777
0.984889699143866 10.625493020528625 -2.7690106027910844
0.8881768669364248 9.236789104484306 -2.8038349695475953
1.1502590218641446 13.179428365753052 -2.7766297207463024
1.1999994582380926 14.018002484441695 -2.795133786278945
0.8717994603825375 7.845925884001196 -2.754268013781215
1.0666562553074532 10.869175269334589 -2.7744505341281442
1.0797063271783987 11.058586762156926 -2.788674856324675
0.8126674200176093 7.769092126164066 -2.848889559371337
0.8781441392739984 8.492042822800393 -2.8920689160650355
1.1734099090059404 14.188382864646318 -2.8808356099354304
0.813081314178997 6.737953696131593 -2.7712800239178197
1.1477219331894148 13.215542854452456 -2.88324975353697
1.0922723414427502 13.530601516446612 -2.8755672034945956
1.0124093891117618 10.837824386101696 -2.759306152657217
0.8591924834880039 7.344159853513254 -2.7863374181453846
1.1186383173836947 13.40588453895683 -2.8987976922642558
1.194499890683028 14.564964200180217 -2.8659803439183777
1.2281059979013984 14.630555337659503 -2.8308449639096103
1.1071547437829956 13.614695554587609 -2.8890474613372
0.9595626795946508 9.142142993458238 -2.7557591550220604
1.060078688863747 11.694797303625611 -2.76337319890476
0.9600457625224663 9.771179825597956 -2.8915807977483325
0.9546394154244864 9.21443872897588 -2.750713192992878
1.0932380647935334 11.319482743534772 -2.804737096477563
0.879758935233671 9.077796054969847 -2.90180612167505
1.0281563051256524 12.246069587237574 -2.8248417178344734
0.8554014750339769 8.83567136860265 -2.873676851950557
0.8505677209226125 7.243540369847997 -2.772965361320577
1.2136332986593674 14.690501860747409 -2.8511540681176255
1.0956508295987426 13.223403869831419 -2.813096751589178
0.9788271092302374 9.996639238887363 -2.8855098488282156
0.8366968308241339 7.865426229899522 -2.8838774020535753
1.2244659745762994 14.56852860807639 -2.841998174482024
1.1892315704717251 13.273854114692751 -2.82423595755745
0.8523791400264841 7.887899909893745 -2.767773139752277
0.8119943771260417 6.7768006700196715 -2.824049862292962
0.9841114675536977 9.856272895017794 -2.8680534453619426
0.8805687949264105 7.691034104073912 -2.7899447103665285
1.0996892283502189 12.743230990786659 -2.9005805328995087
0.9947162210992357 10.263652382479698 -2.884571031426548
1.178743617943875 14.39637057179681 -2.82461171547226
0.8011429085897224 6.563591703055315 -2.8097271996891395
0.8016974096093105 7.305712995716499 -2.8631182470206884
0.8193850761350232 6.852325077321094 -2.7709876128798783
1.208412791069158 13.734517787759593 -2.8217645229325417
1.006267892198489 11.940423965140212 -2.90035701304918
1.0678859492717194 11.164394376806541 -2.8524118916526846
1.0449892803411955 12.717822800759388 -2.850546217320331
0.8134938743625684 7.534030292820582 -2.871834957914637
0.7843926525344205 6.495883625258114 -2.7885950867354836
0.9143303824744585 9.460887945941856 -2.9061406011610993
0.9660996153335087 10.943243651183696 -2.910509781972732
1.031451027079608 10.927637497337209 -2.884462286221073
1.0585813126632513 12.967376504947437 -2.856750363846742
1.0028611710373903 10.34775012156449 -2.879985257170355
1.2189306641070161 14.584526940820286 -2.843883793125989
0.9261521246650778 9.870096893679692 -2.909708250270482
1.1080758078566064 12.132843028550814 -2.8695862384667237
1.0322228339459716 10.915654916404186 -2.7558685037120356
0.8438293300925502 7.65255502658964 -2.868364418256289
1.0276344249874891 10.164980186958442 -2.785045243671291
0.7975737688598218 6.505274791347078 -2.797490728927937
0.8715039859719907 9.000629878993069 -2.8945305823348884
1.1538679167221377 13.140558088845633 -2.778579014320451
0.9978890274945704 11.721320097349219 -2.9030149218060903
0.8778310538080604 7.831755660549881 -2.7589346738199527
1.0554107235025851 12.662710218209487 -2.821955152197893
1.030982604832181 12.513958461970503 -2.8673079966025914
1.099091623763309 12.263352767960642 -2.7674872822620014
0.9689449638883153 9.488555412926694 -2.7525358408168206
0.856578338986092 7.333987110440588 -2.7852194793959284
1.0508108222134196 10.594952749736207 -2.8077634056068796
0.7920555381449086 6.482638577694068 -2.810581542159266
1.0245221084427028 11.769642133812162 -2.9114279495913804
1.1387763246383955 14.029416381525547 -2.8763982627724047
0.8959199307324315 7.967133420433922 -2.7760354253815844
1.1835430471110127 13.258000235074524 -2.793862719604525
1.1519959601259477 13.684534500019938 -2.7977459022202913
1.1855865159797832 13.709801260957851 -2.8617112080279883
1.1786585229310345 13.274368204335799 -2.8460456961836176
0.9121485679379722 9.971571624654569 -2.830502387325356
0.998417504208071 9.809029160196998 -2.7610914246760077
1.0209733781693997 12.022205585222236 -2.9061581899428024
1.1167055281002238 13.460338629793004 -2.894124401866731
1.16830888619975 13.73066788980381 -2.7939138453665344
0.8984062064476751 9.217823990468192 -2.9027465719643732
0.9689988241820814 11.256717246748702 -2.8460879577534293
1.169044510604266 14.135190004964352 -2.8150540014786243
1.0029102164394368 9.76415044413244 -2.8044228774935323
1.1875799219284984 14.517904762104884 -2.8566120970614515
0.9662477539641825 9.157701075976938 -2.7718229222282034
0.8388047588209996 8.233857642715307 -2.8806336093982
0.9555505714035045 10.480247876308148 -2.7955983486966964
1.1765192688248949 14.45920667539588 -2.849411411022343
0.8715510062609757 9.169752112151675 -2.876621930642257
1.1176145364662449 13.112672879408793 -2.894751450628571
0.9185206608871734 8.851148675550434 -2.8725812943418854
1.1719410407033006 14.017851409537432 -2.8065302231255638
0.8687617781001042 9.094663823051093 -2.8774314533460235
0.9475814758342418 10.746297695520408 -2.899118642753625
1.009063888228642 12.024940958555101 -2.8467009914117907
0.947645293944289 8.970413498531384 -2.7590871794504768
0.9391131925687841 10.583356806026082 -2.8375194129385184
1.1366941344721444 14.051750712238277 -2.8603999629690486
1.0210318526496522 11.320879840331537 -2.9061237756334153
1.1398712572181326 12.822066777426302 -2.7756378536846644
1.1056346852269545 12.747273374405642 -2.8944632545690507
1.0561279721776111 10.690147327947505 -2.794141720984169
1.10368284411163 13.505029336407883 -2.8342875501753073
0.8609937948514825 8.112870940623697 -2.772473897884741
1.1727610831216373 14.04016213008028 -2.8083375773657
1.1272451678543214 13.686512386211845 -2.887253935347072
0.9859509196295785 11.138472330141594 -2.9106909844953095
1.1928482742542115 14.056824306607187 -2.8614869665285534
0.9464454250178624 10.346622800397485 -2.9091056401336597
0.8049661708590277 7.388730772547567 -2.8563584208026995
0.8530244723517979 7.547728080649114 -2.7634243369565885
0.8628928313189439 7.993288884097642 -2.7661888459723887
1.0517722493174273 11.868568899937767 -2.777760774325764
0.8877410333426123 9.47877279797077 -2.8865959599628574
0.7825261280227992 6.63136947317832 -2.8111191505897937
1.0435971010407195 12.324684688593551 -2.9043283553329484
1.00875790894663 10.552886019165197 -2.883550338347651
0.9520183279417358 10.867271736545883 -2.842136658620925
1.167360187819327 13.427499789008944 -2.866277106033351
1.1724706847673065 13.443840888486037 -2.861036789901438
1.068074957032711 11.017281380809356 -2.772911662680385
0.9452699407346821 10.275718783342898 -2.908287096269232
0.8284837576081833 7.69138132245353 -2.873086716811719
0.8715178520924345 8.88087013776338 -2.8121350040588013
1.1290853865763417 13.766096599249025 -2.881777512567913
1.0636864644575563 11.218922944444113 -2.761794703260724
1.1531007001539715 13.227875646349672 -2.871817747599991
1.1364407854088883 13.98195709876826 -2.867790124062262
1.0798804583124983 11.145371333132426 -2.7931586487018802
1.1664441029628456 14.199330759443438 -2.82821780926142
1.1144591241186195 13.369644141235172 -2.8104130631201
0.9748985168808988 10.501811943086418 -2.7769840523338583
1.202235265543382 13.865328007939377 -2.8364842550116913
0.9746749465827513 11.23350262652216 -2.8320296481574925
1.052177107135854 11.583283500447012 -2.893141756832005
1.1952791555582811 13.573405934849642 -2.8230642214508306
1.043396518578383 10.58188117819981 -2.7712774698528615
1.1894793945284952 14.422646894880469 -2.836490829360235
1.082168518803479 11.683062386910871 -2.764762751907968
0.7897098234673277 6.836032082334265 -2.8119141599529796
1.0485487827499553 10.620964368794448 -2.779256688470642
0.8349747538956056 7.319965219630729 -2.770659173465945
0.8253473110006017 7.923141205956461 -2.8311375498078313
1.162566837675709 13.959324614736655 -2.8130330207821532
1.1905938313295708 14.428830697331627 -2.8398527676354153
0.9402474894099921 9.6240388294475 -2.767854078167991
0.8214200348333065 7.5227470170591815 -2.795911265037221
1.0589655327354397 11.675471314581543 -2.890935117108665
0.8414923066977773 8.232331294449226 -2.8186276136806043
1.0958884397246875 11.906997119070285 -2.767542172970654
1.1460483037124292 12.444897327436081 -2.7997646924461543
0.9580047703799786 9.114951850042832 -2.7662607102466477
0.9107830556199892 9.29102680910127 -2.7806181866461093
1.1116777530736037 12.909720299869239 -2.787987528694053
0.9247994420507166 10.143123727643914 -2.898875572316494
0.9308395911087772 10.253492257609663 -2.8230051334406925
0.853286966062164 7.504937623559389 -2.8332128448119445
0.8310794966899376 8.061351924709212 -2.8322148896108787
1.0791841120979204 13.128218971284928 -2.8401802524199447
0.9251795755749171 10.33387382831914 -2.8549800215223957
1.0234589376262624 12.292619600804235 -2.861900909121953
1.131391360059765 12.765693375812997 -2.7782853568165553
1.1105065979852495 12.206990566401839 -2.77132767594351
1.0883962342016276 13.33890183382113 -2.8692176343330145
0.8606570277616822 8.863213167308874 -2.8570329377880532
1.184139530446687 13.739798430533288 -2.855693470764703
0.8554117434538144 7.57756993137894 -2.7671049178562384
1.0458790214583362 11.929589703310642 -2.7875742190962476
0.8221119886748074 6.949469187941436 -2.783296526463028
1.113795092487062 13.340226504849884 -2.8896604463974773
1.0530734062037201 11.635311764482443 -2.892911721870377
0.9570909101302555 10.09331832089638 -2.775029888667744
0.8314539073507067 7.052656286658034 -2.786303097599853
0.8067120713914193 7.404523164321451 -2.8468708131338816
1.0644798152378252 12.195679232750988 -2.9001882962523142
1.1620828928521487 12.83022615675687 -2.820895177470369
1.1417006629614965 12.438081584265772 -2.790510019467587
1.1383180201499377 13.497546288538445 -2.8026046132565394
1.19446786898608 14.14052076008382 -2.8520101879534727
0.8780638877494579 8.680494381997246 -2.7871568170733703
1.1998094853076804 13.892038814143621 -2.815063916093257
1.119649435813149 13.336327116186972 -2.8885135764085197
0.8803215446138345 7.8334916304352005 -2.7722780878637368
1.0361602487459047 12.502490076490567 -2.8659362633761427
1.1697383857465373 13.716967505838834 -2.8673620776261535
0.9622045588252887 10.481242940838886 -2.7915232582164906
0.8654259714053681 7.722056065049563 -2.835937189018555
1.1759320375876694 13.964424418168742 -2.865342455716373
0.9794819666314474 11.460521284280244 -2.8686340524742406
1.0321662187541119 11.633711321491575 -2.784937193079883
0.7912702494869027 6.813490711685411 -2.8183528434295413
1.1925084786566802 14.312592297973472 -2.846809268911202
1.0650992895685982 10.950975505472702 -2.815407789914298
0.8986988230420274 9.721149079176568 -2.8773510246375995
0.998188284120048 11.63152600981929 -2.829757651058955
0.9535542929399248 10.326715840719972 -2.792695561476571
0.8547412956066041 8.140938350317954 -2.878756000641893
1.045543232767155 12.254753103713671 -2.9012039892379615
0.8594409443308698 8.11613779149732 -2.779171030426316
0.8868781289775308 9.164658697140965 -2.810814640365687
1.10988936310219 13.486767751319766 -2.83162150627769
1.05815177463283 12.347155769373796 -2.9008205669829428
0.9974851204613278 11.517466540529634 -2.9015886560285447
1.0341896418144627 12.068010703403187 -2.810357316231059
0.8038707938152505 7.15906672504733 -2.8463652047956147
1.1794383315874306 13.825202077018005 -2.8592347832259373
1.1635287780670964 14.17723045148083 -2.846863674198846
1.0061566824071502 11.943820892780828 -2.8747040769101417
1.0529935263366443 12.242222840283738 -2.800945935489806
1.1350301249868175 12.271199109717683 -2.8028968837732053
0.8648495761184891 7.634661831316572 -2.7730930754447902
0.9626024779292207 9.283415328181947 -2.764684471635796
1.0979383792334265 11.642817795466536 -2.7804062904184637
1.1465015145593915 12.678149915044083 -2.7876923583235858
0.8717389579774402 8.871935817599976 -2.8167373681916104
1.0396971654929539 12.290384127359195 -2.822349552095309
0.9586916887060866 11.022139270889314 -2.872389971853665
1.1938264347919914 14.022326535203485 -2.845443709219568
0.8923484799818435 7.99211881701428 -2.7989431717013717
1.1439234244053076 13.983717905057539 -2.850022620235603
1.041420648882029 10.674130731784608 -2.8378231739178554
0.9222712949031915 9.237689357141464 -2.886705705635653
1.0002579965170142 11.687034179948174 -2.834021651866167
1.1539974858909976 13.931414010517791 -2.824382173889247
1.1421154393894681 12.646548200373802 -2.785053857755906
0.9789470595846104 10.720364401304892 -2.903859875173075
0.9981957816647664 10.273363777040489 -2.7605712365385333
1.161315425196123 13.654908242697818 -2.802899288594557
1.1358356930466575 12.3019741058226 -2.810233169636354
0.9673672944573086 10.149993066085 -2.771183905300565
0.9706639184577094 10.273084345048385 -2.8967153143667406
0.8135063266692887 7.032681604588541 -2.788107124307403
1.0258801983589687 12.136882997074975 -2.8928089052840944
0.8376468220300154 7.327354302302305 -2.7765483738034
1.057484065139175 11.458696149049274 -2.767455662276214
1.10108786783334 13.429466184877146 -2.8710976447258325
1.17808769438861 14.057525519452321 -2.820219853034531
0.9861210911370216 11.551287984816259 -2.863676875940336
0.9799870234337676 11.42262285461507 -2.876972262941539
0.8742147746348714 8.850386773766905 -2.8873042437892327
1.0516339508328447 10.711185240179349 -2.789127506716951
1.0497956103675992 12.363512117862387 -2.897078125403924
0.9694127465981295 9.32718122060598 -2.8183988919975613
1.1604109694957165 14.101564404640115 -2.8444656764208593
0.9636996413442255 9.177893904086151 -2.784567379336078
1.0500278734010842 10.80434197759133 -2.7725757026694824
0.9638530070330115 9.267030945212591 -2.8251257948953556
0.9235201998539764 9.976591232352577 -2.897323728877425
1.0183970234726945 10.451422156269741 -2.8567842471613076
1.087468668330557 13.12641116389607 -2.8314777481161317
1.0213924671072543 10.888824700880054 -2.883495946008124
1.1567628540400992 13.98785802971325 -2.8302032949810414
1.1259672725705752 12.146322069240439 -2.8199388514187715
1.1719999308474605 13.26461227846558 -2.8384819298448383
0.9575825420519521 10.973757936280276 -2.860801065886907
1.0927804187947978 12.148752294825211 -2.8770275510247054
1.1651603411845424 14.130739152130449 -2.8498123817055694
0.8209910021919237 7.104533189689478 -2.785077375148744
1.0454097897985857 11.372611075198689 -2.7693655144984
1.1836780415359172 13.632742824713171 -2.8419433221585075
0.8983845920525669 8.724112917478855 -2.7704020627320007
1.0481839935098836 12.448839972254758 -2.8927017480522075
1.1458932855113937 12.73102439822283 -2.788654940097766
0.8904945004821307 8.937408441606703 -2.889695993596269
1.0251161368185349 12.225099508193427 -2.879559915803269
1.1915371866191733 13.860856387181684 -2.836969228732362
0.8882129846168478 7.990798792942515 -2.8147518787206387
1.1613747890075636 13.500299870619422 -2.8638900972494774
1.0003061492425678 10.885992407012631 -2.8980064741679836
0.9418946622581498 8.817659951696173 -2.7987869517426134
0.9445155419011011 10.579973909898314 -2.8909221668470955
0.8228899633544222 7.760827076758339 -2.8524710978812178
0.9263922733102272 8.66415096934794 -2.7692299618677407
0.8943348879618358 9.505711964371589 -2.8822194903620257
0.905459911995306 9.460065456908216 -2.8049976665550176
1.0702367739241183 11.341910779981388 -2.8510685642577083
1.1262842068185592 12.224671382533877 -2.8296439748894873
0.9555404714321171 9.257032955566645 -2.842614287654186
1.0666315275071823 11.010037112765104 -2.7898690967023914
1.1826126087060278 13.627879584189715 -2.8097879564409984
1.1510202483883256 13.681161814346828 -2.8711200915405595
0.8884402777375077 7.956928172520048 -2.791468648068884
1.1021808673153437 13.211376379614965 -2.820864664806834
1.0489068368482428 10.760054042319519 -2.777265648551912
0.8848913703815355 9.354170256683553 -2.866538431055991
0.854600965419522 8.202384239669913 -2.8754954797548615
0.8404388417038101 7.24944139806785 -2.800137638906971
1.1559388742057486 13.016583134709743 -2.794102571007067
0.8551535284366245 7.549946850749539 -2.8241806344781835
1.143846663180904 13.26792795229641 -2.87045053134689
1.1604631795891351 13.659839034029432 -2.8648524773365276
0.8194544859621246 7.356530582961356 -2.79878229221418
0.8962917548537632 8.603043778280192 -2.7697783370544227
1.0254974477743073 10.266495289893646 -2.798574362633464
0.9172868637507937 9.790183840778417 -2.894547259558963
0.9834054665939839 10.258627598318094 -2.7674253744922717
0.985369413470431 10.527510023026702 -2.8939800433701466
0.9393908611402647 9.117389326136058 -2.855524310136701
0.8588640146465778 8.565869140483493 -2.875785049910591
0.8645284399119214 8.238457765196308 -2.7844147792748553
1.0599757454146543 12.739577935032852 -2.8423486753876857
1.1711091696607643 14.05469924319398 -2.8502450650316167
0.9396409516423427 10.57080552967271 -2.8647068384217933
1.0340532151608997 11.416377963327742 -2.7780955488881167
0.9686319013580302 9.361215326285338 -2.7731570963728247
1.050560015403837 10.996235091006255 -2.8505701703243798
1.1437322202141347 13.82202661774467 -2.833762896538426
0.808892739446901 6.93985166635659 -2.8080472567598793
0.9731627726478986 9.874118501199623 -2.76376471722154
0.8461260058657174 8.286885533448821 -2.826011770021562
0.9869761260982042 9.927256534441094 -2.855496665234379
0.9827243453869408 10.843821354312919 -2.7947244984621826
1.0578398897307029 12.654123411431616 -2.8835100570372223
1.1702294983987092 13.815234311240737 -2.8566829425486615
0.8868833309050246 8.55746175228997 -2.776331071023372
0.8352122540086564 7.771197498476728 -2.800530632716316
0.9170583514230055 9.319736119178287 -2.7818404888036814
1.0042530240699428 11.801865240741567 -2.879444262899037
0.9299890306233447 10.127163512412569 -2.8929937490749413
1.0694356760032262 12.895554463828107 -2.84655162140957
1.1792380881762807 13.638646410360487 -2.839421892361697
0.8448663114192179 8.214052394072631 -2.821746826320189
1.180318173634293 13.977747792102143 -2.84215617030627
1.1018033731468506 11.861040758474118 -2.781881603602008
1.0137878741731883 11.23149383123511 -2.8970419024289926
1.0204053370326165 10.450660641379276 -2.7675386833628437
1.1235485042649984 13.113228542441789 -2.878216261160934
1.0581464639371356 11.446036417246866 -2.872482133649262
1.150801283202742 13.013960235418196 -2.8498647748751402
1.0523209697733622 11.102952122354639 -2.7696709633114462
1.18293540794147 13.68123295403318 -2.8261552919496653
1.151793152517133 12.791002289698817 -2.8255531477557816
0.9278829314143794 9.760915581193347 -2.8950403194215886
0.901924758715237 8.50303324522132 -2.8523793427747264
0.987536386813206 10.75838875194121 -2.7856693175806244
1.1732792677923851 13.544568086525407 -2.844503831291556
0.8331540813295973 7.306340007874679 -2.786644953153444
1.0384638721656207 12.40212704732517 -2.8747046039960145
1.0965048638545996 11.88967038042053 -2.8515556636507666
0.8242146047483374 7.614451959941972 -2.852166377283207
0.843597879775242 8.227402249215128 -2.861874659659738
0.9498294138045182 10.690015496266762 -2.883802576892328
1.0730530695128988 12.765793591452749 -2.886265498450643
1.1217722070687248 12.144229613267647 -2.8219719152161225
0.8615766841170307 8.026479028675247 -2.7800751654025104
1.0058045603470251 10.260379903226411 -2.7658464645132947
0.8908546650162236 8.237171441678788 -2.8417257486287086
0.8681588511218445 7.75538712411703 -2.821439200877853
1.101504519173349 11.70452900053876 -2.804492393298362
1.0068309283162746 11.858914715121276 -2.857620047102925
0.8672723606163621 8.464792117368345 -2.8774633857868372
1.0224503351487062 10.320797746939935 -2.7770724744261526
1.1160628797738108 12.851990357404492 -2.877562267051772
1.1378424804132488 13.686146259520521 -2.8296139256437294
0.9010079293039402 8.194488600152408 -2.7953301968530715
0.9476064758274625 10.515926185634887 -2.8921407471905898
1.0842106101402484 11.397786755570033 -2.792018876274245
1.0973916639598036 11.81963326953725 -2.7806277336415786
0.842242750681374 7.9115460549473475 -2.8639178141559007
1.0894142053120714 12.145413363351942 -2.7795766703851204
1.047926241244995 11.904690916032807 -2.791990036879653
0.9650737395053867 10.516455691417411 -2.7968270591943094
0.9127485064578618 9.716025195323107 -2.81853565050267
0.8776021161882203 8.988119372514786 -2.824201648870514
0.9696826705753672 9.641484076537084 -2.765139670316681
1.0044076185985602 10.26189029663625 -2.8563827808553253
1.0643962755052625 11.54903289460188 -2.7727999727801835
0.9887954744141669 10.532017309986752 -2.775327385076954
0.9111727489477237 9.442493932351752 -2.798294611331926
0.9847760729824651 11.351471291810602 -2.886406178137439
1.172453768304433 13.961354689834321 -2.8420589748937255
0.9799535361477246 9.509093791894669 -2.8002281633066217
1.0899057756848265 11.98950401795632 -2.8663726521176187
1.1029448986180692 11.871339235687788 -2.8352319739099627
0.9750882954281432 9.750284019408612 -2.855566785414706
1.0088685716397947 10.081979280186092 -2.8232818098623165
1.1163240807148676 12.813974381305428 -2.875556300647718
0.9594186615152476 9.73439834527954 -2.8748321311126666
0.8316596670480769 7.879054006963292 -2.853128722223601
0.9180342950586405 9.028292857445201 -2.8726059961621715
0.9048436028417371 9.053508293973882 -2.8833923257791434
1.1143338571094177 13.45236377895533 -2.8378379387896366
0.9732217857520858 9.588094023475474 -2.7681612726049227
0.9972873729109657 11.57404892544132 -2.8377745931197467
1.1752997258521223 13.903725015696374 -2.8317083056984407
1.0530066197674768 12.635017619630416 -2.8568558411331026
1.1280798937593275 13.396025323955678 -2.8155518414211214
0.968257353141389 9.68177673184987 -2.85945508666776
0.9635491158876032 10.731997856340548 -2.816641604750253
1.0457332367338852 10.86230205687469 -2.773847910472397
1.1020262119289026 13.057970629106434 -2.8812478401805466
1.1413084548711563 13.744326851347203 -2.857416265480839
1.0521793358212634 11.08356141435964 -2.8518880548501935
0.827093064536095 7.1784201361275315 -2.8037306431249105
1.0921718258318287 11.555614696709954 -2.8025481322510064
1.07707406418274 12.519678279643195 -2.8883772729927317
1.0834485943038308 13.041911069972375 -2.8709708962423472
1.0749898034328453 11.793489063007181 -2.7766769169625047
1.1385690616038306 13.462296767305645 -2.8684909013800035
1.1517682661785835 13.732135849505982 -2.825979447705687
1.0191898153421581 11.718091729564375 -2.8128061293675293
1.063056616179241 12.08668093769451 -2.7910840800275145
0.9148260930867145 9.67721064859853 -2.8126658484499187
0.8836190273152735 8.063432828209166 -2.7766330110822497
1.0168672768327627 10.174630262812041 -2.8043614764291496
0.854757444148105 7.956017971035465 -2.8590278494486263
1.0088855519007096 10.031359759400349 -2.7945338908928745
1.1407600132001425 13.010832599950064 -2.7959088690418312
1.049477121646166 12.55505258246989 -2.85627492574085
0.8227739149437902 7.350079283020936 -2.837131597580579
0.964012304353893 9.299316483501674 -2.7805539948373474
0.8552289222176636 8.450457774877437 -2.8268366927352275
1.1316721006561645 13.06269279458599 -2.798371354679836
1.0786709452596062 12.897558884020121 -2.83338539504204
0.8385740301055264 7.337787930895844 -2.81208202602833
1.0266419440319832 10.607546615096506 -2.7708251319243535
0.9871640394169514 11.439708633547003 -2.853597284418541
1.0559044917387814 12.63970455898392 -2.8695166407959025
1.1529326375130724 13.482161684379829 -2.859138074601419
0.9996909968722999 10.728578089076908 -2.777427878296181
1.1477015561114914 13.689588605026865 -2.858810809260351
0.9813672864184326 11.311986429929195 -2.8770478224810594
0.8414906674076896 7.485406501327508 -2.788324366566915
1.1555468741821824 13.646490596692605 -2.856792071633845
0.9221745213699151 9.602001902200763 -2.7958815020491596
0.8284786529814496 7.732912562974499 -2.845543557243513
0.8186730844186683 7.216695927852639 -2.810050298959889
1.0711970529804464 11.313041246837141 -2.780820943956293
1.0893478381538189 11.912072687994748 -2.8593732847023006
1.1598421426931318 13.085254109886973 -2.815696752027841
1.1117965661211464 12.666151918419589 -2.871932160323891
1.0859515967189535 11.464711929598076 -2.812177804199275
0.8723627903181486 7.801828677912998 -2.804561840945863
0.8864090302702936 8.907273919677515 -2.8013333095307065
0.9370648090804513 9.124551508245874 -2.853649511275568
1.1112606114182995 12.53340076665417 -2.7880312830217804
1.1555391703759994 13.666052865290817 -2.822036390121678
0.8336520339553668 7.417512824067681 -2.833036467245595
1.117437987474369 12.296960604231879 -2.788581531812584
1.078398564336791 12.566747767352847 -2.8860557955022452
1.0903096565666204 13.062509840423791 -2.8350129284363943
1.0349321570783847 12.126424959514404 -2.886738793490668
0.8536795501781169 7.601132313448248 -2.8228164669535136
0.908445945985753 9.342132850332673 -2.8866242556319346
0.9233255647586386 9.640290386509387 -2.889530708892526
0.952699582448788 10.669524818508782 -2.8828313407810406
0.9082658919644391 9.46940676792597 -2.808744221694127
0.9067077880456458 9.662185987422934 -2.833639029726409
1.0304009725439416 11.853078719933505 -2.8103902697724905
0.9731732113846947 10.483489640484493 -2.892764930661982
0.9715929110172132 11.131086632066635 -2.860414383266633
1.0616349135077416 12.3991056959772 -2.8873539277060223
0.9250701240864267 8.871183179724694 -2.8465785302584754
0.9231953905127149 9.260460051455887 -2.778192011278386
0.9851383005983596 9.909969045383185 -2.7695656064924266
1.0930691158994454 12.848053267666135 -2.8125581637041233
0.9636517847347771 9.607291910842974 -2.8560102903284106
1.107796388538242 11.997761648273666 -2.7925391795403094
0.8513441624820046 7.564398403875959 -2.7916234128824944
1.1157079251799176 13.366657828302188 -2.8339962798974225
0.8707405700519903 7.83584622415812 -2.8171873486767645
0.9979916701372238 10.103883684854932 -2.8465944226691766
0.9099661036023111 9.753331359945378 -2.8388083324505256
1.0656985146973927 12.669451037237978 -2.877338548699699
1.1336497396305687 12.93942831604696 -2.8590859125727617
0.9405565515018777 8.902573894691706 -2.790312312491581
1.0783340301810216 12.102943799247628 -2.786137921469697
1.0437389230628775 11.073011717304531 -2.773710986657827
0.9866680655194427 9.708907680594118 -2.7848339146741075
1.0081011052627793 10.290345135321305 -2.7719320674971906
1.0229640210396282 10.95193334159272 -2.8762909138303003
0.9217600258598063 9.458968140807222 -2.7896686119211864
0.8674714455740036 8.194027109295824 -2.7870592584552902
0.9574430137164647 9.801982193764376 -2.876549245354121
0.9871202286501107 10.453881205309576 -2.7774939309738604
1.1250087217654878 13.294589633668673 -2.8683065680706026
0.8565807928295239 7.654242227827647 -2.791213063273577
1.1532012903550917 13.150334165778544 -2.808937203652409
0.8676420800703345 8.096420221699216 -2.853132387160319
1.0185404379671894 10.246139647126578 -2.799030807752939
1.124552394141751 13.049373184012266 -2.8681600604549273
0.9543127278892481 10.745470770076832 -2.870509328836781
1.0651762953799735 12.464297419320786 -2.816011456603798
1.0650249364031261 12.649002761291776 -2.8760247454353065
1.1485413354277798 12.952331861519793 -2.8344656500789247
0.8433808719982661 7.537306212548167 -2.82802498461356
1.0501249921564373 12.4918069285412 -2.8498884886714935
0.8461109719266728 7.578935572713275 -2.8290880056546728
0.916608991967697 8.704891080988734 -2.7742647678932952
0.9543756118601898 9.966615049183618 -2.8852663189049728
0.8861566614774602 8.868621476499468 -2.8772054059494474
1.0006435835458767 10.12532703744165 -2.773657092155394
1.0348230500954956 10.631446603930243 -2.828594990369517
0.8714028602793746 8.04950573162742 -2.781921437918999
0.8422208940336742 7.994437600984805 -2.81845008553204
0.9725208446660462 9.81030171108467 -2.7704612579087264
0.9690675891757884 10.263165136349546 -2.783748488612651
1.1384804502122519 13.566245478407081 -2.8334293065645917
0.9935541474871289 10.889793731980411 -2.7924922767101217
0.934120489986445 10.015616253858495 -2.8882716640831223
0.9251370128845311 9.91012249566293 -2.8194766174032466
1.1002474487009608 13.106661274292888 -2.8303418420888815
0.8383448947822245 7.418526507545876 -2.806362768520777
1.011883976231437 11.445556164499838 -2.806873134547324
1.0256485523647667 10.390177405189196 -2.8075824371544096
0.8633212653488995 8.237665630391593 -2.8626260448318286
1.1515478312493663 13.441868218419515 -2.817861106462183
1.0276634434449747 11.26828972754226 -2.7835773045281025
1.0547825007609877 12.193384645231232 -2.886472914167003
1.1476328328248502 13.430613927149635 -2.8538196379523364
0.9148662522022678 9.416833438909038 -2.8837800167354892
0.8806175978077384 8.410797613949653 -2.7849109618392864
1.1437169221023913 13.600419737204843 -2.8469589273610416
0.9115814545002514 8.729401822725059 -2.7750281325107258
1.0864195439274598 12.278888433758087 -2.8748872102995993
1.037064900454607 11.892989911961228 -2.8885652405594646
0.8845760317630109 8.056340821144106 -2.7918389855593677
1.0726206275980372 12.3966348032884 -2.805495836694249
0.9141963742885141 9.732334918844344 -2.827288140905905
0.8501173503727372 7.56853717291326 -2.8090006174590663
0.8559473547369018 7.970593352558686 -2.7935479196072768
1.0729671860047425 12.739464579367644 -2.834630019545248
1.064494486548443 11.142802709131383 -2.818796849456076
1.1097851438673587 12.734054948246103 -2.7993038726701993
0.9984845163878419 10.432918505668972 -2.7738809408547236
0.9802543551270853 9.604177437320777 -2.7948405872817492
1.1368319912713634 13.25211223737265 -2.812873162492573
0.9088099483724098 8.757571484216497 -2.8560286379631763
0.8456754442806985 7.570421070967831 -2.8231598619995353
1.0014571044551215 10.19965342970551 -2.8463441137071683
1.083851384453725 11.773544258919173 -2.7841242289945765
0.9828504756456942 10.100305560555148 -2.7731425777539624
1.151095390285337 13.55075986790897 -2.8433441016399765
1.153831103454811 13.157581784086497 -2.8251900997374695
1.1285373767492966 12.590192432005315 -2.8395655770203363
0.8637012515659808 8.45406861129516 -2.863821680900955
0.8473510697022146 8.114603138782048 -2.8511329947910964
1.1359318803535752 13.188041376437958 -2.8576171111470385
1.0579260587807806 11.752004758855463 -2.786433313822566
0.9536293088773109 9.649273595962446 -2.774987890508826
1.0794710107300813 12.584228100068254 -2.8793017164812014
0.8639342618867021 7.8391612658037415 -2.8265731070953017
1.1420603729553354 12.988446916707169 -2.8433369839233165
0.9570779738204782 9.828628700957024 -2.7779958940606413
1.1364185230795905 13.248282000935403 -2.8573869471037123
1.135245604820793 13.40310738538877 -2.8259759901920267
1.13066126553421 13.466174767413424 -2.8467029192512783
0.8401631529070458 7.519001672843045 -2.819615965553242
0.9921553548466849 11.234349793569352 -2.886816058413704
0.9601596236814711 9.528636912838973 -2.7737631559595366
1.022963975598583 11.048156501962389 -2.7805576473563933
0.9281356400313698 10.152186322907818 -2.8591714195323377
0.9921918782146465 10.644497423341935 -2.883565635822645
1.0964882073596405 11.913434975002163 -2.7910496789059156
0.8700446690307242 8.477499437193782 -2.804478115199524
0.9413031594231402 9.361071556685772 -2.775116518236999
1.0783550406451163 11.566520479914681 -2.84004483473724
1.1472922302131332 13.38405884836968 -2.821676777996168
1.0357051891323148 12.082084870082827 -2.8297581759779016
0.9847888761476311 11.253402586304155 -2.876317176828258
1.1509632417415872 13.14037609861397 -2.820282313702485
1.1500772154252974 13.4931535050716 -2.8323106012767107
1.053234309156676 10.950080751686315 -2.794983086489567
0.8566942698421156 8.165727676688666 -2.8566277666319975
1.0928364497823095 12.046789411559736 -2.855517161849014
0.9778476773515068 11.003388641660859 -2.82650754572682
0.858151517349852 8.218739353663114 -2.8076034626925788
1.131966102102342 13.14968925433739 -2.8124905465363788
0.9496428182511919 9.32372933851163 -2.775169614396977
1.1235312960017072 12.378133362518744 -2.8216466952578876
0.990189087271301 11.056400818480911 -2.810372674839974
1.0153511520945706 11.224696393147756 -2.8864084629048015
1.138772072533099 12.799598458299977 -2.8309495030756153
0.8381803721898804 7.779933715684064 -2.8374375478639435
1.0349344974828998 11.6021623154028 -2.8851573938324426
0.9511438781693635 9.534280876029317 -2.7751704620038025
1.1198454327355543 12.680884241363122 -2.7990777088682695
1.031947461450907 12.00777353452 -2.8297122148964173
1.0911922902845872 12.385929789641773 -2.7958977615096483
0.9438547620695816 10.311787792158684 -2.882156480110407
0.9271292820422438 9.064118004302818 -2.776732626187984
0.9992814089635311 9.969170681878408 -2.808810111485987
0.9992814089635311 9.969170681878408 -2.808810111485987
1.119671067482962 12.307024237293293 -2.808069588757906
1.0547381284009447 10.97149931051193 -2.8060659677915005
0.9489285039786156 9.105996680493632 -2.8054529217427167
1.0772234173040105 12.583478210448986 -2.8767432800069237
0.9600193665487624 9.900294123750689 -2.779880588405613
1.0664366408975594 12.51852931109503 -2.8760561254629096
0.875384006676147 8.105018998701377 -2.787162129582559
0.9304901055812929 9.003282637938854 -2.777281886232314
1.0139528882539222 11.816204541286957 -2.865549695034801
0.9458982315892978 10.471118457227783 -2.844457424087601
1.097899555038506 12.030750957056002 -2.84465471685328
0.8774044641553893 8.682713075468202 -2.8090842561359755
1.0306440300201702 11.14595714521966 -2.7816603681308294
0.9342931692819989 10.04108805497318 -2.8821216514965196
1.0249834618023241 10.437149662426988 -2.797782544264358
1.0030272008546128 10.044002104623655 -2.808343808916703
1.0712596078580605 12.667796214787883 -2.83622087466585
0.934768170813755 9.711182775320609 -2.8813484540809844
0.8927251342607379 9.296322328783457 -2.8594164437671132
0.9404681176080574 9.579434446194366 -2.7828109514924746
1.141295499397202 12.896598800128695 -2.8190533165201885
0.8591869939802221 8.269042653857841 -2.8555655398662942
1.1403703994124428 13.06167070122111 -2.8140762328107356
1.0826126639109084 11.533874382687907 -2.8057690134710587
1.0826440475291794 11.546841808230695 -2.8182542308112164
0.8872840780337338 8.795978078164218 -2.8690135368837844
0.9542206256901145 10.346168283239935 -2.8854688509732647
1.0500233574509907 11.422982169123811 -2.8674487858750366
1.064008805820686 12.474269713528075 -2.8745590137962913
1.0419944845930769 12.157659115867995 -2.8306020003135615
0.9576433614038754 9.310979044682025 -2.8202509971287695
1.1313138848659514 13.115381070645592 -2.8538368603465147
1.1257717463409078 12.482641971263602 -2.81875993749488
0.8534532764451179 7.719813636501548 -2.8173660660006625
0.8836898665469706 8.132489550078926 -2.792994888327636
1.00234528779914 11.3960081376204 -2.822995842077909
0.8911854234979679 9.11641524254465 -2.8221539036009013
0.9162036190742848 9.788623606565245 -2.8695091418187975
0.9206369308991241 8.66413174243019 -2.800952279672467
0.9422554326152398 9.072278802297488 -2.8228370815940815
1.0798451918818737 12.496830507108443 -2.8749079752273925
1.0392334040199402 12.128977598129387 -2.8739235380336554
1.0115302358608909 10.221469697913692 -2.8112971625838457
0.8974385377217973 9.277127814397204 -2.8256165275134886
0.930095868857438 8.96505911045345 -2.836358582463988
1.1400885511564902 12.94339326845408 -2.828148380021046
0.9455794147765919 9.71815711056719 -2.7856223711078574
0.9443028031388224 9.749614030723478 -2.876524670086325
0.9327024713090547 9.100328155134143 -2.846694207739601
1.1411877865838673 13.210056851781387 -2.8395264736877315
0.9530128634749203 10.468621456302703 -2.87967542269445
1.0252594344232624 10.774173995304844 -2.8540631967909675
0.9648703826260929 9.596042374334631 -2.7787786989236203
1.059394710850821 11.105230772550891 -2.807588535339081
1.0599756212921954 11.191383334367952 -2.829543965891019
0.9419753687135115 9.552211646495383 -2.868879746091367
0.89413176127292 8.417755713551049 -2.786537272509666
1.1120758485166966 12.694898890576601 -2.858512832521283
1.0579383695278033 11.440055973348047 -2.8569541525881093
0.9689713452731595 9.720741256395463 -2.778482852112316
0.8647425038272347 8.206336866602921 -2.8026742098874786
0.9597316052131628 9.587404719509971 -2.7784917565320857
0.8756718456500803 8.180826771929743 -2.8388473325635877
0.8913383331365543 8.715176075366156 -2.862055268775899
1.0859971001756148 12.634569479257127 -2.8703223830808144
0.9617621641226675 9.429238377578995 -2.825042339907755
1.0010965208040512 11.515783255443013 -2.867608057392695
0.9303308466185423 9.659413152903149 -2.8780228618473953
1.0888139980819127 11.876499318107962 -2.8418389512948057
0.9782517112502402 10.31593193033453 -2.785645486951501
0.9182416982734319 9.19406318660303 -2.8678532490567923
0.8998244034356795 9.417998669552794 -2.848247689797346
0.9997066978783655 11.31608855859467 -2.823180585180923
1.1311582246072622 13.19698617532036 -2.84518175725541
1.1234154801348202 13.220330696048217 -2.839421205464223
1.059221854717166 12.38563084141191 -2.830401229549655
0.9792558521898616 10.813104017591307 -2.883597673525566
0.977662012016836 11.088343840337005 -2.858044607558848
0.8875649555649767 9.102313390515594 -2.8560313022003903
0.9444421142273808 9.101645935646522 -2.8141292048644058
0.9698702990599166 10.551382251155495 -2.8064819617621932
1.037339887599718 12.141643674244978 -2.849812812140792
0.9725854900056358 9.565890660136086 -2.8100570683837622
0.9822365814819463 9.849738862111561 -2.8349039391874324
1.0481924347518643 11.84705613530954 -2.8783330866843135
1.0593476556399015 11.66355810866022 -2.866338069838968
1.0178214253767994 10.407646323692914 -2.824082061309369
0.8782994422691454 8.679200778959807 -2.8608617275809065
0.9695472151682355 10.920558813873358 -2.860804180940004
0.8833403994384903 8.649619215577095 -2.860979916731938
1.0420757495311785 11.325158304212266 -2.8668663064623954
0.905150940924327 8.528863072613076 -2.7900607712288386
1.0093216610687579 10.610520571161278 -2.8612491905824013
0.9785323105731702 10.951272680299665 -2.8274728287215867
1.0339228289801137 12.08478043215056 -2.8560022406951067
1.0321852864523335 10.752820870156345 -2.786378614386585
0.8486737875525621 7.919756856460922 -2.8260402492353762
1.0647920769643875 12.20310553573688 -2.8749857526357268
0.8805350591125196 8.43758789959535 -2.796016349543901
0.9293105107195848 9.709274833334836 -2.877477055619197
0.9948519019267893 9.964259364004 -2.7968411754461506
0.8725455784931052 8.436126814115648 -2.85462649388655
1.0088636920204501 11.24207615431916 -2.882348397214003
0.926126620984017 8.849794673701226 -2.790132613688752
1.008962343473785 10.229364881518272 -2.7952067158816662
0.9330593880463014 9.404886829657194 -2.8658366011124112
0.920985467741639 9.78478068200605 -2.870763777701905
1.0590859253604188 11.400135880020652 -2.787943630865544
0.9673738300923523 9.726106517674541 -2.8481532488006804
0.9498794921863016 9.505183699656369 -2.7811986022765876
0.9645339674687393 9.874812536639798 -2.8634033077627716
0.965382599093768 10.433876972193431 -2.881490137181868
0.910544273294477 9.481247609880079 -2.8211929928548027
0.94408169390379 10.36985860388727 -2.8488464298399983
1.1288192891083924 12.952658180712005 -2.841331219967969
1.0183814627256684 10.891629663600563 -2.784775133199484
1.0277296564470904 11.449770845098895 -2.8787907831457717
1.0066241027579093 10.217878077884219 -2.821962671196103
0.8940988280076928 8.620751825019928 -2.7917788231366973
1.0232009818091403 11.501787651100322 -2.8801305590747805
0.9380517553132892 9.550732316866851 -2.868528370021253
1.094294930826353 12.897471842654317 -2.8437783961060967
1.0361357139609597 10.76389107633653 -2.794426404962329
1.105293482824638 12.862206930314464 -2.822191227281066
0.9220107186319227 9.831850331337694 -2.8354683290294593
0.9825442216139415 9.79698501770733 -2.8209770259125966
0.9058132587865037 8.505853750181021 -2.802303971565129
0.8821422501450635 8.616315064137066 -2.856888372670632
0.9631818365515441 9.959699714003296 -2.785731750742471
0.9645118946912941 9.465506584138272 -2.796912372770085
1.0280418915711127 11.869241159371096 -2.8710638078313275
0.9373242025109672 9.00386177287969 -2.803841957956621
0.9535035375926588 9.783306939038932 -2.867276320273347
1.0136553733218494 11.517329937745155 -2.8224169045877554
1.0446104898608706 11.308310219792693 -2.787758435345075
1.0035052244697908 11.52516550562014 -2.8562359202753362
0.9460546048747548 9.981674317218651 -2.8772785897582804
1.0042020325658978 11.110715017506813 -2.8802386236788946
1.0286067001616135 10.794957192302347 -2.785889690614753
1.0874437636927172 12.549903599609326 -2.8651593110737084
1.0163497739715628 10.812135437566102 -2.8630619792977337
0.960367841701212 9.745613444011546 -2.8576037489865698
1.0108113603055804 10.325978250416272 -2.791578371403083
1.009368159672711 10.409666892098643 -2.785195097989546
0.9261797180347777 8.972183837721195 -2.7867165784452874
1.11625422028178 13.043498685510484 -2.841879891697351
0.9864330196094864 10.057171407140734 -2.8460679098408397
1.055496900128379 12.257369689324893 -2.868790158263392
1.116275287284039 12.598478229439575 -2.81210914165617
1.095053509327146 11.952021194636181 -2.8252047874837514
0.8809750173229483 8.184660777625819 -2.8167545938594793
0.8890061908235931 8.974849277109517 -2.8592896966057784
0.9365239690783783 9.008160370295991 -2.801766177745788
1.1247128605422883 12.841090687419408 -2.835585280360127
0.9922182863833762 9.992669708378054 -2.7924763558881267
1.0916485583369366 12.405321025582984 -2.8603521126400504
0.9132515320475166 8.781513971238994 -2.8373454028264873
0.9738736990325968 9.701533300910105 -2.827318127848207
0.977300764696893 10.520391020079295 -2.877929667529879
0.8729553028314332 8.163531263808633 -2.8297762417968286
0.9412359765963975 9.688413199050562 -2.7935629288788046
1.0682471577132366 11.738279587625989 -2.7940420159912804
0.9219574398607305 9.016141773215073 -2.7874710723756326
1.081980589500115 12.701952470819533 -2.850307803682358
1.0880939723327314 12.646492352748403 -2.861067775762052
1.0963530022341792 12.223189046393902 -2.847547664659878
0.8727489226780704 8.290189090023906 -2.8413706585170897
0.9482626327742267 10.286568763080254 -2.873402726941924
0.8838935756218574 8.648953892698433 -2.8547185763724867
1.1078731527255434 12.5106219634843 -2.809348549501067
1.1038275148926633 12.64860140275964 -2.855010571255985
1.0567493687537806 11.266869597332725 -2.7940091324948604
0.9398184279114198 9.92295038019422 -2.8750212578450975
0.9791233546445278 9.750288836085764 -2.817242705574982
0.9352070248425414 9.891675313409424 -2.8142661303665273
0.9723358924611879 10.719898201152233 -2.821734421506499
0.8717179369962635 8.503083742848766 -2.821892759865822
0.9116155566948927 9.406932388436699 -2.8163679131035435
1.1203274364608378 12.740113894260226 -2.8209117792755634
0.8614898288080174 8.073594172054184 -2.819118377141466
1.1060487970454966 12.906660320522809 -2.847657334854718
0.8619394666754812 8.158034299293242 -2.820137568343786
0.8891645635337955 9.053537511576808 -2.8450254131276576
0.8955456605228322 8.428533088947361 -2.8216027379786848
0.8971677702513305 8.447222699484762 -2.8004477913282066
1.0442641155878596 11.837209419837553 -2.8108628909107667
0.9795594383000015 10.79842410083109 -2.8772476560547355
0.9880847566874573 11.074203270709068 -2.828266545141347
0.876603405574161 8.549292470133905 -2.8494825674874997
1.0931172797834328 11.937752358844593 -2.8130088677369645
1.035393959326186 10.902346568488792 -2.790440657677699
1.1022437935302507 12.62312252648044 -2.8151010599701936
1.1124619820538664 12.880742527540727 -2.829072937767294
0.8917901515667127 9.032755753745569 -2.856289483959376
0.9887253992816101 10.114906895864232 -2.8447991052357318
1.1017568975001581 12.252001030247545 -2.837354836793794
0.9889688081946563 10.0798631303167 -2.840653984114006
1.1010773963442164 12.839911586523698 -2.834912275239353
0.9019255640437063 9.248149607341851 -2.824075575592509
1.115539730540893 12.919683435151184 -2.83646504345056
0.9315629850770362 9.56213500071926 -2.8685631152598567
0.9507006317276384 9.47446511232958 -2.8451898163762133
0.8765501711107848 8.191255243266749 -2.820738879073213
1.0280979473971898 10.883394511096325 -2.849793285596842
0.9394076074492781 9.55220744460015 -2.8634240081070215
0.9626432094289462 9.469035690818474 -2.806471831909514
1.0940034143937887 12.021339789578388 -2.830563769230421
0.980280957562796 9.910205064215878 -2.787470127979461
1.0467541772832893 11.763067293009081 -2.8710581017203616
0.9845221261438524 9.989094228122541 -2.838221871152741
0.8884761141287518 8.982775035179511 -2.834090443167013
0.9498325252874207 9.738183171893139 -2.790731550658534
1.1051662991417937 12.289991872365956 -2.815213047879033
0.925719991378749 8.873387561723096 -2.806340791080996
0.9689565479116069 10.666708966692624 -2.8731351160458183
1.0555336628963312 12.294472730483523 -2.855784868258203
1.0569421010012428 12.013015411129976 -2.8116885938383334
1.0484942627261624 11.296436735756352 -2.8504036072421144
0.9690457634026911 10.228978727243966 -2.7953787313636327
0.9455687296913385 10.277800841816461 -2.8651266770122708
1.0475008820432088 11.608677432711168 -2.866824701322715
1.0116429571709835 10.788455810041691 -2.8627560126574925
1.0044506064938317 10.370107205896037 -2.7882760227476036
1.079327892295813 11.695551568648135 -2.8264424588512735
1.0750802489507207 12.308388140003284 -2.8156145232243075
0.9134206420515969 8.699110845555182 -2.8137049512611654
0.994848519242958 11.287134735806895 -2.8593480041446586
0.9168401878100324 9.594481439891126 -2.8278818532047776
0.9436335920336941 9.233120758156884 -2.8273898889435207
0.9529384953791048 9.572870548138862 -2.7873085369870862
0.906400985065515 9.43197316864882 -2.843723868848607
0.9440221101267232 10.25977364962556 -2.841595890093111
1.0674877646751748 12.16375733564006 -2.8130459677169215
1.0996869738540225 12.79143923627297 -2.8406855874175334
1.0631933178514388 12.386674868912197 -2.852405879510882
1.0599275494710279 12.328494989296555 -2.8407420829379575
0.8721465632581628 8.28908139318613 -2.832593274456367
0.9407992222594685 9.723600278504009 -2.798831049105485
0.9310520230374821 9.303970108423771 -2.85458054166398
1.0007008810379379 10.256024350438157 -2.833917230045425
0.8992157312661931 8.811669423902439 -2.80081529316715
0.8988304798288889 8.499626660375029 -2.807903144224243
0.9858084683359282 10.069012476558612 -2.8425783791143346
0.9966963996967813 11.304885516614464 -2.8592046341813537
1.0934585335698164 12.637858709615616 -2.852314673663406
0.8806273672004974 8.582936052973286 -2.8154847185060157
0.921756809979194 9.413399853693855 -2.8647153342873035
0.9519055773766494 9.945436251541874 -2.869375008942729
1.0734233898911991 11.843529033480479 -2.8503374470687817
0.9415382923105441 9.154714775481933 -2.8045646485282245
1.1117949723378293 12.617083914723615 -2.8292258048272068
1.0482399431169176 11.812607503123354 -2.86851432810316
1.0719483448567195 11.833807908617588 -2.8512700796060186
1.04029397549225 10.904413213353347 -2.8156966551995284
1.0190889590314935 11.611994776759834 -2.8672109950157663
1.0552616188683144 12.094525070617825 -2.8222034030831438
0.9088659472939542 9.201808314919072 -2.810321095536869
1.073598899612024 11.620575335668402 -2.8286659994076793
0.9434921411872456 9.211485870181981 -2.819081786642862
0.9260057808984821 9.012215173998527 -2.8333197485916095
1.066801136019881 12.173091396803992 -2.8162086928282974
0.916734596182816 8.78153839194297 -2.816402572439044
0.9349263194505124 9.470078554463607 -2.794925877332041
0.8965165753379556 8.624288625171669 -2.837689744585923
0.9792932780421175 10.935820891578878 -2.8633670341721116
1.0215691928978767 10.613820000135066 -2.8284096607956366
1.0677754125678058 12.318336861738704 -2.8277682640417483
1.0121051301239188 10.455721553750116 -2.8304797932424632
0.996067117575782 10.09424249615066 -2.8077374182884745
0.933879720921707 9.878821076089668 -2.8666554495056444
1.0645718684810892 11.596550815775233 -2.799443591252996
0.9256001919622852 9.836078468632184 -2.8445640984321985
1.0154134517171296 11.207845117801925 -2.8054282569797273
1.0016734115827175 11.331677348933258 -2.8640158775172524
0.9350178587898937 9.783988741587986 -2.867559245201896
1.0144010056637538 11.585208431800037 -2.844773416786123
0.9255065659132887 8.935021455355937 -2.8179474837886875
0.9910708419328109 10.962210038436133 -2.872403272716451
1.0103964632606153 10.408541323811091 -2.797651503252678
0.9888427049384839 10.568256493410077 -2.7972044447728406
0.9604504749914937 10.559095531453389 -2.8599862474054922
1.0863247803975293 12.564977170995688 -2.8488078380476463
1.0935087349540398 12.373989000682853 -2.8471597052101996
0.9803550734825105 9.939421972945267 -2.792274722265053
0.8921796941044537 8.830320254103079 -2.8494915417939475
0.9923731893656634 10.33903660564699 -2.7900711849660382
1.0942296059441197 12.451075409217413 -2.847955430855626
1.0271783850550895 11.426955399406017 -2.8696050627683105
1.0527756596629267 11.983669479296518 -2.8648862716390173
0.914468840264338 9.428389043633477 -2.8603908548142227
0.9017399638300372 9.237511007305153 -2.8354730625051086
0.929010711873091 9.057429389254267 -2.8302275310448826
1.0809360795079916 11.793961519168903 -2.81358861641068
0.8946622709645392 8.537282750001342 -2.8265607097606753
0.9314687785693141 9.872291574653692 -2.8625889541076335
1.0343924603322032 11.150936854003419 -2.8546805321110416
0.9097632786149423 9.39763197509287 -2.830544158480314
0.9655291320063192 10.464315438158314 -2.817900254219823
0.9193493943758912 9.051956466645997 -2.796427700556591
1.05341351114765 11.970095101726844 -2.86437021827017
1.0932167902770609 12.219399853852138 -2.839097909488787
0.9650257725050524 10.11470226477573 -2.8656255656952485
1.0145141722357258 10.844182984762456 -2.7934966540009922
0.9573810074193758 9.481400170433474 -2.8223329121922296
1.0535794019076419 11.440001325538033 -2.847728664937627
1.057818086422148 11.82670505571629 -2.8608794178168964
1.067282683952834 12.354828855767805 -2.8400540435973958
0.9767081700454876 10.120508713347084 -2.8558605060819624
0.9804144559633046 10.653712862946534 -2.8714796902156365
1.0381122007969201 11.470770255914516 -2.8028458603125865
1.067743606686578 11.528343464191149 -2.810073022396033
1.0859292482349734 12.502022995830819 -2.848896301082406
1.0780421022383357 12.3043918893721 -2.855190429936116
1.0121204697621147 10.75752976311414 -2.8556853692810638
1.0303246370591934 10.766180009105929 -2.8064184150639537
0.8948935527427136 9.024147236702705 -2.831963693464118
0.8838863920486042 8.518186533946672 -2.8160768147457462
0.9206736625087192 9.076392983636552 -2.7974303688294926
0.8830833777305619 8.440812733998257 -2.820396811271486
0.9833893553985467 9.933092900570669 -2.800031670036322
0.9114841378936213 9.36018976517567 -2.8561223011937216
0.9738153592517195 9.796041688099875 -2.797476905901465
1.0766164218608856 11.733387035885238 -2.823336971029849
0.9624679990694693 10.448759338818396 -2.82433404988846
0.9533327404938414 10.374418264294883 -2.8402093273813005
0.8951845867118247 8.789918839462775 -2.811796890119771
1.0385545379468168 11.278865330165742 -2.7981366909499297
0.9559501284416712 10.438113411320282 -2.8429763201422142
1.0620447645344575 11.577187203088798 -2.842664662476161
0.9807494347982133 10.30086131828401 -2.860676176442211
1.028189893876334 11.550200675549092 -2.8171823335817603
1.0412516350092769 11.135028536422716 -2.8407103380926557
1.0445972546172257 11.443604182668341 -2.800814035259921
1.0458261266298927 11.117215760377164 -2.8271449083424347
0.9275256482151656 9.002658899884034 -2.8107198376902764
1.012335102364666 10.53960775684773 -2.834905105574219
0.9662053511468788 10.438575883937471 -2.868213265939235
0.9461886269082659 9.570485446462778 -2.8505691292493838
0.9174056452357536 9.413259499645873 -2.8176230838311613
0.9709321124895652 10.44210774392251 -2.8686522599065665
0.9289532783599705 9.288015020422351 -2.798385624557284
1.0891467747224104 12.490870231874464 -2.833327604413392
1.0344181490426374 10.967817520281638 -2.8363231497771144
0.9505326815637877 9.665301002507057 -2.852101320067577
0.9034081297813278 9.055847111058544 -2.8162058316896585
0.8854082801966074 8.593463831589602 -2.8290536016241714
0.9129310871246168 9.437568570190619 -2.833287629225386
1.0329706343288856 11.76755068582566 -2.860415942496899
0.9375010258445383 9.283804346466862 -2.7972265094471958
1.015243034217254 11.042715246699071 -2.8016041068103616
1.0211366444495398 11.607924204603961 -2.858797342360563
0.9839158702662565 10.586695007366039 -2.8673347936656164
1.0738635283951736 12.198848396686147 -2.8208459967151387
0.959472559720967 10.292005268723909 -2.866130159551716
1.0831944440977892 12.134974547349831 -2.8162995082497466
0.9945760399906943 11.143856734530916 -2.8392295957804228
0.9797102535699344 10.657774911933826 -2.8677502304406848
0.8977543745232799 8.999195026379219 -2.843504816626968
0.9106781249212971 8.923429612150457 -2.804835854783773
1.0814501751538774 11.951579124335098 -2.83092069807795
1.0494108219184635 11.222992371976495 -2.8276013011266365
1.036613440298068 11.343255985844031 -2.85726349990205
1.0137689096529496 10.499975799922721 -2.808941872392491
0.9507467689699158 9.433814963340557 -2.80187965090494
0.9973835334122033 11.203403698170403 -2.843626619773449
0.9305467762767401 9.27819409954876 -2.8443467783239162
1.0604832068292487 11.856933407344675 -2.8114520132062952
1.065838946984185 11.725027561939928 -2.843105209504211
1.0432916142383815 11.324889625441664 -2.801546356844303
1.0075434794785318 10.747853616355668 -2.7975812960270954
0.9634507797737994 9.742837271876049 -2.79645388005898
1.0459791643788665 11.987161097257397 -2.8423195244424253
0.9990257383496448 10.692729210809471 -2.800122463200071
0.9968050994492222 11.183781805444873 -2.853701303798697
0.917839950395448 8.91056801178388 -2.8172070416856076
0.975886845971055 10.666283844445795 -2.8244965123983397
0.9006670467277937 9.080883510034202 -2.836883162876724
1.0816980251677895 11.985219941362578 -2.828233089526809
1.0667102332646672 11.755304398788077 -2.842142401294628
0.8974111968385111 8.93633956710308 -2.838115334908572
0.9825797607924623 10.625789504429566 -2.811686638180902
0.9183822641065331 9.086007429602656 -2.804849796827793
0.895507855330489 8.864255602184564 -2.8352313391460653
0.9441308647094909 10.037226392745522 -2.8595671195993404
0.9109545202196061 9.345014043080326 -2.842591736446745
0.9339162802869831 9.183703347003151 -2.805719098583973
1.0427809164704476 11.23458919124461 -2.841275432980801
1.0111098553773212 10.50377620175456 -2.8257890881981345
1.072740797908733 11.829595211276239 -2.8146872748791987
1.0235304382416477 11.216673695370197 -2.8063992164511746
0.9484332486231218 10.194682714373723 -2.8543763461242664
1.02605441772642 10.85200564123494 -2.8021042515751216
1.0425859424897614 11.0958018416538 -2.8219047842663145
0.930513362117627 9.817447848482958 -2.843045166657588
0.9453200135062167 9.668925693822247 -2.8531372650784657
0.9052081244605152 9.172992159989489 -2.8380967313412584
0.9866201373373578 10.829125155980329 -2.822399353317618
1.0270885921800985 11.549853198729714 -2.824429709703893
1.0180438676524715 10.612396492186347 -2.8167478643276684
0.942036803090136 9.382281549627592 -2.80142225547022
0.9180341977385531 9.286476901888278 -2.8500263874986627
0.9701556620798237 10.504698262069095 -2.863153395358113
1.0046598179437896 10.86616556862775 -2.8609711321868234
0.9977711889728311 11.011648299400777 -2.863621227233476
1.0477455098458137 11.222690731088809 -2.8233795935908104
0.9720106497392311 10.578631357198223 -2.82650690760357
0.989811811649966 10.636459803407845 -2.806746950728084
0.9660224964923482 9.937963943068482 -2.8482582622075885
0.9320435916806279 9.253933914638448 -2.8353067776866467
0.9689572785011851 10.56920038294921 -2.8330340627698796
0.9348225458313407 9.718538057181753 -2.818152530490032
0.918387210060082 9.124215008917572 -2.840273453132463
0.9634407807181473 10.424135912875254 -2.828745590423641
0.9925067451769718 10.765434642218594 -2.862973266309866
0.9249824678134555 9.317511756452431 -2.847190779781537
0.9088601106815991 8.884270610925505 -2.8262489885355917
0.949927597110422 9.443200237139207 -2.817810905948119
1.0474899891990557 11.910265691606307 -2.8339617024567527
0.9448703129090907 9.590828674989606 -2.8024158207041365
1.047548716690264 11.931839740121768 -2.840083817263376
1.0724037913392586 12.137839774449377 -2.8413659626939993
1.0220989330062238 10.900285784329636 -2.844004900736925
1.0317651118385167 11.03708530666519 -2.804297746228027
1.0051399716107265 11.265837179379048 -2.8527282329367827
1.070488330301105 12.156261198139848 -2.8364245295065995
0.9467735216452046 9.937569931586149 -2.8163331648876873
1.0245274833194533 11.072831800829237 -2.8039604343223488
0.9520212353901405 9.823639430603574 -2.8532753763158962
0.9735832301962167 9.861544280781173 -2.8069311561254704
1.0551421924517492 11.544949226363771 -2.8401086075494435
0.9650622250869472 9.914882291511875 -2.8461680149314517
0.9298758643288205 9.462979727955398 -2.810839478228004
0.9552024572320055 9.70755995049838 -2.8423993811711865
1.0466293394649053 11.888711046266595 -2.848119456879256
0.9674254648154323 10.518290988914021 -2.8562076301854744
0.9888690306349994 10.40084486370361 -2.800882860103057
0.9317547727020936 9.195270366216436 -2.8115958581711817
1.0360355244057173 11.285988114375225 -2.849333573034028
1.0160409787955893 11.003923356691052 -2.855396962171353
1.0129952874814094 10.704917775432024 -2.8407578996015155
0.967039679356053 10.064709465904615 -2.85278213680687
0.9683711253826148 10.531041574994106 -2.8332225262130963
0.9799418037110419 10.265559309042548 -2.8018182102594933
1.0271127384123744 11.492947893449754 -2.8572514624160634
1.0543674717574985 11.57124485926248 -2.8122834210524954
0.9611598325142439 9.802823145334221 -2.8411129901266676
0.9212718783829371 9.454057438239852 -2.826321097535479
0.9769262540377689 10.73579902699407 -2.844239987686837
1.0030304394188396 10.547456454051584 -2.8017617758875133
0.9785737449562728 10.767079108711423 -2.8466818581311695
1.028204842428026 11.539948261676804 -2.8277122655527176
1.0004772579159662 10.570710506155477 -2.802571455538133
0.93798107533258 9.800208303045205 -2.8238325672948483
1.036746831661475 11.062654614379579 -2.8233506541262017
0.9453408754600963 9.774571722545002 -2.8523502383594495
1.0045762020243174 10.647683123877353 -2.8467179212365776
0.9581807136904273 9.650271714815682 -2.826482650120181
1.0316917689340925 11.133521486676623 -2.8436134964761566
1.0217992703235632 11.404786177895874 -2.855806070668523
0.9261550446011629 9.154301280474076 -2.821821280859719
0.9850531317521911 10.430601367096564 -2.8055242661124034
1.005994297026504 10.84520276001588 -2.8549052529780754
0.9616075426324624 9.687260707884233 -2.819714715408612
1.0109858675008292 10.994109880129352 -2.8108263318442948
0.9737690675619854 10.13095694313903 -2.84784109599437
1.0319042673799346 11.573448208818801 -2.8282923021920325
1.0036837800180982 10.963225506550783 -2.8157664878018025
1.0219505460246052 11.022407114036174 -2.8070920724873734
0.9960873566890799 10.299585428039288 -2.8209287378954775
0.983321121529686 10.376587859875432 -2.805847020889928
0.9883400957568234 10.898496595593107 -2.850188296082623
0.9930323310900369 10.459883347711832 -2.846584479026089
0.9435116791369325 9.426420096266847 -2.8216808201324644
0.949911522309157 9.666410067309464 -2.84078904322602
1.0625828334109908 11.893985442315499 -2.834583038256362
0.9244613265489394 9.502049940385625 -2.839941990191258
1.0336259057486248 11.09550411792493 -2.8338452315844656
0.9820273661209283 10.200914032214284 -2.8409499876063258
1.0548564842842683 11.537841251581916 -2.824868420125333
0.943028933301222 9.51078845813935 -2.809535050098006
0.9761662161317137 10.267929093440456 -2.851268867748547
1.0375364025407903 11.189351986001634 -2.8340869282768155
1.0506035183036142 11.496470767234833 -2.818259103690763
0.9898615849904222 10.82030071577067 -2.855400732162846
1.0075845744408387 10.53401815998008 -2.81517240035268
0.948469154802129 9.672532795091197 -2.8415300905747527
1.0079707289424544 10.941886580696524 -2.854044106217974
0.9828931485603558 10.186723713438193 -2.806042333536271
0.9602407883276842 9.869044641872534 -2.8423905807035545
0.962490457059555 10.209849974933736 -2.8191457834502405
1.0423320625940726 11.722168762404445 -2.8375524018021716
0.9718510092177818 10.180268080863268 -2.849633728374628
0.9308590397373261 9.485818043971534 -2.8187001253156425
0.9484143989362153 9.961723352813225 -2.8503610719688446
1.057458471679755 11.731627037694224 -2.8273864876414665
1.0357802365602968 11.117940863870444 -2.8195287046919946
0.9798752993451318 10.609958635587612 -2.8246508629306897
1.034645781449767 11.27515095705161 -2.813601879037201
0.9562554172512406 9.971269686733738 -2.8135125519960886
0.9652865611013655 10.1857653530005 -2.8525056728408065
1.041168352321558 11.577510416240465 -2.84594412295774
1.039880586625179 11.641246271727553 -2.8440548505869137
0.9920033928538236 10.904800037062907 -2.8346501487595797
0.9475881893240208 10.024358806955812 -2.840773348676519
0.9594420068404197 10.24685315148706 -2.848484993355608
0.9736325858951732 10.501926113147379 -2.8512053194764926
1.0079872453573973 10.690040004167153 -2.8099281689096527
1.027682643906585 11.348825348388598 -2.82208614262628
1.0403409705051303 11.38207314933125 -2.8378856733768063
0.9513918529255703 10.018146045543201 -2.8273561243024785
0.9346005157620807 9.563907502937298 -2.8233390854795273
0.9701191698168616 9.929496223917429 -2.8251668067810005
1.0078290641687677 10.756584089637096 -2.842364896539774
0.9715137057732827 10.26310673628858 -2.8150603489243693
1.0045058174570451 10.585154168234522 -2.8327180586899217
0.9867911116348281 10.21721922941259 -2.8246442895935426
0.9897806729261871 10.508409146868859 -2.8115689775719543
1.0094519023402209 11.128292609863673 -2.8489768723446214
0.9445490286103914 9.74214773654615 -2.8416501799115026
0.9523904864934986 10.047075747617738 -2.830552814749093
1.04196400684101 11.444330530023509 -2.8348080361295427
0.9947322799640737 10.714584823066179 -2.8500084790492712
0.9910247827112489 10.419880940664687 -2.8111927167030366
1.00371174728883 10.640668957871862 -2.8376786680515806
1.02491452803982 11.037074078208766 -2.8172151962012095
0.9633161535450951 9.839000440248743 -2.8218593860879277
0.9703410436630742 10.393890011413466 -2.828593326675098
0.9752366390617246 10.07258897574784 -2.8304437787747716
0.9518540740201156 9.910913089135608 -2.8434195586102557
1.0141023931791509 10.857169511665214 -2.815180915259039
1.0291052183240985 11.186692096024908 -2.8371680228576897
0.9800412433039651 10.163767846574194 -2.8300454789234113
1.0102682251509112 10.899544656571756 -2.8165881985695727
0.999463994221442 10.942386948153207 -2.844342537246814
0.9855411647595113 10.557419691493692 -2.847131765336516
1.0009977391991713 10.899797641813654 -2.845992528465943
0.986527951022699 10.293859402302648 -2.8184563778657603
1.0047418638517172 11.01627193856689 -2.8353124354934884
0.9691870359020403 10.096464936691046 -2.8170118170830873
0.9515278247103105 9.78432456449126 -2.8251188930925055
0.9541425752474493 9.981452403362573 -2.831909816980281
1.0068036597196264 10.70983824539443 -2.8216919772665596
1.0152685047800802 11.05402593923082 -2.825424397347901
1.010537343841929 10.828199520259995 -2.821438653692386
0.965883798897438 10.094557745559374 -2.822336303888693
0.9835953688782818 10.58740398100741 -2.832605934077754
0.9764251996248925 10.251632865291361 -2.836955615950519
0.99484492331265 10.67691886306608 -2.825620413322387
1.0004274927746641 10.810781524319824 -2.8368988521759544
0.9991798760111005 10.72761111553062 -2.836351995924966
0.9913985234821874 10.644398812995439 -2.8353271193944947
